#INPORB 2.2
#INFO
* RASSCF spin density orbitals for root number  1
       0       1       0
      61
      61
*BC:HOST dzemail-jasarevic-compchemp-comp PID 257106 DATE Fri Feb 13 17:18:18 2026
#ORB
* ORBITAL    1    1
  5.33587536502444E-05  4.18463743069244E-04  2.22814919668350E-03  9.57109637252659E-03  3.48661304305501E-02
  1.06158011618354E-01  2.45915914976883E-01  3.86693208723944E-01  3.12138938840680E-01  6.52951493275377E-02
 -4.69147970233633E-03 -5.94494496847288E-03 -2.87458075079795E-03  9.23408393406278E-05  1.32771935851689E-12
 -3.25149052519258E-11  6.81379427721310E-12 -1.02871559838260E-10  1.54779699847922E-11 -2.00011252619271E-11
  3.58601700476007E-11  7.21838014401735E-12  2.80970203173327E-12  4.21958785006193E-12  1.12868954101146E-11
  1.26125676461467E-10  1.33712032925175E-10  9.27742241070007E-12 -3.79518735657699E-11 -7.24224397328838E-11
 -2.30713237426117E-11  5.08649357330419E-12 -5.13957396470483E-11 -8.32579477561166E-11 -1.25133984275595E-09
 -1.65210645365369E-09 -5.73997389865213E-12  3.42582827178515E-10  8.73093549810287E-10  2.30032829248705E-10
 -6.05882948088359E-11 -2.55059239077324E-13 -5.48928178088250E-14 -6.88396461903897E-14  2.85074320212796E-15
  8.61524534113425E-13  1.38478522989206E-13  3.99428728680627E-13  2.69912167904469E-14 -2.48397428379529E-11
  2.72275508972271E-12 -7.59641255040185E-12 -7.28515892243976E-12  5.57762240607797E-13  1.59710701167722E-13
  1.89535830378544E-13  3.32073854108089E-13 -4.25303259843095E-11  5.03485879029656E-12 -1.29289936463208E-11
 -1.24698353597552E-11
* ORBITAL    1    2
 -9.37852358934943E-06 -7.35843317565257E-05 -3.92228719131523E-04 -1.69247004473665E-03 -6.24131801107937E-03
 -1.96414742039631E-02 -4.89206823420769E-02 -9.30027402879867E-02 -1.30296891154240E-01 -6.12534092600630E-02
  2.90108981053905E-01  6.24164235864106E-01  2.31490840011237E-01 -1.91648809674048E-03  2.11714003289518E-11
  1.00647072419586E-10  6.16007250774612E-10  4.75930422619543E-11  5.01834780805639E-10  4.57511230336486E-09
 -5.91225480095344E-09  9.30189871163660E-10 -5.26722935770283E-10 -2.07988804980871E-11 -2.81892147878426E-10
 -3.99981263354253E-10 -1.70840947554756E-09 -3.34346723689067E-09 -1.14172289832787E-09  3.81449039489789E-09
  2.32522427359559E-09 -5.52909251383604E-10  2.25147367136999E-10  2.92756620637602E-09  4.63924564052313E-09
  1.71318641239241E-08  4.00500710107629E-08  1.25417398147542E-08 -4.66995136912318E-08 -2.47176053165885E-08
  6.32955903313790E-09 -2.76187611397948E-12 -2.47904050660597E-12  4.15693119179078E-12  2.80011175772979E-12
  9.04394074617618E-12  7.67738053994915E-12 -1.25262915864413E-11 -9.07629272080867E-12 -1.24135663773602E-10
 -1.74278835653084E-10  2.60202607418837E-10  5.71596283985269E-10  6.71892021034027E-12  8.54302810463911E-12
 -1.36758973304587E-11 -1.80268384385210E-11 -2.06103117195788E-10 -2.91862681776088E-10  4.31978974678379E-10
  9.83267114974155E-10
* ORBITAL    1    3
 -1.19186295769413E-10 -1.10832140931745E-09 -3.01282015393417E-09 -2.82641580108036E-08 -4.42146259223449E-08
 -5.12485718360251E-07  2.58475269921104E-07 -3.20055918913761E-07  8.38350217957283E-07  4.95107844817591E-08
 -1.17768290060585E-06  8.24972412519048E-07 -1.30912471903712E-07  6.63280669701136E-08 -5.31318147742265E-02
 -3.90039367164583E-01 -3.02809583299120E-01 -1.10663623282031E-02  2.85311612909806E-02  7.08607676693033E-02
  3.42682068160940E-02  1.59412978469068E-03  6.94895862580356E-06 -4.83512114144629E-04 -3.54945158410441E-03
 -2.75563943068516E-03 -1.00706424247441E-04  2.59639977118423E-04  6.44849901050147E-04  3.11848737979298E-04
  1.45069153432617E-05  6.33366522720829E-08  5.89606250903728E-02  4.32828524002392E-01  3.36029220899736E-01
  1.22803950196090E-02 -3.16611641958988E-02 -7.86345273242773E-02 -3.80275908140526E-02 -1.76901326521837E-03
 -7.71099481821665E-06 -2.89275835064520E-10  2.90353956042108E-10  6.10332791735807E-11  8.42349287992602E-11
  3.53543729007872E-10 -3.45830392448583E-10  5.91075859252255E-11 -5.19854549679651E-11 -3.77973419123586E-09
  5.27397775656146E-09  3.10806439325547E-09  1.74662809056238E-09  2.38683711512708E-09 -3.69251428365263E-09
 -1.96919980826282E-09 -1.62057221305644E-09  3.67502078308068E-10 -2.36703431660131E-10 -1.24409678718432E-10
  1.81181544542069E-10
* ORBITAL    1    4
 -1.15065665280003E-10 -9.47876491503940E-10 -3.30982937723386E-09 -2.30988790244022E-08 -5.53403327473360E-08
 -4.04636701089267E-07  1.24101260451276E-07 -3.06690601867991E-07  1.12266322206339E-06 -5.87083823126616E-07
 -4.80800403817618E-07  3.67568061441960E-07  4.75443835177732E-08  3.80554932549304E-08  5.89624172239313E-02
  4.32841677909806E-01  3.36039435255621E-01  1.22807675052939E-02 -3.16621268580714E-02 -7.86369182832911E-02
 -3.80287461686867E-02 -1.76906748065606E-03 -7.71118826662651E-06 -2.33933412512482E-04 -1.71729994980868E-03
 -1.33323679475500E-03 -4.87239168217767E-05  1.25619348359802E-04  3.11992053163659E-04  1.50879043072175E-04
  7.01875333450869E-06  3.06429588548538E-08  5.31315111084263E-02  3.90037138388563E-01  3.02807853511193E-01
  1.10662994701891E-02 -2.85309987262514E-02 -7.08603629227628E-02 -3.42680110704408E-02 -1.59412096586679E-03
 -6.94834077770383E-06  3.22331414454844E-10 -3.71200003931983E-10 -2.75443973931392E-10 -1.14054323033825E-10
  3.08831742876485E-10 -2.77809533453354E-10  1.16372618339580E-10 -4.84756534328982E-11 -2.98592759193682E-09
  4.41859198190469E-09  2.47394368089466E-09  1.80994245945489E-09 -3.45395305350190E-09  4.69186379860076E-09
  2.88637822811886E-09  1.48378609703211E-09 -4.03567202861669E-10  2.57757546725051E-10  1.35980368179626E-10
 -2.02625051507064E-10
* ORBITAL    1    5
  9.94989153831605E-12  1.11813050514691E-10  1.52330030877292E-10  2.99898305879578E-09  8.97805763188332E-10
  5.42586840272260E-08 -6.48718854645544E-08  1.11137038023883E-07 -1.68174421012704E-07  6.29290473073543E-08
  7.63712512828790E-08 -5.95726611424628E-08 -1.49646934482955E-10 -2.04619489082713E-09 -1.49891485127626E-04
 -1.10034964903936E-03 -8.54263977389531E-04 -3.12195817648282E-05  8.04900970587142E-05  1.99907207896634E-04
  9.66748859553700E-05  4.49736650549807E-06  1.94553883537526E-08  7.93680563915640E-02  5.82638997843938E-01
  4.52335714588520E-01  1.65308455863387E-02 -4.26197058446930E-02 -1.05851567706455E-01 -5.11896541420283E-02
 -2.38135179672389E-03 -1.03398096279821E-05  5.15792018281790E-04  3.78641632284596E-03  2.93961027503121E-03
  1.07429744454045E-04 -2.76974627064008E-04 -6.87901300861670E-04 -3.32668211363895E-04 -1.54759233141330E-05
 -6.69095810733261E-08 -5.45849908195181E-10  3.49714493514266E-10  1.83401212565803E-10 -2.71903640359425E-10
 -4.16072670645104E-09  5.95454330412107E-09  3.46315577629648E-09  2.18657741056943E-09 -2.85304029580134E-10
  2.52852810720862E-10 -1.82599929022158E-11  1.21787032726614E-10  4.97104602845884E-12  5.21107585898005E-12
  3.68272027132936E-11 -1.08408476786792E-11 -4.33083559658515E-10  4.70153227859864E-10  2.45457769012899E-10
  1.41111195136569E-10
* ORBITAL    1    6
  8.50162057111309E-05  6.94339668183395E-04  3.53895370660228E-03  1.70241936471244E-02  6.85078439384329E-02
  3.42042534127547E-01  7.40912653832811E-01 -1.95118605600203E-01 -7.92375115064027E-01 -1.80694191572463E-01
  7.98828108584671E-02  1.93460711706811E-01  6.99203248315360E-02 -2.66575841602347E-04  3.40546902994819E-10
  3.45059901721340E-09  3.02790710012321E-09 -4.80039758117459E-12 -1.80885936784674E-10  9.96710007771402E-11
 -2.07730466189944E-09 -4.25155739201975E-10  2.60729058849448E-10 -2.04049461581422E-09 -1.65928451350562E-08
 -1.62498901902997E-08 -5.67903006315749E-09 -1.40879082111420E-08 -2.99364644030265E-08 -1.52050528493749E-08
  7.12415896220104E-10 -4.19636677758482E-10  3.08601032147648E-08  2.52891511385883E-07  2.54059664972316E-07
  6.66234982010814E-08  1.49342782372319E-07  3.13406880878721E-07  1.58606664597001E-07 -7.05833246943195E-09
  3.87341416655572E-09 -4.21210996400070E-12  4.30542153981727E-12 -2.37064220322208E-12  4.31726997354382E-13
  1.43015647144883E-11 -1.47690410236047E-11  8.90758670786771E-12 -1.70581173863352E-12 -4.16892794429102E-10
  3.47340274143416E-10 -1.75307623066717E-10  3.58601351975718E-10  1.06461753100320E-11 -9.77198380515010E-12
  4.13378329744597E-12 -7.78651734279238E-12 -7.11182734734773E-10  5.88700416370260E-10 -2.98133852003263E-10
  6.21123870882517E-10
* ORBITAL    1    7
  1.69594384228135E-12  4.72983789785981E-11 -8.61413721191172E-11  1.49715511716510E-09 -3.12582568695705E-09
  2.70616408560349E-08 -5.21156378855059E-08  1.42670671976351E-07 -7.40178508198437E-08 -5.88417414582817E-08
 -1.49113452545681E-08 -5.18106835812569E-08  9.61875716738923E-08  3.12923220251295E-08 -1.29454460874443E-06
 -8.21146598286063E-06 -2.33980207629631E-05 -5.65832850383484E-05 -2.53042669813162E-04 -6.09130549405022E-04
 -3.38366267050775E-04 -6.63348528383857E-06 -2.32576050684679E-06  1.14714382495031E-03  7.27652935629841E-03
  2.07339784573632E-02  5.01406434660946E-02  2.24232015455740E-01  5.39776725264542E-01  2.99841006038379E-01
  5.87816598971433E-03  2.06103846895391E-03  4.21661874735010E-06  2.67465425166982E-05  7.62125236457786E-05
  1.84304203241584E-04  8.24215756928811E-04  1.98407240625631E-03  1.10213352353909E-03  2.16067390094312E-05
  7.57547755193560E-06  7.31123730359069E-10 -1.20830459780465E-09 -1.61406743114343E-09  1.07328379123952E-09
 -2.85287138672574E-09 -1.63153170313919E-08 -5.16997360636417E-11 -1.75980832210602E-09 -2.00926343658477E-10
 -6.69138124676005E-10  2.63816116619844E-10  1.90252550931028E-11  4.79451266093442E-12  4.38986923975087E-12
 -7.79223216105943E-11 -1.36064646345225E-11 -3.37383171323385E-10 -1.11240631352756E-09 -1.08005671671824E-10
 -1.06266731927391E-10
* ORBITAL    1    8
 -1.76403166165539E-11 -2.32953051253704E-10 -1.28154012094043E-10 -6.82505405496624E-09  2.19917130038082E-09
 -1.16861997702997E-07  1.69545577697184E-07 -7.59094644263087E-07  4.26127841753940E-07  1.32310423971165E-07
  6.66124903331226E-07  6.61643561928317E-08 -7.26906365450808E-07 -1.70823192374440E-07  8.71797401065186E-04
  5.52997022505942E-03  1.57572671257129E-02  3.81055283212615E-02  1.70410391954574E-01  4.10216022689681E-01
  2.27871250674787E-01  4.46724363267079E-03  1.56636008089399E-03 -1.75680048348936E-06 -1.11437892988103E-05
 -3.17534096199632E-05 -7.67884615662448E-05 -3.43404581747654E-04 -8.26651746865621E-04 -4.59197687359350E-04
 -9.00218748258485E-06 -3.15656854985748E-06  7.45600384639407E-04  4.72947969607954E-03  1.34763244878039E-02
  3.25895640220970E-02  1.45742643802425E-01  3.50835222347637E-01  1.94885759142806E-01  3.82058802750129E-03
  1.33962157372125E-03  2.57034238455586E-10  8.58813279073676E-10  1.88108590150371E-10  1.42687719228366E-10
  2.15640604197167E-10  7.24368684181152E-10 -2.06404278896917E-10 -1.52878279344276E-10 -2.45928637941441E-09
 -1.16940040163232E-08  8.58283425086272E-10 -1.71939625224123E-09 -1.69849039547783E-09 -1.31995167578618E-08
 -1.25216799167228E-09 -7.93172476237436E-10  5.56455032105008E-10 -9.15773520687007E-10 -1.22672819081095E-09
  8.15871986627552E-10
* ORBITAL    1    9
 -2.00037177458868E-11 -3.34438938311955E-10  2.30114809983231E-10 -1.01984731618754E-08  1.39398344936363E-08
 -1.80326318454894E-07  2.54609917789876E-07 -8.09369830898272E-07  4.44565040704505E-08  1.05738552126773E-06
 -1.90314237166816E-07  6.12388265445862E-07 -9.52686536453627E-07 -2.07493112447247E-07 -7.45601316935845E-04
 -4.72948565330766E-03 -1.34763416230785E-02 -3.25896047138953E-02 -1.45742828876863E-01 -3.50835667273393E-01
 -1.94886006763818E-01 -3.82059279357923E-03 -1.33962370528633E-03 -4.04583190439267E-06 -2.56636290282433E-05
 -7.31266602759049E-05 -1.76840298474940E-04 -7.90845038813886E-04 -1.90374108830671E-03 -1.05751124220537E-03
 -2.07316166526896E-05 -7.26942671520801E-06  8.71788896598820E-04  5.52991682436888E-03  1.57571143823620E-02
  3.81051583375478E-02  1.70408744609283E-01  4.10212057536998E-01  2.27869049150893E-01  4.46720042311675E-03
  1.56634514882699E-03 -2.18564081135582E-10 -7.07374276849594E-10  5.37544087965015E-11  3.37063874850542E-12
  2.58764069861214E-10  8.89950714198711E-10 -1.31774953769629E-10 -1.46953371846981E-10 -2.23105383169246E-09
 -1.47939727571994E-08 -8.01600320331018E-10 -1.15465509487581E-09  2.40528640750152E-09  9.67483805092677E-09
 -1.38510730005467E-09  1.77942748181322E-09 -4.74236727173837E-10  7.88335679832026E-10  1.04989088499199E-09
 -6.96767566286949E-10
* ORBITAL    1   10
 -7.17662609678979E-14 -3.37915756297755E-13 -3.51998104738556E-12 -5.98898725207291E-12 -6.81692807486973E-11
 -8.95394318747246E-11 -1.01947608964859E-09 -8.99176683349328E-12 -1.23002400083440E-09  1.63845459492229E-08
 -2.35196865398804E-08  3.86872946381920E-08 -1.36973602858328E-07  1.62365528242940E-07  4.76029205147117E-07
  1.12496808816573E-06  2.15369788687670E-05 -2.42728277307530E-05  9.25886240373257E-05 -4.22048006095035E-04
  6.78369268630147E-04 -2.32944471303495E-03  4.73316625098925E-03 -1.36259928340347E-04 -3.22013656773547E-04
 -6.16480556946340E-03  6.94792668157534E-03 -2.65028337082684E-02  1.20808239844782E-01 -1.94178379057969E-01
  6.66786969859214E-01 -1.35483517009076E+00 -1.69394797748404E-06 -4.00319410607107E-06 -7.66392516225297E-05
  8.63747614919059E-05 -3.29476245737346E-04  1.50185613069543E-03 -2.41397430879127E-03  8.28931964225782E-03
 -1.68429530527740E-02  7.46107254069895E-12 -2.05310682166788E-11 -3.99721415167300E-11 -6.58647523117492E-11
  1.26087331720026E-10 -7.98692203328689E-10  1.14846630428104E-09 -4.97324786889491E-09  8.43297778300604E-12
 -4.54965273606038E-11  9.03923154957220E-11 -2.58547377433710E-10 -4.21561123159958E-13  1.94990610256530E-12
 -8.62218143466342E-12  7.45005248812975E-12  1.08503920097437E-11 -6.30948718250131E-11  9.69655451811040E-11
 -3.88623513927233E-10
* ORBITAL    1   11
  4.82735944016882E-13  2.27099208578727E-12  2.39079023190946E-11  3.98156401183493E-11  4.65998923177177E-10
  5.87071963902294E-10  7.01065676677075E-09  4.94192419703719E-11  6.44825067815422E-09 -1.05280307421433E-07
  1.51069593408142E-07 -2.44671904071219E-07  8.87405801445074E-07 -1.06041253962942E-06 -1.20621946681164E-04
 -2.85058995486982E-04 -5.45729438669573E-03  6.15052188703949E-03 -2.34611849066712E-02  1.06943412956659E-01
 -1.71893045760186E-01  5.90261707148394E-01 -1.19934444653824E+00  3.66831656154349E-07  8.66913639551678E-07
  1.65965496952149E-05 -1.87047524055524E-05  7.13493915408632E-05 -3.25232763114464E-04  5.22755434715208E-04
 -1.79508437602622E-03  3.64740658125607E-03 -6.34045496467037E-05 -1.49840352568583E-04 -2.86860978486009E-03
  3.23300289986299E-03 -1.23322989828535E-02  5.62144734442955E-02 -9.03550466599445E-02  3.10269235905765E-01
 -6.30431690244195E-01 -9.59629487891864E-12  5.68929144933522E-11 -8.14126749765864E-11  3.61291364131302E-10
 -5.52949556320463E-12  2.83802963613513E-11 -6.10931266617007E-11  1.34635044798927E-10  6.42118064266548E-11
 -4.17181371358511E-10  6.50359269057582E-10 -2.61053895783419E-09  1.15143657644938E-10 -7.19096898120468E-10
  9.92201141920838E-10 -4.47431201663421E-09  6.53897840766999E-12 -1.78277361160869E-11 -3.60499629309403E-11
 -5.64281014758914E-11
* ORBITAL    1   12
  8.56038335263598E-13  3.86331345708901E-12  4.26898207662237E-11  6.56371266196330E-11  8.35796878460449E-10
  9.82004861946845E-10  1.26647240924168E-08 -1.34782165285035E-09  1.52336982332530E-08 -1.95377805456659E-07
  2.81801342595437E-07 -4.52603557303385E-07  1.59982686038482E-06 -1.90038342045130E-06  6.34038279624428E-05
  1.49838675998202E-04  2.86857708916617E-03 -3.23296568448487E-03  1.23321580266003E-02 -5.62138300819239E-02
  9.03540122863252E-02 -3.10265685572752E-01  6.30424474134490E-01  1.72090354585426E-06  4.06691811755832E-06
  7.78587711324855E-05 -8.77489208106437E-05  3.34718741502517E-04 -1.52575238796678E-03  2.45238315493132E-03
 -8.42121266013885E-03  1.71109430511560E-02 -1.20610606932125E-04 -2.85032181924008E-04 -5.45678137348844E-03
  6.14994392701572E-03 -2.34589796818383E-02  1.06933361388283E-01 -1.71876889480964E-01  5.90206228508497E-01
 -1.19923172060994E+00  5.06152609939270E-12 -2.73823247996859E-11  5.35384983411233E-11 -1.47983997885169E-10
 -1.13135286317529E-11  6.11466503708473E-11 -1.16427002252930E-10  3.10901917477434E-10  1.30789548022922E-10
 -8.22475863544563E-10  1.15791790164361E-09 -5.10408923671448E-09 -5.22548645192740E-11  3.50238555784927E-10
 -5.83997741715339E-10  2.18517031422723E-09 -3.59177010899833E-12  1.02668750645096E-11  1.75730428570854E-11
  3.51942762271164E-11
* ORBITAL    1   13
  6.42241690031100E-07  1.60145796726344E-06  3.49849932737595E-05  5.53218146796409E-06  7.12412459392703E-04
 -1.25727527246959E-04  1.04656837041742E-02 -7.86697794647709E-03  3.43136018360347E-02 -1.77327612855148E-01
  2.81201933058900E-01 -6.48785152915306E-01  1.83599976875140E+00 -1.93568226223571E+00  1.35975948995349E-10
  1.20021180851968E-09  4.55408033789148E-09  6.87751074160926E-09  9.06234565209636E-09 -1.47812020265660E-09
  9.34345436061928E-09 -4.30486550209124E-08  5.21044889235145E-08 -1.13238459000351E-11 -2.01676867295665E-11
 -1.00087380403103E-09  1.90884079595702E-09 -1.05057224806328E-09  2.97452693180711E-08 -2.04767124608471E-08
  1.39992258041089E-07 -1.70248576395837E-07  4.90563312925251E-10  3.44721720870278E-09  2.31182861980523E-08
 -1.27594619551985E-09  3.61737181506331E-08 -3.21423046160345E-07  2.42365515350495E-07 -1.60667828024406E-06
  1.95804662541351E-06 -1.40507815958172E-13  1.99468489823991E-13 -4.87395336480685E-13  9.16896305128175E-13
  4.77727425793074E-13 -6.78912336928420E-13  1.71466644145287E-12 -2.73394106449547E-12 -1.43417347184982E-11
  3.08954798359888E-11 -8.92094172262187E-11  3.70880312653004E-10  4.29496497075691E-13 -9.19163596573149E-13
  2.58321159339636E-12 -1.04364969214270E-11 -2.44396570077992E-11  5.28157676985999E-11 -1.53400193058628E-10
  6.38660469833205E-10
* ORBITAL    1   14
 -3.85931727494158E-14 -9.40751354824875E-13 -2.05376331166335E-13 -2.84634824915885E-11  1.50743833235674E-11
 -5.14856415320390E-10  1.36182318516250E-10 -4.40647965602013E-09  1.12992790228852E-08 -8.78470988818923E-09
  3.93352773117102E-08 -1.51439320350484E-07  2.04440529662804E-07 -1.02296416361925E-07  3.89785941082321E-08
  4.02123816309969E-05  4.85446501333346E-06  3.93802320213781E-04 -1.13200022820581E-03  2.27251766401146E-03
 -1.07875936176421E-02  1.72397308973487E-02 -6.81123166486665E-03 -5.80078157031090E-06 -5.98435450010651E-03
 -7.22437038907944E-04 -5.86051525810596E-02  1.68462799704422E-01 -3.38193125497061E-01  1.60539567646549E+00
 -2.56559438643637E+00  1.01363868108961E+00 -1.39703684691025E-07 -1.44125804862249E-04 -1.73989586444160E-05
 -1.41143285336434E-03  4.05721915331738E-03 -8.14496497448228E-03  3.86639775983194E-02 -6.17891804982474E-02
  2.44122385682345E-02  3.03603475128591E-11 -1.00583218863042E-10 -9.15799977722757E-11 -7.13025844716239E-10
  7.80485597739627E-10 -5.06957700400085E-09  1.02532021987566E-08 -5.40326326955413E-08  5.72823445534016E-11
 -3.39762680099190E-10  7.73484710210321E-10 -3.41358188827001E-09 -3.95922934946909E-12  2.33759959143733E-11
 -7.26987038892481E-11  2.07415085041480E-10  6.45380622988356E-11 -3.97816420961017E-10  8.23654844877255E-10
 -4.20702121443099E-09
* ORBITAL    1   15
  5.88953119718623E-13  1.11546509279633E-11  9.99329287536018E-12  3.27953015534166E-10 -4.70956769053155E-12
  5.84493365672275E-09  1.13834966784035E-09  4.84970092985043E-08 -1.33578902916258E-07  1.06288053304324E-07
 -4.60287519550927E-07  1.75930716156656E-06 -2.35981745737413E-06  1.16969271512727E-06 -4.25363488325503E-06
 -4.38829537555306E-03 -5.29757168199788E-04 -4.29748449660541E-02  1.23532883528500E-01 -2.47995231319169E-01
  1.17722815987360E+00 -1.88133676262258E+00  7.43295833822055E-01  6.64539497316450E-08  6.85575202986364E-05
  8.27631208174350E-06  6.71388022655714E-04 -1.92993118957616E-03  3.87438330305965E-03 -1.83916162830149E-02
  2.93917741254235E-02 -1.16123728205191E-02 -3.94607645935675E-06 -4.07100112779541E-03 -4.91453226374419E-04
 -3.98675630187022E-02  1.14600879280020E-01 -2.30064018360228E-01  1.09210906765038E+00 -1.74530733070655E+00
  6.89552074939283E-01 -4.95757900514691E-11  3.12321646053004E-10 -6.15570883016588E-10  3.42409074298222E-09
 -4.67899660676847E-11  2.66902439533569E-10 -6.18902281194832E-10  2.39869648024473E-09  5.99303424268494E-10
 -3.92147822331140E-09  8.10036225062159E-09 -4.17961713588205E-08  5.98040812054959E-10 -3.83207652479737E-09
  7.51050913513812E-09 -4.08788187502460E-08  2.12404141077264E-11 -6.76856477558361E-11 -8.03897283057469E-11
 -4.61902459390938E-10
* ORBITAL    1   16
  6.24348788385653E-13  1.10702095477005E-11  1.23509428181809E-11  3.22902189956957E-10  4.50973071578474E-11
  5.79752627615066E-09  1.97717940361396E-09  4.50919332075054E-08 -1.23022239991300E-07  8.19546106201682E-08
 -4.25098673045956E-07  1.72947210575081E-06 -2.34981670770145E-06  1.17372670547949E-06  3.94644347033910E-06
  4.07137977669846E-03  4.91498934769314E-04  3.98712711171709E-02 -1.14611538450753E-01  2.30085416820421E-01
 -1.09221064604822E+00  1.74546966322996E+00 -6.89616209859736E-01  1.28919654135955E-07  1.33000558447116E-04
  1.60559204460245E-05  1.30248266689876E-03 -3.74403748765142E-03  7.51624535071855E-03 -3.56794590547855E-02
  5.70195998278885E-02 -2.25278286316445E-02 -4.25185781814189E-06 -4.38646374194006E-03 -5.29535997218088E-04
 -4.29569076808909E-02  1.23481322250696E-01 -2.47891721032224E-01  1.17673679798951E+00 -1.88055151219729E+00
  7.42985589647282E-01  4.14836778362400E-11 -2.48441519478710E-10  5.47872736208505E-10 -2.49682975799354E-09
 -5.87571661237232E-11  3.47878908166879E-10 -7.64039966202059E-10  3.28589613940654E-09  6.72939461810661E-10
 -4.34138271955768E-09  8.62665979097123E-09 -4.61721464639104E-08 -5.05291991946286E-10  3.33691794482846E-09
 -7.01050271516395E-09  3.55067574966876E-08 -2.18457666222203E-11  7.59652710740118E-11  4.73560116697435E-11
  5.67861114153019E-10
* ORBITAL    1   17
 -6.59078378665409E-15 -5.62745771843220E-15 -4.00084619098722E-13  3.84834736081881E-13 -8.17550092025370E-12
  1.25733620867807E-11 -9.34352857858660E-11  2.12980532325602E-10 -8.34248116621580E-10  1.73247362914840E-09
 -4.74563586820684E-09  1.38747082687278E-08 -1.73248415047770E-08  6.26316033643929E-09  4.29105183399566E-12
  8.22623878237157E-11  1.39389270417419E-10  6.95210978572026E-10 -9.97888157646407E-10  3.24714889109923E-09
 -1.12244975352144E-08  1.36335429552050E-08 -4.68067798708524E-09 -9.36936138313550E-12 -2.14617046437650E-10
 -2.97711295652851E-10 -1.88174887747431E-09  3.10461180910777E-09 -9.37512015662936E-09  3.15214274605773E-08
 -3.95186661608085E-08  1.35980817965384E-08 -2.61237524708121E-11 -5.50553734207916E-10 -8.36248839649397E-10
 -4.75375002843303E-09  7.33613959787986E-09 -2.28882507266052E-08  7.77975112472928E-08 -9.64604584582339E-08
  3.31540948906058E-08 -3.49737977100329E-03  2.21332169465631E-02 -6.77333182031339E-02  3.58132474942659E-01
 -2.18605467963036E-03  1.38344777087771E-02 -4.23370485669329E-02  2.23852490728911E-01 -6.55395520639298E-03
  4.14767974709025E-02 -1.26929633766072E-01  6.71126486797217E-01  7.67986700818315E-04 -4.86021460959993E-03
  1.48735027212423E-02 -7.86420108157246E-02 -7.56790501480818E-03  4.78935930616012E-02 -1.46566673397761E-01
  7.74955175289104E-01
* ORBITAL    1   18
 -2.59200539394782E-15 -6.98466258546149E-16 -1.61684331643681E-13  1.50996546061772E-13 -3.24713341222351E-12
  4.92186268390565E-12 -3.70608653520166E-11  8.39471071573006E-11 -3.29985529548078E-10  6.85083803160632E-10
 -1.87499091874354E-09  5.48488014776537E-09 -6.84879184264683E-09  2.47597928798192E-09  2.84642817356281E-12
  4.75511947453721E-11  9.19983975785716E-11  3.91670442390087E-10 -4.54707612993817E-10  1.67418554640580E-09
 -5.80485799901924E-09  6.94250524002515E-09 -2.37632640099134E-09  3.35846428918640E-12  9.54123193518591E-11
  1.04953759687262E-10  8.60411460335001E-10 -1.57969870171274E-09  4.38244137996179E-09 -1.49526131995724E-08
  1.91023049940743E-08 -6.57693256966418E-09 -6.88331397679978E-12 -1.43605418577039E-10 -2.21015489026381E-10
 -1.23674440571582E-09  1.90015342939822E-09 -5.94435787462695E-09  2.02706749972409E-08 -2.50519867227732E-08
  8.60950711225391E-09  9.90304343565892E-03 -6.26715493156192E-02  1.91791008160158E-01 -1.01407387453160E+00
  1.67116639872772E-03 -1.05759999998287E-02  3.23652713951230E-02 -1.71127814999104E-01 -1.54950290557176E-03
  9.80605087707685E-03 -3.00090296929559E-02  1.58669445967449E-01  1.30981292041002E-03 -8.28916944168931E-03
  2.53669835939030E-02 -1.34125137526043E-01 -3.58443628870549E-03  2.26841553410525E-02 -6.94193309424937E-02
  3.67047081959166E-01
* ORBITAL    1   19
 -9.05960159909471E-16 -1.18372800081568E-15  1.60802150859296E-14 -7.12263544253409E-14  3.62269115621025E-13
 -1.37181939802551E-12  4.61355400472236E-12 -1.66733782490066E-11  5.20146058875444E-11 -1.10721322930231E-10
  3.20105012080082E-10 -9.03336693744846E-10  1.12842467367782E-09 -4.07083804670231E-10  7.13678126962340E-12
  1.36794767463387E-10  2.28733587812398E-10  1.16365761445283E-09 -1.64687558633197E-09  5.48333067002562E-09
 -1.84202053534782E-08  2.26233284644488E-08 -7.77073670724178E-09 -3.17736270019273E-11 -6.69126641218731E-10
 -1.01832589138866E-09 -5.77375109556467E-09  8.91182313670972E-09 -2.77661109212722E-08  9.45927285538827E-08
 -1.17180938130749E-07  4.02739590502191E-08  2.06497815947216E-11  4.60310750655936E-10  6.56338661075737E-10
  4.02329570773974E-09 -6.51260945272549E-09  1.99449393096094E-08 -6.70072361551123E-08  8.36989178708606E-08
 -2.87884098734775E-08  1.25030478060398E-03 -7.91257134496481E-03  2.42144968795384E-02 -1.28031490665839E-01
 -8.98674147333106E-03  5.68727194913374E-02 -1.74045102237375E-01  9.20244347540070E-01  5.15867282979125E-03
 -3.26467333720337E-02  9.99073737943242E-02 -5.28249257553993E-01  1.95557028942121E-03 -1.23758540104292E-02
  3.78732860815195E-02 -2.00250837289142E-01 -2.25097183888424E-03  1.42453068594053E-02 -4.35942910643621E-02
  2.30500022338411E-01
* ORBITAL    1   20
  1.40822019118510E-17 -3.69586302897143E-16 -1.49780224138748E-14  4.90442982189757E-14 -3.57077103274605E-13
  1.04491983300041E-12 -4.35934430340001E-12  1.36540008761313E-11 -4.53878385529034E-11  9.60709235756074E-11
 -2.72850295734426E-10  7.78137796216974E-10 -9.72856285152871E-10  3.51070001007249E-10  3.07580436128361E-11
  6.39670716335139E-10  9.85579036515250E-10  5.51061672564595E-09 -8.42215920896648E-09  2.64722796697779E-08
 -8.99160761062356E-08  1.11289083672639E-07 -3.82481498337411E-08  1.56411966406785E-11  3.25195562401164E-10
  5.00819142952177E-10  2.80212652899585E-09 -4.27778454191268E-09  1.34578929261012E-08 -4.56698895212968E-08
  5.65517938210910E-08 -1.94358886941131E-08  1.57636842930462E-11  3.38797404268943E-10  5.07483434941583E-10
  2.92022038284515E-09 -4.54903856069368E-09  1.38242778904849E-08 -4.79531547985882E-08  5.94771851857569E-08
 -2.04394811329635E-08 -2.24251917703296E-03  1.41918140725315E-02 -4.34305894498383E-02  2.29634467954616E-01
  4.41739347079752E-03 -2.79555365527583E-02  8.55511088790618E-02 -4.52342084662201E-01  3.85614240460300E-03
 -2.44036513032058E-02  7.46814293727850E-02 -3.94869849158245E-01  8.42585198855605E-03 -5.33231225116617E-02
  1.63182425382712E-01 -8.62809137926408E-01 -2.72410458900063E-03  1.72395341070433E-02 -5.27573940872127E-02
  2.78948922360790E-01
* ORBITAL    1   21
  1.63955496479974E-15  2.73919048724935E-15  9.50014996039056E-14 -7.22524844513719E-14  1.94240482381854E-12
 -2.69251109158110E-12  2.20323562413773E-11 -4.79982910227185E-11  1.92771375831970E-10 -3.99391890962177E-10
  1.08806795805726E-09 -3.19270980116185E-09  3.98629219176723E-09 -1.44082854365322E-09  2.08633198865549E-11
  4.66056496096478E-10  6.65837849718941E-10  4.06193905744035E-09 -6.54979158222610E-09  1.98330406231268E-08
 -6.75286598247074E-08  8.42743328652830E-08 -2.89784916470099E-08 -1.02913215885781E-11 -2.14444280155102E-10
 -3.28177761151505E-10 -1.85182423848987E-09  2.82320507192212E-09 -8.92408167492899E-09  3.00519989012784E-08
 -3.73310623521576E-08  1.28320997624825E-08 -2.24029271577442E-11 -4.58716095079537E-10 -7.18008683182523E-10
 -3.94271789643186E-09  5.94494543436975E-09 -1.88678824520497E-08  6.40286784596610E-08 -7.90954339046043E-08
  2.71786748832521E-08  9.66297167903016E-04 -6.11522518365397E-03  1.87141568367317E-02 -9.89490472690200E-02
 -3.15931946726606E-03  1.99937975717073E-02 -6.11861464286577E-02  3.23515023825216E-01 -5.56693734525266E-03
  3.52304410838566E-02 -1.07814181762623E-01  5.70055635657553E-01  6.37990350930328E-03 -4.03753088592098E-02
  1.23558796164800E-01 -6.53303553683095E-01  5.93454540973430E-03 -3.75568538807745E-02  1.14933601387273E-01
 -6.07698784251896E-01
* ORBITAL    1   22
  7.93215338361628E-07  2.27156979106022E-05 -4.52827883973381E-06  6.91238031683817E-04 -5.95425873131571E-04
  1.16130930660986E-02 -7.72353494343208E-03  1.15728066148152E-01 -2.87251857065993E-01  4.64401420014409E-01
 -1.77519068160254E+00  4.45798875075344E+00 -4.43816621792544E+00  1.40478394854108E+00  4.41767065514471E-12
  5.01616508449824E-10  1.91301884599217E-10  5.12789581011947E-09 -1.25568445595398E-08  3.34197830785373E-08
 -1.24408055171295E-07  1.02552685649036E-07 -3.15876230290244E-08 -7.71207703124678E-11 -1.66603747569023E-09
 -2.46691203544309E-09 -1.54821432836695E-08  2.10675831043072E-08 -7.78921396627303E-08  2.71987014165411E-07
 -2.24980279574524E-07  6.88140495650276E-08  9.86234731563783E-10  2.02551188912911E-08  3.16928211394946E-08
  1.88611244377315E-07 -2.42537050039852E-07  9.28577792513862E-07 -3.21767924948107E-06  2.65998746832733E-06
 -8.12712968490260E-07 -3.81833017738060E-13  1.90049247608504E-13 -2.62821548046113E-13 -3.72611967826127E-12
  1.34298846408043E-12 -9.44038119551373E-13  2.17766180938293E-12  9.67872779086538E-12 -9.95751132106279E-12
 -1.32628237886139E-10  4.18567525465572E-10 -2.37494311312095E-09  3.41891879616506E-13  3.47824081499946E-12
 -1.10988842027767E-11  6.35375289802499E-11 -1.62579706138785E-11 -2.30150093219574E-10  7.23513015904826E-10
 -4.09916139966786E-09
* ORBITAL    1   23
 -1.68701519133991E-13  4.37664609407020E-13 -1.12112368947340E-11  2.58026363048178E-11 -2.52314880161476E-10
  3.70752224737277E-10 -3.71242031038715E-09  8.33919365508049E-09 -2.59790527798664E-08  1.14693131757272E-07
 -2.85144727009788E-07  3.95222631803394E-07 -2.73376285857769E-07  6.31738582954542E-08  7.33710125700909E-06
  4.21299391512724E-06  3.36855736394496E-04 -5.11196002641818E-04  2.11850659754908E-03 -9.56397589743041E-03
  1.32931980912851E-02 -7.14330565511826E-03  1.89721077780376E-03 -1.95681528120804E-03 -1.12361056649029E-03
 -8.98399034753197E-02  1.36336703421939E-01 -5.65008727549133E-01  2.55072596469084E+00 -3.54531480231810E+00
  1.90512975893096E+00 -5.05988809684174E-01 -2.38894267390494E-05 -1.37174055442094E-05 -1.09679424723009E-03
  1.66444200490192E-03 -6.89780699457345E-03  3.11400775700318E-02 -4.32823361590636E-02  2.32584329219335E-02
 -6.17727300271954E-03 -5.73394589468257E-11  2.69642049829653E-10 -3.94620291337091E-09  1.90424649759524E-09
 -1.76015109054169E-09  3.96165785741328E-09 -6.28432889733602E-08  4.46424998574745E-08 -3.50864253474998E-11
  4.79395337751223E-11 -1.86755878325975E-09  1.45018454820051E-09 -8.29732136461459E-12  3.00926039157984E-11
 -2.27200833035511E-10  1.19251351212227E-10 -1.23012386849035E-10  2.92543150155610E-10 -4.76075826301813E-09
  3.35716472121605E-09
* ORBITAL    1   24
  1.20218725541035E-12 -2.43504521775990E-12  7.83023177729648E-11 -1.63208511978789E-10  1.77607901460751E-09
 -2.51319114517125E-09  2.65200587213783E-08 -5.22215089043098E-08  1.38286126983986E-07 -6.62674298176496E-07
  1.74121765774991E-06 -2.48378967429073E-06  1.73513492119626E-06 -3.95273421999801E-07 -1.76079904340534E-03
 -1.01105923197144E-03 -8.08405433008013E-02  1.22679705644706E-01 -5.08411191131116E-01  2.29521695805047E+00
 -3.19017669803901E+00  1.71429081269385E+00 -4.55303381081244E-01  3.82382011054740E-06  2.19565335931285E-06
  1.75556495264000E-04 -2.66416077023608E-04  1.10408572056235E-03 -4.98438330598834E-03  6.92791301279436E-03
 -3.72282124392107E-03  9.88754693037140E-04 -8.54004211827086E-04 -4.90373301433502E-04 -3.92084291152962E-02
  5.95008190677921E-02 -2.46584242757109E-01  1.11320196201199E+00 -1.54726591180896E+00  8.31447279584480E-01
 -2.20826451540919E-01  1.28842527874845E-10 -3.19660806711906E-10  4.82006876961331E-09 -3.37891355195735E-09
 -3.00986632053139E-12  5.15027647721934E-11  4.72578437299779E-10 -3.69601612101260E-10 -8.13373059881080E-10
  1.72605547265841E-09 -2.83489167583039E-08  2.06940090392112E-08 -1.64446661242519E-09  3.79405366069140E-09
 -5.93034042360526E-08  4.17221162828350E-08 -5.13924162966677E-11  2.42467919906499E-10 -3.53850832391124E-09
  1.70428093892227E-09
* ORBITAL    1   25
  2.55418452165733E-12 -6.01363713434006E-12  1.68268276429585E-10 -3.73658310510845E-10  3.80901078698910E-09
 -5.70994954400132E-09  5.74861109072578E-08 -1.25014145504989E-07  3.45517401441202E-07 -1.46591150619183E-06
  3.60349789003827E-06 -4.94367756618612E-06  3.39610267312983E-06 -7.80984698763419E-07  8.53981255542807E-04
  4.90360134792044E-04  3.92073751479872E-02 -5.94992196078384E-02  2.46577614325585E-01 -1.11317203725920E+00
  1.54722431753908E+00 -8.31424928260914E-01  2.20820515680277E-01  2.46964807524563E-05  1.41808219002262E-05
  1.13384716354354E-03 -1.72067179655562E-03  7.13083532449438E-03 -3.21920805440941E-02  4.47445390116655E-02
 -2.40441702980635E-02  6.38595961604527E-03 -1.76064113183586E-03 -1.01096858419333E-03 -8.08332933804362E-02
  1.22668703369469E-01 -5.08365596253589E-01  2.29501111818958E+00 -3.18989059389717E+00  1.71413706966234E+00
 -4.55262547826777E-01 -1.62589451891694E-11  1.13667619040865E-11 -9.72145160743732E-10  7.26942005488739E-10
  3.92032532276898E-11 -1.61749446043594E-11  2.40031925712533E-09 -1.70443710616043E-09 -1.85522449789535E-09
  4.21492529653624E-09 -6.66521611815112E-08  4.70637491989468E-08  6.43801993431482E-10 -1.25564051187745E-09
  2.17987238945985E-08 -1.63221245652482E-08  2.65920289504242E-11 -1.21519678622911E-10  1.78091218205347E-09
 -8.72422280957440E-10
* ORBITAL    1   26
  1.74639373662709E-15  1.32915489026829E-14  1.15902859001417E-13  2.35681335309664E-13  2.09710502164214E-12
  1.87716137461387E-12  2.20182338437878E-11 -1.11135791824996E-11  1.19850803962471E-10 -4.36517474843157E-10
  9.94386215963737E-10 -1.09681448226622E-09  2.73340206759602E-10 -1.07923381922016E-10  9.01849904187715E-12
  2.44014322950291E-11  3.64235527675167E-10 -2.44578578678277E-10  2.04523359209622E-09 -6.36128777647559E-09
  7.84518453921216E-09 -4.16610468362337E-09  1.09243968982957E-09  1.72098591947842E-11  4.65138024303116E-11
  7.07495964328221E-10 -5.14749857627801E-10  4.03958348858855E-09 -1.35957467572538E-08  1.61425300249462E-08
 -8.52115400778344E-09  2.23434068118088E-09 -9.35902203420501E-11 -2.02415642857801E-10 -3.97969057300779E-09
  3.77380657677889E-09 -2.31174830908740E-08  8.25953256389958E-08 -9.63448147056301E-08  5.13515655948298E-08
 -1.34603297369096E-08  1.88030000542823E-02 -6.17314423711730E-02  5.38754675725161E-01 -2.80619943385983E-01
 -8.90415492859829E-03  2.92329056667815E-02 -2.55127112020817E-01  1.32887488419852E-01  2.40451644954989E-02
 -7.89418008856382E-02  6.88956270956093E-01 -3.58855112464114E-01 -1.63987246739861E-03  5.38380537316529E-03
 -4.69865956044580E-02  2.44738030023469E-02  3.68039725473686E-02 -1.20829777362639E-01  1.05452918345960E+00
 -5.49270258032234E-01
* ORBITAL    1   27
 -5.51647984354357E-16 -5.69242602027485E-15 -4.25269340785713E-14 -9.12549962694019E-14 -8.08032158716813E-13
 -7.02341208885486E-13 -8.53840258253710E-12  4.53896050412408E-12 -4.66969458636515E-11  1.70586047349976E-10
 -3.89918668550653E-10  4.30313379991515E-10 -1.08507921743927E-10  4.25435914052764E-11  9.39965789913748E-13
 -2.95275225662259E-12  5.42143217259722E-11 -1.37761330399397E-10  3.44437775895883E-10 -1.74723359146375E-09
  1.87728566574985E-09 -1.03639234600627E-09  2.70764600884695E-10 -3.19202879638636E-11 -6.59230626570113E-11
 -1.38999151028470E-09  1.43634535122112E-09 -8.14821499155447E-09  3.11912136017990E-08 -3.54603418058532E-08
  1.87995997392804E-08 -4.92481326731731E-09  3.50101603103129E-11  7.83799675556791E-11  1.48435818241000E-09
 -1.36923113470417E-09  8.59380899833379E-09 -3.06312461864411E-08  3.57645543768916E-08 -1.90223322420072E-08
  4.98562742776640E-09  4.45531933894264E-02 -1.46270961134969E-01  1.27656444119346E+00 -6.64921266315744E-01
  8.70767695348775E-03 -2.85878560059759E-02  2.49497508897828E-01 -1.29955209626846E-01 -8.21054022687728E-03
  2.69557245853555E-02 -2.35253253443007E-01  1.22535836133596E-01  3.25586811905395E-03 -1.06892216446556E-02
  9.32890585477892E-02 -4.85912633525926E-02 -1.51460876563250E-02  4.97255669093020E-02 -4.33974659350248E-01
  2.26043410520406E-01
* ORBITAL    1   28
  3.67895663131495E-16 -1.84605045556976E-15 -2.08979915856129E-14 -3.02961512656786E-14 -3.86317302350964E-13
 -1.69934091622343E-13 -4.25449909824312E-12  3.62315683323582E-12 -2.45904215822133E-11  9.26523869810378E-11
 -2.18604943877583E-10  2.42307264502486E-10 -6.80587452908994E-11  2.51501111097119E-11  9.07338630074122E-12
  1.64142630005446E-11  4.16503680165851E-10 -5.07757949138635E-10  2.47675629316722E-09 -1.07595048332483E-08
  1.17324478613049E-08 -6.15965937383751E-09  1.61138202352503E-09  1.20753225329657E-10  2.69828939085244E-10
  5.12468675624714E-09 -4.74655981640316E-09  2.96910286693127E-08 -1.06151460337586E-07  1.23777103471648E-07
 -6.58245848213255E-08  1.72521146068449E-08 -9.69716052465089E-11 -2.03481602688835E-10 -4.13339457438328E-09
  4.00707740917415E-09 -2.40540973334476E-08  8.60751882732176E-08 -1.00389088395656E-07  5.35924055059869E-08
 -1.40481078355383E-08  2.49881758887476E-03 -8.20377671310059E-03  7.15975991036325E-02 -3.72928813663098E-02
 -3.38775568809771E-02  1.11222169027247E-01 -9.70679791485739E-01  5.05595812726309E-01  2.40655231351041E-02
 -7.90086395923519E-02  6.89539598921836E-01 -3.59158949244256E-01 -1.38823466544842E-04  4.55766250344890E-04
 -3.97765204980252E-03  2.07183073022295E-03 -2.52017196369273E-02  8.27388448079659E-02 -7.22094572831040E-01
  3.76115785695235E-01
* ORBITAL    1   29
  3.97407445590854E-16 -9.86045836235382E-16 -4.23714550756506E-15 -9.69983153820149E-15 -8.19562134610375E-14
 -8.64729458370646E-14 -8.57185929659426E-13  2.82451329670130E-13 -4.07748212533164E-12  1.60180663004429E-11
 -3.64792541436555E-11  3.91549618097521E-11 -9.14283383360247E-12  3.88625827167881E-12  1.66612763971972E-10
  3.68912650949960E-10  7.07580994992949E-09 -6.60174189934434E-09  4.10362269688725E-08 -1.46755777872154E-07
  1.71091760403326E-07 -9.10463391190083E-08  2.38635525470228E-08 -3.87247436230110E-13  1.93409806532008E-13
 -1.87490607652060E-11  3.44593643457708E-11 -1.21672622296258E-10  5.07693971894441E-10 -5.57794890596183E-10
  3.10439994206199E-10 -8.15359603165995E-11  2.12569546205931E-11  4.87051996015555E-11  9.31936281669073E-10
 -9.31683843490476E-10  5.42768643192855E-09 -2.16278639978472E-08  2.42503984959734E-08 -1.27176560493280E-08
  3.32882097624564E-09  2.41081940027936E-03 -7.91487307589189E-03  6.90762229753766E-02 -3.59795778199933E-02
  4.85635587043073E-04 -1.59437244926116E-03  1.39147179936194E-02 -7.24772804990377E-03 -1.94601762109782E-03
  6.38889933890434E-03 -5.57584475559454E-02  2.90427779125041E-02 -4.85218948303888E-02  1.59300459811413E-01
 -1.39027802181985E+00  7.24151004876932E-01 -2.00478001030309E-03  6.58181999187643E-03 -5.74421422667919E-02
  2.99197602095998E-02
* ORBITAL    1   30
  8.04602840619073E-16 -7.54082623674896E-16  1.68087067380262E-14  1.84917695407806E-14  2.75442331172697E-13
  9.35927224827405E-14  3.00951709003668E-12 -2.80649539645986E-12  1.80934057075861E-11 -6.63550528503178E-11
  1.57600235791685E-10 -1.77482467944512E-10  5.13412579537569E-11 -1.83987771802896E-11  7.64142208061303E-12
  1.40703541810158E-11  3.49138875630118E-10 -4.19582074295870E-10  2.07640570015735E-09 -8.94091259098234E-09
  9.76932514158735E-09 -5.13213025126731E-09  1.34281108357465E-09 -1.09712214593942E-10 -2.40013927080174E-10
 -4.65849543395613E-09  4.37376128695086E-09 -2.70367439571835E-08  9.63485453434511E-08 -1.12483129358861E-07
  5.99342190447839E-08 -1.57102132111143E-08 -1.30612014407338E-10 -2.99328243804539E-10 -5.53218218985024E-09
  5.02277865765508E-09 -3.20105056174554E-08  1.14370077980764E-07 -1.33320243238779E-07  7.07961137594044E-08
 -1.85548466919365E-08 -4.19908402465151E-03  1.37858593165081E-02 -1.20314638387691E-01  6.26680166956273E-02
  3.26373403221140E-02 -1.07150459362059E-01  9.35144373295914E-01 -4.87086558902248E-01  3.37595764631520E-02
 -1.10834831827637E-01  9.67299346942198E-01 -5.03835048172327E-01 -7.38165765518872E-04  2.42344505020634E-03
 -2.11503619925356E-02  1.10165417634226E-02 -1.20476601999135E-02  3.95532329512774E-02 -3.45196683898006E-01
  1.79801824968378E-01
* ORBITAL    1   31
 -7.93840463310989E-06  5.34384024518921E-06 -4.90435335756118E-04  7.62610980038381E-04 -1.06255945723262E-02
  1.60700757255114E-02 -1.57099904037921E-01  2.58349491497253E-01 -9.51490012109924E-01  3.85059340614802E+00
 -6.94430103761306E+00  6.04145451703433E+00 -2.73176962198764E+00  6.76094986236320E-01  2.56996989411807E-10
  9.97373783164011E-10  7.74255714281181E-09  4.47985883919768E-09  7.24901555711745E-08 -5.44534008717023E-08
  7.18818087176913E-08 -2.75168599047701E-08  7.30855146581169E-09  4.91666241855846E-10 -2.37156971696106E-10
  1.81642775879556E-08 -2.26560952636422E-08  2.14887982282260E-07 -3.82463038120586E-07  2.65572548634602E-07
 -1.22060295190109E-07  3.10266870054946E-08 -5.82575887245301E-09  3.77533731638254E-09 -2.16531695850755E-07
  2.74917138323005E-07 -2.57357017199516E-06  4.60485898886813E-06 -3.18417015049265E-06  1.46822580306927E-06
 -3.73658378174411E-07  1.14155397727123E-12 -9.72046940001223E-13  8.27593195078722E-13 -5.79266369788294E-13
 -3.83289748687612E-12  3.56889072156256E-12 -1.31594751555722E-12  1.38846738265411E-12  9.03007346275682E-11
  8.01549903334224E-11  4.27268005730564E-12  3.35292636398704E-10 -2.54051889856269E-12 -1.86410476027012E-12
 -2.94130248729802E-12 -6.15793458856129E-12  1.53078515373983E-10  1.43594769956284E-10 -6.70745874176286E-13
  5.85535129257838E-10
* ORBITAL    1   32
 -2.35377679394375E-12  1.89501226901237E-11 -1.84816246603117E-10  8.10566666790507E-10 -4.29639726493990E-09
  1.62360378916224E-08 -6.39062487424470E-08  1.86793338656596E-07 -6.56614913329026E-07  1.69459054611202E-06
 -2.35872096130314E-06  1.66969877199376E-06 -6.26911062440202E-07  1.79074208787366E-07  1.17578854398954E-03
 -6.35589792689770E-02  5.57134119528262E-02 -9.03435178195438E-01  3.03677277563788E+00 -3.39332173828781E+00
  2.03541837451217E+00 -9.02968230147649E-01  2.30031794607479E-01 -3.93320709278541E-07  2.12615226520486E-05
 -1.86370531539540E-05  3.02213912800491E-04 -1.01585040024813E-03  1.13512188617637E-03 -6.80880895622902E-04
  3.02057712948009E-04 -7.69494145664882E-05  3.91516648779446E-04 -2.11640082854310E-02  1.85515741216894E-02
 -3.00827826949569E-01  1.01119125833512E+00 -1.12991571397542E+00  6.77758074015867E-01 -3.00672341601573E-01
  7.65964916558713E-02 -8.93619214794289E-10  1.00538115709624E-08 -8.19930665340784E-09  2.73796683829738E-09
 -2.18992550813653E-10  2.43540681789554E-09 -1.80942573194524E-09  6.52970614070775E-10  3.92620440502494E-09
 -4.66084196040068E-08  3.77254128581574E-08 -1.23822114022251E-08  1.14185445624963E-08 -1.32115383623288E-07
  1.07674313880235E-07 -3.58314752718958E-08  5.09576532218902E-10 -4.18890503422570E-09  3.54190012599400E-09
 -1.45266412764400E-09
* ORBITAL    1   33
 -7.86594089573886E-12  4.03774926665589E-11 -5.65474563403408E-10  1.95251476698458E-09 -1.28453498991812E-08
  4.12534907758938E-08 -1.88172921641554E-07  4.34268120815082E-07 -1.59948437667948E-06  4.78192305625071E-06
 -7.23023343107201E-06  5.36944614358049E-06 -2.05994972740476E-06  5.55688188924744E-07 -3.91495908745396E-04
  2.11628872705043E-02 -1.85505913779298E-02  3.00811891907993E-01 -1.01113769536806E+00  1.12985586122671E+00
 -6.77722172386973E-01  3.00656414378434E-01 -7.65924338553750E-02  1.16346419045617E-05 -6.28927566128465E-04
  5.51294354867388E-04 -8.93965552891874E-03  3.00494181010467E-02 -3.35775357484239E-02  2.01408351420838E-02
 -8.93503533764806E-03  2.27620699173036E-03  1.17573795264222E-03 -6.35562444402609E-02  5.57110146653407E-02
 -9.03396304494317E-01  3.03664210597756E+00 -3.39317572479548E+00  2.03533079078435E+00 -9.02929375484887E-01
  2.30021896548531E-01  2.32529015454448E-10 -2.57377522393201E-09  1.95497659767381E-09 -6.93328685317997E-10
 -6.22651332318778E-10  6.92887102621164E-09 -5.24347970635917E-09  1.89532362822960E-09  1.30720588880332E-08
 -1.51593356227648E-07  1.23423022404747E-07 -4.10739551916876E-08 -3.11525277147033E-09  3.79520080441837E-08
 -3.04803891554540E-08  9.94441645716193E-09 -1.61405057114661E-10  1.30213232609463E-09 -1.10393506526497E-09
  4.58362850404878E-10
* ORBITAL    1   34
  8.47946373188693E-13 -4.12907153520775E-12  6.04924402655521E-11 -2.02927934770210E-10  1.38216838340755E-09
 -4.28606638208777E-09  2.06627361299998E-08 -4.66860089316036E-08  1.57025767468456E-07 -4.60342228138975E-07
  6.95786057191329E-07 -5.15950997538640E-07  1.96094378263099E-07 -5.17915299357753E-08  4.04886716935570E-06
 -2.18867502546497E-04  1.91850998417109E-04 -3.11100946432184E-03  1.04572294773303E-02 -1.16850176521340E-02
  7.00903169042771E-03 -3.10940141011429E-03  7.92122115387044E-04  1.23920493879934E-03 -6.69870366286595E-02
  5.87183215089231E-02 -9.52162090507074E-01  3.20056149392219E+00 -3.57634099421706E+00  2.14519894127032E+00
 -9.51669965314484E-01  2.42438617713412E-01 -1.09144958834556E-05  5.89999233567597E-04 -5.17171063772249E-04
  8.38632112837777E-03 -2.81894625671392E-02  3.14992003851614E-02 -1.88941857365682E-02  8.38198625398763E-03
 -2.13531659438425E-03  5.34988397222864E-10 -4.39169610756694E-09  3.71534916319804E-09 -1.52476619960978E-09
  1.18243563957587E-08 -1.37410937112013E-07  1.11844184035386E-07 -3.71578496579104E-08  2.82151567406772E-10
 -3.04902312164653E-09  2.28491211399354E-09 -7.76987590418676E-10  6.04169233329163E-11 -7.25275195535087E-10
  6.25328487028904E-10 -2.05319116247362E-10  9.21336043337863E-10 -1.03524166925748E-08  8.39728007051870E-09
 -2.81688898322803E-09
* ORBITAL    1   35
  1.29266088240235E-15 -1.91396933092035E-14  3.42126362002348E-14 -5.94247396708115E-13  1.22523533506368E-12
 -9.16476638040919E-12  2.49913506775753E-11 -8.89732818514633E-11  2.18523017456780E-10 -9.40079887536643E-10
  1.59041543784255E-09 -9.33212541811512E-10  5.80931963997543E-10 -1.18808252081714E-10  1.29686822635850E-11
 -6.39384879575933E-10  5.87123616554935E-10 -9.01897798158524E-09  2.97947448593062E-08 -3.13703889810856E-08
  1.94078763212004E-08 -8.50993015749918E-09  2.17274841897956E-09  3.30060615566464E-11 -1.67785444717381E-09
  1.51221500902946E-09 -2.36780570620624E-08  7.78257460204416E-08 -8.20325963593238E-08  5.06359857179565E-08
 -2.22210781287213E-08  5.67314012076495E-09  9.96152008335634E-11 -5.23283527439752E-09  4.61987763523509E-09
 -7.39170913384063E-08  2.41889709041605E-07 -2.54873031215091E-07  1.57224178589139E-07 -6.89766164057050E-08
  1.76094134459400E-08  1.34354747986946E-02 -1.69603720948647E-01  1.25994056450041E-01 -4.37040372548870E-02
 -2.15891894889736E-02  2.72532748153045E-01 -2.02457270768023E-01  7.02271230365973E-02 -8.06612456956452E-02
  1.01823326762267E+00 -7.56418191080796E-01  2.62381653029902E-01 -9.98443813072456E-03  1.26039301474218E-01
 -9.36312173836445E-02  3.24782162588156E-02 -7.87361185606669E-02  9.93931281240485E-01 -7.38364897031287E-01
  2.56119438306614E-01
* ORBITAL    1   36
 -8.35664128406732E-16 -4.26509915403319E-15 -5.04677178084603E-15 -1.43320289386445E-13  6.73893229432849E-14
 -2.09748576651128E-12  3.18105792680987E-12 -1.77503675677870E-11  3.37636037286647E-11 -1.69815031201941E-10
  3.07736013026866E-10 -1.71557174874519E-10  1.16276968551547E-10 -2.30405584045867E-11 -3.15429010092778E-11
  1.64434797238262E-09 -1.45805906109634E-09  2.32184286771751E-08 -7.60821891069652E-08  8.02065779575557E-08
 -4.94618355575362E-08  2.17032117705782E-08 -5.54065100856578E-09 -1.00858462647559E-10  5.33656778993495E-09
 -4.69152937609098E-09  7.53962999385329E-08 -2.46436110795262E-07  2.59667396032976E-07 -1.60140464281699E-07
  7.02619367160296E-08 -1.79374766243556E-08  4.34898564044370E-11 -2.21682841164501E-09  1.99500723413757E-09
 -3.12941120394986E-08  1.02794351050368E-07 -1.08267002814451E-07  6.68773468879507E-08 -2.93398865503901E-08
  7.49083133549560E-09 -5.00046312882835E-02  6.31237202874131E-01 -4.68929191690296E-01  1.62659251086813E-01
  9.69575140690191E-02 -1.22395043022362E+00  9.09239954967149E-01 -3.15391519133647E-01 -2.98585048520463E-02
  3.76921069096832E-01 -2.80004555276226E-01  9.71262443644125E-02  2.45115529815868E-02 -3.09423422270344E-01
  2.29862363367632E-01 -7.97332316696931E-02 -7.63791772357321E-03  9.64178256086249E-02 -7.16262172429290E-02
  2.48452582220643E-02
* ORBITAL    1   37
 -5.58229722094057E-16  3.79231904435735E-16 -2.44505377542532E-15  2.34360044784709E-14 -8.48233402028175E-14
  3.88266069545541E-13 -1.41955440093628E-12  4.10666376009575E-12 -1.15685707285269E-11  4.60026772275226E-11
 -7.45568443124759E-11  4.50238264932232E-11 -2.66149432866133E-11  5.55373607791163E-12  3.45908401412042E-11
 -1.78417363489280E-09  1.59308128061752E-09 -2.51864537362354E-08  8.26308512823927E-08 -8.71090230961564E-08
  5.37368493807408E-08 -2.35814813317650E-08  6.02028638375486E-09 -6.59304146346950E-11  3.39050309720126E-09
 -3.03155078681434E-09  4.78678538221645E-08 -1.57180342090524E-07  1.65596668573272E-07 -1.02237058542249E-07
  4.48426737418786E-08 -1.14483490155371E-08  8.51135599933761E-12 -4.14179176367978E-10  3.82939242074478E-10
 -5.83581079623584E-09  1.93357366290743E-08 -2.03972453862820E-08  1.25981121075668E-08 -5.52744514684321E-09
  1.41116493403113E-09  9.79687667611934E-02 -1.23671605421547E+00  9.18723194724693E-01 -3.18681006553352E-01
  5.66152736528835E-02 -7.14687141168298E-01  5.30921913179415E-01 -1.84162902019774E-01 -2.03350628082993E-03
  2.56701186213035E-02 -1.90696427927664E-02  6.61475947748949E-03 -2.45710686234420E-02  3.10174722425958E-01
 -2.30420484108026E-01  7.99268291324054E-02  6.39265053256441E-03 -8.06981020992481E-02  5.99484561686357E-02
 -2.07945488507847E-02
* ORBITAL    1   38
  2.95714393879285E-16 -4.15982953962135E-15  1.25230520026681E-14 -1.69141285882930E-13  4.50226757214502E-13
 -2.71269934953646E-12  8.46013966351800E-12 -2.74663448201399E-11  7.16760873516075E-11 -2.98170514802193E-10
  4.95795963047997E-10 -2.94161699494641E-10  1.79455099315747E-10 -3.69934175782943E-11  2.20283450034825E-11
 -1.09022011661895E-09  9.96562192304105E-10 -1.53746598239859E-08  5.08524193104719E-08 -5.35783549149919E-08
  3.31205204497981E-08 -1.45179073315977E-08  3.70643124988096E-09 -1.47804052302113E-11  7.67675588933505E-10
 -6.83330536055653E-10  1.08469520796335E-08 -3.55193345445981E-08  3.73704745926115E-08 -2.30979129477834E-08
  1.01291781563421E-08 -2.58615664629779E-09 -9.42896265764774E-11  4.95990247218661E-09 -4.37575910402261E-09
  7.00654732755599E-08 -2.29216495099861E-07  2.41509303189475E-07 -1.48979741274846E-07  6.53611046716631E-08
 -1.66864348800875E-08 -6.98272531746743E-03  8.81469552779231E-02 -6.54820094577249E-02  2.27139935129165E-02
  1.75250965208890E-02 -2.21229366618537E-01  1.64345364301640E-01 -5.70071011801115E-02  7.71616430505214E-02
 -9.74055771937765E-01  7.23599914152719E-01 -2.50997852566647E-01 -1.54628373948273E-02  1.95196284313442E-01
 -1.45006085523644E-01  5.02988120420920E-02 -8.30843008837999E-02  1.04882088603051E+00 -7.79140912608825E-01
  2.70263569811319E-01
* ORBITAL    1   39
 -2.02532499669172E-16  2.34017557920879E-15 -3.16393674911071E-15  6.01212130645187E-14 -9.06139262989771E-14
  9.18364575601807E-13 -2.16586914512843E-12  8.57190974768448E-12 -1.99161412353770E-11  8.83725701216340E-11
 -1.51342627460572E-10  8.75618872377787E-11 -5.56126126686420E-11  1.12834533922832E-11  1.14205123581309E-10
 -6.00778112733983E-09  5.30030405188873E-09 -8.48698091666690E-08  2.77638221624462E-07 -2.92514389635593E-07
  1.80452016367969E-07 -7.91677801998111E-08  2.02112714946995E-08 -8.54715463715426E-12  4.62459520122642E-10
 -4.01609375869915E-10  6.53740478272174E-09 -2.12772114238376E-08  2.24234643319895E-08 -1.38157683652845E-08
  6.06506709992258E-09 -1.54837633802892E-09  1.81528523447483E-11 -8.99186718154744E-10  8.21378186540604E-10
 -1.26784802162846E-08  4.19378584380456E-08 -4.42139487012562E-08  2.73134160373032E-08 -1.19751636201957E-08
  3.05717645023186E-09 -3.35304960675165E-02  4.23274724828803E-01 -3.14439443164574E-01  1.09070804811633E-01
  8.52268486964416E-03 -1.07586749856590E-01  7.99233115815780E-02 -2.77233028709623E-02 -9.80233838918058E-03
  1.23740551770860E-01 -9.19235378697708E-02  3.18858669746466E-02 -1.09126371810581E-01  1.37756491607370E+00
 -1.02335603742507E+00  3.54975398396005E-01  1.58216884746647E-02 -1.99726267754960E-01  1.48371288751966E-01
 -5.14661128773290E-02
* ORBITAL    1   40
 -1.20776665551352E-06  2.82058158495272E-04 -7.23137186840874E-04  9.43578988918764E-03 -2.19606008322954E-02
  1.67205885317617E-01 -3.36289123885473E-01  2.14491749111095E+00 -6.15506685224635E+00  8.44423466713062E+00
 -6.24937509312964E+00  3.17227492928595E+00 -1.40662198827803E+00  3.27136404470606E-01 -1.57734356241664E-09
  1.15180116036290E-08 -1.04467937851199E-07  4.10886375590942E-07 -4.28762354597514E-07  3.16585251304574E-07
 -1.51903639366842E-07  7.04362200648088E-08 -1.82195448286453E-08  7.06615506381489E-10 -3.85885128070342E-09
  4.28426405445384E-08 -1.57650452353886E-07  1.86595687351682E-07 -9.19911707434659E-08  7.62820056619425E-08
 -2.79731917365310E-08  7.42108907981514E-09 -9.73101424813182E-09  5.29883834010717E-08 -5.92080117061532E-07
  2.18820855138687E-06 -2.54770483421040E-06  1.33169220366973E-06 -1.02658026810168E-06  3.84974670197347E-07
 -1.01429666533472E-07 -1.25646130144719E-11  9.39976085851097E-12 -4.13414732616402E-12  1.59544417559615E-12
  4.23900610030529E-11 -3.15493780405076E-11  1.32726022779556E-11 -5.16970122753210E-12 -1.25524576328352E-09
  1.03388545613013E-09 -4.94339557499446E-10 -3.04283114116026E-11  3.27987807958078E-11 -2.60215785707991E-11
  1.28516254907158E-11 -1.47625778141499E-13 -2.14147265187422E-09  1.76826365293934E-09 -8.45565858000247E-10
 -5.74517409144074E-11
* ORBITAL    1   41
  4.66829008265990E-15  1.90337091077746E-13 -1.68636201342346E-13  5.98373269686043E-12 -8.39476824002281E-12
  1.00077968828887E-10 -1.63764752271000E-10  1.24454338438302E-09 -3.06580107809368E-09  3.62002160984726E-09
 -2.50515570988170E-09  1.29728313229625E-09 -5.44365728289468E-10  1.29590907343333E-10  3.77798191354898E-11
  3.36648158379164E-10  2.02672442872794E-09  3.43076628962977E-09 -4.15792513230870E-09  4.44135993071737E-09
 -1.05191499355940E-09  8.60439822517116E-10 -2.12146447383616E-10 -1.33092626971068E-12 -1.32438529654117E-11
 -7.13613161458245E-11 -1.55706936618213E-10  1.96205720541448E-10 -1.66425074621364E-10  6.12505796498080E-11
 -3.72583259626493E-11  9.36577264161873E-12 -3.33159725228108E-11  1.94698330586850E-10 -2.03184409501633E-09
  6.97709800898575E-09 -7.02173555643953E-09  4.30855281817199E-09 -2.54971526720955E-09  1.06979240963367E-09
 -2.78297705186359E-10 -7.24038203557708E-02  5.93470916830281E-02 -2.82796984503546E-02  9.27998171864313E-03
 -8.55955543878966E-02  7.01599333983924E-02 -3.34321649726901E-02  1.09707633660654E-02  1.64690998308664E-01
 -1.34991934513904E-01  6.43254975600363E-02 -2.11084090041495E-02  1.34060948873869E+00 -1.09885464398393E+00
  5.23619221966435E-01 -1.71825623101033E-01  2.89880655268855E-01 -2.37605885171549E-01  1.13222444302924E-01
 -3.71539397820381E-02
* ORBITAL    1   42
  4.92568797487739E-15  1.73312911627010E-13 -1.56154525222849E-13  5.43488304152596E-12 -7.66029024839231E-12
  9.09292146494794E-11 -1.48996288633156E-10  1.13173153435482E-09 -2.79204960957823E-09  3.29652622254058E-09
 -2.27949060738947E-09  1.18449133873861E-09 -4.94691531479584E-10  1.17997450550335E-10  3.24917200384981E-11
 -1.47367618017158E-10  1.96024882206769E-09 -5.94114509762926E-09  5.92907240044331E-09 -3.48668654969041E-09
  2.18988667344914E-09 -8.85625864129623E-10  2.31312845948501E-10 -3.86805623761664E-12 -1.51784466398457E-11
 -2.17692231574758E-10  3.50094424007135E-11  2.45076917831573E-11 -1.19847927790724E-10 -1.55541376863515E-11
 -1.79522740564582E-11  3.98224649171160E-12  5.12006782825423E-11  3.48208694669616E-10  2.80045553787256E-09
  2.45054530991067E-09 -3.28412029172762E-09  4.21264188048286E-09 -6.59992370499553E-10  7.64042337973182E-10
 -1.85170504334961E-10 -1.69417404050375E-02  1.38866017862930E-02 -6.61715511038025E-03  2.17141913877411E-03
 -1.11907635664309E-01  9.17271033656115E-02 -4.37092155545647E-02  1.43431770319419E-02  1.30865207982474E+00
 -1.07266017982999E+00  5.11137202605111E-01 -1.67729649033949E-01 -7.45686535954135E-02  6.11215361275428E-02
 -2.91252454250589E-02  9.55744791860874E-03 -4.35907720779886E-01  3.57299591978507E-01 -1.70258127757746E-01
  5.58701966285627E-02
* ORBITAL    1   43
  2.64944674513051E-15  1.80697899818566E-13 -1.60757410839773E-13  5.61816622053293E-12 -7.88791207211753E-12
  9.39343357524906E-11 -1.53812688198577E-10  1.16810555992390E-09 -2.87726315463342E-09  3.39825667763351E-09
 -2.35264822994442E-09  1.21788509824214E-09 -5.11405194181577E-10  1.21699766607354E-10 -2.83231203139057E-12
  9.04719837898541E-12 -1.68557519171807E-10  4.45369720838000E-10 -4.48132871314111E-10  2.31125484364465E-10
 -1.74173399306208E-10  6.43386481007975E-11 -1.69761974420015E-11  3.42991371377550E-11  3.51701899124952E-10
  1.81658971492989E-09  4.04701677734586E-09 -4.76170296195446E-09  4.81290630446988E-09 -1.27003974742357E-09
  9.51179128129708E-10 -2.35776803988206E-10  9.47683043070253E-12  5.43939846795558E-12  5.49901188043471E-10
 -7.23686680407191E-10  6.07172449825956E-10 -2.52681131646975E-10  2.45627092359274E-10 -7.18484008152047E-11
  1.95798103802688E-11  2.72148949017768E-01 -2.23071773692689E-01  1.06296741995179E-01 -3.48812708948111E-02
  1.32010626920601E+00 -1.08204881186346E+00  5.15611013787097E-01 -1.69197729964798E-01  2.01334719222538E-01
 -1.65027618460182E-01  7.86379105304447E-02 -2.58050266483040E-02  1.98568271770880E-02 -1.62760050123525E-02
  7.75573832983741E-03 -2.54504516875672E-03  2.51557264757365E-01 -2.06193429874079E-01  9.82539810102896E-02
 -3.22420392553569E-02
* ORBITAL    1   44
  1.50939563700252E-14  6.49659501985210E-13 -5.84213454566279E-13  2.03149016357215E-11 -2.85823169657963E-11
  3.39744161034589E-10 -5.56460434393068E-10  4.22686799821029E-09 -1.04210684874197E-08  1.23048923950849E-08
 -8.51201468565145E-09  4.41657637932419E-09 -1.84832453615044E-09  4.40495357632204E-10 -3.25781608734835E-11
  9.98746835885685E-12 -1.89581058374315E-09  3.16429492360550E-09 -2.98077754576271E-09  1.16950042684747E-09
 -1.24436171155229E-09  3.78429664710661E-10 -1.02443529540733E-10 -3.58834164880885E-11  3.44137266892913E-11
 -2.10308076650851E-09  3.92652667696781E-09 -3.68952460280266E-09  1.74851145286901E-09 -1.46107600082269E-09
  4.94527687025763E-10 -1.31969575358904E-10  1.83249918766871E-11  7.12982509858932E-11  1.02820772816257E-09
 -2.14726430625453E-10  3.33937534464112E-12  6.28026011869112E-10  1.54991462893350E-10  7.33252457985313E-11
 -1.52203296087635E-11  7.11064665246076E-01 -5.82836923159382E-01  2.77729741512465E-01 -9.11370016371003E-02
 -3.90374285650829E-01  3.19977294119239E-01 -1.52473543892611E-01  5.00341862692884E-02  3.11251548097846E-01
 -2.55122921285926E-01  1.21569550874085E-01 -3.98930424118242E-02 -2.51816758554148E-01  2.06406128626324E-01
 -9.83553348683517E-02  3.22752985186072E-02  1.05007732358596E+00 -8.60714737028893E-01  4.10142308991897E-01
 -1.34588179438576E-01
* ORBITAL    1   45
 -1.05511387880496E-14 -4.22420386655137E-13  3.79119797826712E-13 -1.32087264578296E-11  1.85739419780938E-11
 -2.20926146036785E-10  3.61833488999893E-10 -2.74836603243631E-09  6.77444960343794E-09 -7.99956991314706E-09
  5.53484318062571E-09 -2.87024341391002E-09  1.20216470221100E-09 -2.86401619309244E-10  2.65293874857115E-11
 -5.29008838715111E-11  1.56894569883388E-09 -3.45763931289632E-09  3.31282673434274E-09 -1.76020888221005E-09
  1.26566515845036E-09 -4.66658912537733E-10  1.23208977742766E-10 -3.50578790373965E-11  7.77764839835331E-11
 -2.07336822199266E-09  4.77061557204218E-09 -4.66949686788927E-09  2.37723450700125E-09 -1.81637673220658E-09
  6.56951792246838E-10 -1.73821395586116E-10 -1.49269075358619E-11 -2.75497955468382E-11 -8.53372701541654E-10
  7.88926233248409E-10 -6.45954234633597E-10  1.26577989813983E-11 -3.27301753926149E-10  5.19546997476220E-11
 -1.58984384419505E-11  1.15574620408964E+00 -9.47328132683766E-01  4.51414773092186E-01 -1.48131736594991E-01
 -7.76792759062902E-02  6.36712135694217E-02 -3.03402014935413E-02  9.95613569551507E-03 -2.09404026561943E-01
  1.71641771139798E-01 -8.17896444723304E-02  2.68392679936800E-02  2.33144534104855E-01 -1.91101104514660E-01
  9.10622821778148E-02 -2.98820836207020E-02 -6.93517739033636E-01  5.68454269956699E-01 -2.70876211137225E-01
  8.88880159664235E-02
* ORBITAL    1   46
  3.37523072512455E-14 -7.11956578447484E-11  1.68092622987623E-10 -2.30432420944587E-09  5.48331608719429E-09
 -3.37730445461776E-08  9.27456520566971E-08 -7.18842652261979E-07  1.79158101159740E-06 -1.82954141779815E-06
  6.62182932049271E-07 -1.20921647014549E-07  1.74901772637882E-07 -2.59067106702097E-08  2.05539059106849E-02
 -6.25783996176138E-02  1.20846287414945E+00 -2.78733459799293E+00  2.54153216186085E+00 -1.56980229018113E+00
  9.01645711140438E-01 -3.77760638056277E-01  9.84965709711206E-02  2.29565179992177E-04 -6.98933951118445E-04
  1.34972400777231E-02 -3.11315514456129E-02  2.83862004558386E-02 -1.75330154272190E-02  1.00704197334678E-02
 -4.21918291509827E-03  1.10010149598696E-03 -1.45679291658168E-02  4.43535012520867E-02 -8.56518543570494E-01
  1.97557063735170E+00 -1.80135399443488E+00  1.11262397911329E+00 -6.39056679303534E-01  2.67744254757940E-01
 -6.98111139726012E-02 -4.53746910177462E-10  4.64703846126007E-10 -8.19695447365015E-11  1.10194288359344E-10
  3.58627335990412E-10 -3.67536270961070E-10  1.33052014792636E-10 -6.89620341522521E-11 -2.46499252797035E-09
  3.72325702654456E-09  5.58907410187724E-10  1.00538137709085E-09 -2.47260056935357E-10 -1.87690363669488E-09
 -1.52963774064794E-09 -1.03638058446588E-09  2.32173308659588E-09 -1.85862014961236E-09  7.14587587264548E-10
 -1.38837684631683E-10
* ORBITAL    1   47
 -8.98881249029762E-13  1.68304586592708E-10 -4.45723983527109E-10  5.57429997120153E-09 -1.39169407253778E-08
  9.02401633820259E-08 -2.21957492620151E-07  1.50761882742915E-06 -3.90295880260234E-06  4.50052204891218E-06
 -2.43925883362931E-06  1.00085715623135E-06 -6.15107309325801E-07  1.10430953932670E-07  1.45695027155225E-02
 -4.43582922396672E-02  8.56611059765941E-01 -1.97578402615859E+00  1.80154856584700E+00 -1.11274415711036E+00
  6.39125706037587E-01 -2.67773174528356E-01  6.98186544372230E-02 -1.80733856909730E-04  5.50262146911930E-04
 -1.06262119461878E-02  2.45094894929411E-02 -2.23481082604718E-02  1.38035284914138E-02 -7.92831822901408E-03
  3.32171107876542E-03 -8.66096446295353E-04  2.05532779642660E-02 -6.25764878074224E-02  1.20842595437781E+00
 -2.78724944114400E+00  2.54145451422011E+00 -1.56975433020667E+00  9.01618164471668E-01 -3.77749096752119E-01
  9.84935614357864E-02 -3.53937221190151E-10  3.89167605831033E-10  2.90784844727830E-11  8.79233356819280E-11
 -5.00018118197045E-10  4.78258757344086E-10 -2.35360327581653E-10  9.55469847100806E-11  6.57651194212306E-10
 -2.92661680343927E-09 -1.52663189636690E-09 -1.27192050459385E-09  3.29400438087586E-09 -4.16145232668466E-09
 -2.18879992781689E-10 -9.76467268170609E-10  1.63763592906970E-09 -1.30881007477060E-09  5.05571946350929E-10
 -9.63655237014920E-11
* ORBITAL    1   48
 -2.90099642295449E-13 -9.16631832737683E-12  3.75578539848581E-12 -2.74667751949476E-10  2.94019790731773E-10
 -3.86458431846590E-09  4.05329696864970E-09 -7.95413425309021E-08  2.34437592845158E-07 -2.63648663813753E-07
  1.16297764142852E-07 -3.57713572709094E-08  3.24493351670460E-08 -6.35780285265592E-09 -8.27734639050431E-05
  2.52012035239899E-04 -4.86664960419775E-03  1.12249873054723E-02 -1.02351064002793E-02  6.32181379016866E-03
 -3.63105367411459E-03  1.52129497336386E-03 -3.96659417140245E-04  2.51923596335135E-02 -7.67006455943349E-02
  1.48117986971175E+00 -3.41635960898510E+00  3.11508626728497E+00 -1.92406356978349E+00  1.10512239398241E+00
 -4.63010825506621E-01  1.20724522981528E-01  2.80202537196547E-04 -8.53104472959191E-04  1.64744533223530E-02
 -3.79985296619745E-02  3.46476110161258E-02 -2.14004365518256E-02  1.22917466961601E-02 -5.14984742552187E-03
  1.34276092261863E-03  2.84125379915338E-09 -2.27292174402919E-09  8.76260406653055E-10 -1.68942235926385E-10
  1.69643797264536E-09 -3.93122189541805E-09 -1.37741098214354E-09 -1.40891059585636E-09  3.74399200937459E-10
 -3.60230746970788E-10  1.20972479704832E-10 -1.16586691223446E-10  2.37391011989552E-11 -2.31067083407136E-11
 -1.06521688328842E-11  6.06205564637398E-12  5.74714979451791E-10 -6.04076672889645E-10  5.00288606072865E-11
 -1.40720460413352E-10
* ORBITAL    1   49
  1.03114452021359E-04 -4.49714509194600E-04  7.27987861055934E-03 -2.28567434749706E-02  1.73176439191855E-01
 -4.84257860822240E-01  3.20222651404397E+00 -7.03684827603739E+00  7.58524483337744E+00 -5.10157570286759E+00
  2.95437695081306E+00 -1.56567954158989E+00  6.00461626889232E-01 -1.51762907279701E-01  3.68731033107147E-10
 -7.33687050692612E-09  2.05745990421306E-08 -1.65991105079310E-08  1.12434616419624E-08 -6.53051519678035E-09
  4.52931073577948E-09 -1.45574516349662E-09  3.31383398655546E-10 -3.89806794742283E-11  2.83727419786853E-09
 -4.83101383291048E-09  7.43566610404929E-09  5.92430753075170E-09  2.16890627906596E-08  9.06289284269539E-09
  3.28624994341594E-10  5.26042651449746E-11  1.21788770970601E-08 -2.62287073493754E-07  6.97534751979114E-07
 -6.07482981793392E-07  2.93514943695488E-07 -4.33383825834200E-07  2.60004317765666E-08 -5.44783951483887E-08
  1.30761973687036E-08  2.08882778922096E-12 -2.02840702707401E-12  1.10377724950055E-12 -2.39657768998552E-13
 -7.09672785743093E-12  6.94926881586635E-12 -4.06673516578654E-12  9.06152024323142E-13  2.11915999857752E-10
 -1.74728058811609E-10  8.69520617859187E-11 -1.36229179848727E-10 -5.32144394680847E-12  4.71738919364976E-12
 -2.08555961116379E-12  2.98453715331736E-12  3.61725293693494E-10 -2.96770126540597E-10  1.47958734501082E-10
 -2.35734207836289E-10
* ORBITAL    1   50
  2.26449507519915E-11 -1.73050423839357E-10  1.76663607277333E-09 -7.73877159922319E-09  4.31843103847361E-08
 -1.88380380649665E-07  7.72024556321814E-07 -1.25703983609129E-06  1.02496882860342E-06 -7.51953289377032E-07
  8.34981252490976E-07 -5.45377705967767E-07  1.30473294780940E-07 -4.66442720318938E-08  3.58159493253196E-02
 -9.56837288524468E-01  1.56739888915869E+00 -1.19976347451453E+00  7.74608478190513E-01 -4.88598952367937E-01
  2.49426495284948E-01 -1.13568283465816E-01  2.98284582462245E-02  5.21664522014645E-04 -1.39364742310929E-02
  2.28293928057620E-02 -1.74747295666196E-02  1.12822853047446E-02 -7.11651484501261E-03  3.63293325707692E-03
 -1.65413858166142E-03  4.34455824365987E-04 -5.18412888952693E-02  1.38496058946353E+00 -2.26870933582721E+00
  1.73658065857542E+00 -1.12119607726162E+00  7.07215637446926E-01 -3.61028849962540E-01  1.64382804376555E-01
 -4.31747798078043E-02  8.88498689461907E-11 -8.13011416562874E-11 -7.52958986589967E-12 -2.14948847586732E-11
 -1.44581152637634E-10  1.32109039635440E-10 -2.25150028951440E-11  1.93247523420289E-11  1.48083346118379E-09
 -1.94328342268988E-09 -1.08045356671284E-09 -6.02738177214162E-10 -6.61147263326784E-10  9.95906013052533E-10
  5.19154749648072E-10  4.32962736977857E-10 -1.27944488383756E-10  8.39050234670688E-11  2.44563675583702E-11
 -4.58873332901345E-11
* ORBITAL    1   51
  1.58652919765624E-11 -1.02919024322752E-10  1.19436205186554E-09 -4.78975707123368E-09  2.86557697288596E-08
 -1.18054257309276E-07  5.28665211855140E-07 -8.45140145286364E-07  5.83849525951392E-07 -3.02382493022393E-07
  3.81529979270514E-07 -2.54742337309756E-07  3.54845947176531E-08 -2.43720833529037E-08 -5.18436922665022E-02
  1.38502479702423E+00 -2.26881451355387E+00  1.73666116661534E+00 -1.12124805570359E+00  7.07248424238920E-01
 -3.61045587350819E-01  1.64390425280779E-01 -4.31767813770845E-02  1.76309480349819E-04 -4.71017756348131E-03
  7.71576023987386E-03 -5.90601881577219E-03  3.81312849255887E-03 -2.40520291978346E-03  1.22784001060000E-03
 -5.59057212496832E-04  1.46835135698224E-04 -3.58158356212372E-02  9.56834250846115E-01 -1.56739391233349E+00
  1.19975966473330E+00 -7.74606018336176E-01  4.88597400919922E-01 -2.49425703264602E-01  1.13567922948304E-01
 -2.98283637104781E-02 -1.30395154516834E-10  1.38507405884207E-10  8.87483016990609E-11  3.78227283940677E-11
 -9.57945615560987E-11  7.96225438708233E-11 -3.42626871992989E-11  1.35540819277029E-11  8.67825806408477E-10
 -1.22113729551174E-09 -6.64547540216887E-10 -4.80948797192683E-10  1.34556652944088E-09 -1.72684902783949E-09
 -9.85853683033932E-10 -5.15982617082149E-10  1.82837181639737E-10 -1.18935534414032E-10 -3.43813042338508E-11
  6.71352231535992E-11
* ORBITAL    1   52
 -4.14719707912656E-13  8.37044210101197E-12 -4.42854209491617E-11  3.31875054734997E-10 -1.17693804210926E-09
  9.00772968948805E-09 -1.86342018392006E-08  3.95496384341177E-09  2.44572237057733E-08 -1.15703696808102E-08
 -2.85398893140750E-08  2.36997504014577E-08 -1.11398066631846E-09  9.73710227924609E-10  1.51457914950749E-04
 -4.04625827827698E-03  6.62819118343207E-03 -5.07354038113508E-03  3.27565175592320E-03 -2.06617937508806E-03
  1.05477073071250E-03 -4.80255758905463E-04  1.26138148080356E-04 -6.30100832923230E-02  1.68333935110687E+00
 -2.75748463703626E+00  2.11071306715085E+00 -1.36274879655836E+00  8.59579601098894E-01 -4.38809637974177E-01
  1.99797778063656E-01 -5.24764529225042E-02 -5.29414205952040E-04  1.41435105076264E-02 -2.31685387525278E-02
  1.77343280756809E-02 -1.14498907320106E-02  7.22223539769915E-03 -3.68690279099780E-03  1.67871201769588E-03
 -4.40910130409791E-04  2.23165562481151E-10 -1.45448504189658E-10 -4.18164306462724E-11  8.13495082562299E-11
  1.48145968844756E-09 -1.98559188450165E-09 -1.10649120305569E-09 -6.70407991754223E-10  1.07010762482704E-10
 -8.99861628276732E-11  3.34981360934196E-12 -3.94519532339043E-11 -1.90484134753167E-12 -1.39245389643539E-12
 -1.11836529296671E-11  3.91956489195825E-12  1.57773309229681E-10 -1.60173320582305E-10 -7.72884469490439E-11
 -4.33344307900062E-11
* ORBITAL    1   53
 -1.12752941796594E-04  3.55123192925731E-03 -1.51958407721383E-02  1.32578645142833E-01 -4.61190871106670E-01
  3.27020490367442E+00 -5.68600561777618E+00  5.32709074045969E+00 -3.73920972967796E+00  2.42727830602541E+00
 -1.38775294845913E+00  6.78015838813599E-01 -3.03121284478451E-01  7.23104636393445E-02  1.41560397529119E-09
 -1.44914919218026E-08  1.79532895991726E-09 -5.06315143512646E-09  1.35787289181229E-09 -5.52170935399756E-09
 -9.06758263964988E-10 -4.17220827144230E-10  6.81246412277987E-11  2.04788138823925E-09 -1.99131541070989E-08
  3.23393106349520E-09 -6.09179034973637E-09  5.40025635802295E-09  3.32499351132990E-10  2.62417866643120E-09
 -6.71765513422252E-10  1.98767272919920E-10 -2.54552527866044E-08  2.45256720218745E-07 -4.28329072452338E-08
  7.49321329058686E-08 -6.98668964207913E-08 -1.14478850623877E-08 -3.67519432223390E-08  7.96510240161425E-09
 -2.36237453526968E-09  5.26519253438688E-13 -5.27954121276579E-13  2.87911112796730E-13 -5.45631591522334E-14
 -1.78581331771992E-12  1.81215599042306E-12 -1.07922356779532E-12  2.16225838134796E-13  5.20711983637193E-11
 -4.31133295914973E-11  2.15497952107411E-11 -4.12580433908600E-11 -1.33037398984835E-12  1.20437902799849E-12
 -5.10784777057303E-13  8.96478750301956E-13  8.88289365964032E-11 -7.31041452074659E-11  3.66464307888312E-11
 -7.14475034759980E-11
* ORBITAL    1   54
  2.20872796101425E-13 -7.99237612975923E-12  3.20380332417843E-11 -2.94571636525037E-10  9.63206684875339E-10
 -7.77539298880997E-09  1.34397247441801E-08 -7.62165851870989E-09 -8.56024604033518E-09  2.29521292433239E-08
 -2.44789665646662E-08  1.62901232687903E-08 -6.66263723981482E-09  9.45275633195848E-10  1.30649778089041E+00
 -1.30634448772188E+00  1.01368904701273E+00 -7.33391851707970E-01  4.80512734687589E-01 -2.87553194685264E-01
  1.66668011005130E-01 -7.23215507471175E-02  1.92009079559827E-02  1.04047980713292E-03 -1.04035774240175E-03
  8.07290310281812E-04 -5.84064838850860E-04  3.82674811939108E-04 -2.29004058582614E-04  1.32732490182038E-04
 -5.75960556952888E-05  1.52913870805514E-05 -3.44644257345809E-02  3.44603820099986E-02 -2.67403522993807E-02
  1.93463237343919E-02 -1.26755633975671E-02  7.58543633783718E-03 -4.39657639757034E-03  1.90778795879832E-03
 -5.06505477591915E-04 -2.59057630840453E-11  2.79790504762864E-11  1.22864138501263E-11  8.16371924455801E-12
  8.59608664036995E-13 -1.70263311013348E-12 -2.13379777221309E-12  1.05927312508774E-13 -2.58446075044661E-11
  2.53256784982402E-11  1.83784958510142E-11 -5.73225438315647E-12  2.48437948824142E-10 -3.50262680063910E-10
 -1.79039123907254E-10 -1.25597945437868E-10  3.18495821836536E-11 -2.07952019018792E-11 -9.36085626540304E-12
  1.47257364507697E-11
* ORBITAL    1   55
 -5.00310050939905E-12  1.36075167898541E-10 -6.37573318068168E-10  5.13752599345641E-09 -2.19504784622492E-08
  1.14873341181459E-07 -1.51645585825333E-07  1.31129861102673E-07 -1.30753229627984E-07  7.15624075026691E-08
  3.70687245461718E-08 -3.86558308235936E-08 -3.61503843003143E-09 -2.71964194124464E-09  3.44667983475751E-02
 -3.44627542752396E-02  2.67421930789358E-02 -1.93476555530201E-02  1.26764360276305E-02 -7.58595850952814E-03
  4.39687903924036E-03 -1.90791926554412E-03  5.06540321514433E-04 -3.08848557771685E-03  3.08812325491028E-03
 -2.39630261481786E-03  1.73369614894202E-03 -1.13590444817354E-03  6.79759211883119E-04 -3.93993599482389E-04
  1.70963998804520E-04 -4.53898568267968E-05  1.30649448211866E+00 -1.30634118925868E+00  1.01368648762561E+00
 -7.33389999995908E-01  4.80511521436094E-01 -2.87552468670564E-01  1.66667590203384E-01 -7.23213681482863E-02
  1.92008594548582E-02 -6.11202681495773E-13  2.51662765174778E-12  7.99641092556431E-12  1.01804175946952E-12
 -2.69712590966074E-11  2.50753338724674E-11 -8.79683965292096E-12  3.91021336392742E-12  2.87350134435217E-10
 -4.04655826551150E-10 -2.05321007371359E-10 -1.44060687746042E-10  3.80753410786258E-11 -3.27925230877545E-11
 -2.99494604731957E-11  8.07677189736072E-12  7.76969117461785E-13 -4.69775068721228E-13 -2.28562642223548E-13
  4.15449804546931E-13
* ORBITAL    1   56
  4.35573788006054E-13 -1.05597097144621E-11  5.21431705611146E-11 -4.00936595977117E-10  1.72275563483099E-09
 -9.13349772760008E-09  1.42777488742761E-08 -1.53022414639785E-08  1.49568673830320E-08 -8.03532290856262E-09
 -2.01644021085564E-09  2.63297046450176E-09  5.76068351879321E-10  5.92524770426212E-12 -9.58671461829801E-04
  9.58558961609357E-04 -7.43816597453542E-04  5.38142385286772E-04 -3.52586782469541E-04  2.10998472525149E-04
 -1.22296312375840E-04  5.30675199806020E-05 -1.40890798642059E-05  1.30694862602654E+00 -1.30679526414688E+00
  1.01403884341120E+00 -7.33644924174503E-01  4.80678545655499E-01 -2.87652419925565E-01  1.66725520704825E-01
 -7.23465044564557E-02  1.92075314668346E-02  3.11484998279123E-03 -3.11448445435297E-03  2.41675819148373E-03
 -1.74849556176265E-03  1.14560094207941E-03 -6.85561854608299E-04  3.97356842791024E-04 -1.72423366986953E-04
  4.57772746801530E-05  3.18619756904957E-11 -2.07965121288430E-11 -9.34402914404175E-12  1.47332018726221E-11
  2.49293368397120E-10 -3.50946607775643E-10 -1.79783963596770E-10 -1.25323764754829E-10  1.58283872369934E-11
 -1.35439546370054E-11  2.59560500390162E-12 -6.44516575244580E-12 -1.42596563024183E-13 -5.83084154927480E-13
 -2.15853589942529E-12  4.19149570444698E-13  2.59102709009514E-11 -2.80359987745660E-11 -1.24927014487782E-11
 -8.18755489151596E-12
* ORBITAL    1   57
  9.90371841060849E-04 -7.63829733141602E-03  8.11519525640096E-02 -3.75253550349725E-01  2.87979883520892E+00
 -4.33924345963892E+00  3.84126990433388E+00 -2.88819674519552E+00  1.99850491293592E+00 -1.25349806663674E+00
  7.25931632058764E-01 -3.74861296568210E-01  1.56985576526323E-01 -3.87601111195813E-02  3.55968625826400E-10
  1.20481412486629E-09  9.10406841678092E-10  9.44006698446993E-11  2.81548329248967E-10  6.33004253425375E-10
  4.00098640902956E-10  8.41838157441117E-12  2.86248692735926E-13 -5.68581841376757E-10 -1.91726074662236E-09
 -1.36683563622882E-09  4.73947623945480E-11  3.48019560951073E-10  8.34574481236875E-10  4.08154282047643E-10
  2.16134327623347E-12  5.09378044564352E-12  8.48983599347373E-09  2.85628885930585E-08  2.03350426847947E-08
 -3.85864419273966E-10 -3.91723390205750E-09 -9.60875902193669E-09 -4.57774320840182E-09 -6.75796446979257E-11
 -4.05409104276998E-11  5.49137632647471E-14 -5.52930151955323E-14  3.00078092583371E-14 -5.32118619485593E-15
 -1.88741196341139E-13  1.94229548710881E-13 -1.17524238459310E-13  2.25811727533749E-14  5.50936248893910E-12
 -4.59519311152217E-12  2.32490426568545E-12 -4.62716550268052E-12 -1.39937578591168E-13  1.28494927716497E-13
 -5.46908000578863E-14  1.00035084451787E-13  9.40155467048930E-12 -7.79251861048799E-12  3.95643090974791E-12
 -8.01480052983505E-12
* ORBITAL    1   58
 -2.40771302500217E-03  4.11737868506675E-02 -2.73125475786066E-01  2.43383732498176E+00 -3.32194080674358E+00
  2.76110945720472E+00 -2.05052419429613E+00  1.49930484518976E+00 -1.03963549783665E+00  6.64225515387881E-01
 -3.87378809199547E-01  1.99184717152803E-01 -8.47198898459938E-02  2.08162493072779E-02  1.47699335101271E-11
  9.12724574363173E-11  6.73147527132172E-11  1.27199147529122E-12 -1.24959760289828E-11 -3.07696795891115E-11
 -1.47310982084292E-11 -2.86194582858890E-13 -2.00666122044363E-13 -7.07257629944176E-11 -4.40276926919183E-10
 -3.25697533615787E-10 -1.23467191221553E-11  2.94998401975434E-11  6.91535354113658E-11  3.23971396915862E-11
  9.86472151360728E-13  1.71547785602149E-13  9.35894995397197E-10  5.82818933387523E-09  4.29675414674450E-09
  1.55308601491798E-10 -4.41979135702463E-10 -1.03828769859714E-09 -4.99700957601750E-10 -1.60204191104143E-11
 -2.03336870147278E-12  2.09390523460530E-15 -2.94469923588784E-15  1.57409632408956E-15 -4.04906159441886E-16
 -7.09475343431367E-15  6.57239625496823E-15 -3.79606520314904E-15 -1.88318259116175E-16  2.31109482572294E-13
 -1.90757638090391E-13  9.39767918018859E-14 -1.94450536437574E-13 -5.95336267327864E-15  4.96675618518005E-15
 -2.45504214893493E-15  3.49985854946243E-15  3.95240607016116E-13 -3.24387841106285E-13  1.61630226466392E-13
 -3.39457634925155E-13
* ORBITAL    1   59
  1.43016938993235E-02 -1.67600395182748E-01  1.99480211392327E+00 -2.44597187089415E+00  1.90062393024231E+00
 -1.37223982441546E+00  1.00875777857774E+00 -7.46773249712822E-01  5.23395663642697E-01 -3.36325105940420E-01
  1.96829445566115E-01 -1.01462152169102E-01  4.31494686386072E-02 -1.06117883240483E-02  4.98261366731476E-12
  3.51873094075533E-11  2.70320075946525E-11  1.62101323666175E-12 -1.36383397308473E-13 -3.19011506160303E-13
  2.45174684003298E-13 -6.22195595317100E-14  1.65741341207236E-14 -1.36382065722227E-11 -9.63553678040406E-11
 -7.35141143215157E-11 -2.83467649729361E-12  7.51578402391495E-12  1.80455011831230E-11  8.88065983204794E-12
  3.64835631786513E-13  1.40229359477656E-14  1.84225685875074E-10  1.30095702654070E-09  9.92809074896937E-10
  3.80610386562699E-11 -1.01219822098705E-10 -2.43626095683546E-10 -1.19797045599698E-10 -4.98471102355804E-12
 -1.68074254673653E-13 -1.12159861785282E-16 -2.81511850737794E-16 -2.04948943532810E-16  2.22941974919073E-16
  1.95505548520686E-16 -1.48121891927421E-16 -2.67517342412370E-16  3.23648733961719E-17  4.44716348835482E-15
 -3.11454280672623E-15  1.43442301648515E-15 -3.16901243159390E-15 -4.97247542284372E-16  8.35646116300042E-16
 -1.00880919326558E-15  4.92572829654032E-16  5.80715583307382E-15 -4.70504249688938E-15  2.70429094355866E-15
 -6.69497267092977E-15
* ORBITAL    1   60
 -7.51994470948958E-02  1.59431496131236E+00 -1.67602531311503E+00  1.20592316025036E+00 -8.47612077884616E-01
  6.14669480932038E-01 -4.58320576906593E-01  3.42420328342027E-01 -2.41177306818673E-01  1.55385657467547E-01
 -9.10567142235499E-02  4.69687218565355E-02 -1.99815907144253E-02  4.91477811254903E-03  6.00422255041909E-13
  4.36049019556369E-12  3.31054609972076E-12 -1.18662937787973E-13 -1.37499959051166E-12 -3.35107338423653E-12
 -1.80177713058603E-12 -4.34657553619446E-14 -1.13465444643783E-14 -3.07635541572370E-12 -2.23291631649263E-11
 -1.73325897024612E-11 -7.69195890853570E-13  9.79322711958921E-13  2.48962883047766E-12  1.09207016595241E-12
  7.12656745076089E-14 -4.74294453413775E-15  3.90240277882713E-11  2.83454069009068E-10  2.19682643389534E-10
  8.80874588223790E-12 -1.68691025684582E-11 -4.22656737134850E-11 -1.97514384804359E-11 -1.05670215166956E-12
  2.97037762023945E-14 -4.88032397550428E-16  2.51771649956954E-15 -2.98996290220288E-15  1.90672763437570E-15
 -1.05914274051657E-15  1.68081533924655E-15 -1.82714130539137E-15  1.29695456561207E-15  1.22674982656798E-15
 -1.36150413914719E-15 -1.79185169584673E-16  5.62538248652535E-16 -1.33915575303462E-16  2.03172621736727E-16
 -1.08989348993638E-15  8.64488859756261E-17 -4.75037104289890E-16  7.89479245396673E-16 -5.14534118839254E-16
 -4.41835632668602E-16
* ORBITAL    1   61
  1.25985271433922E+00 -9.86154907580696E-01  6.37223950273103E-01 -4.34673327354807E-01  3.10458555015755E-01
 -2.28340775342294E-01  1.71542441337269E-01 -1.28626888159798E-01  9.07521009207084E-02 -5.85196624692824E-02
  3.43069298448135E-02 -1.76998093560992E-02  7.53058517828990E-03 -1.85234965674336E-03  8.76380281866191E-14
  6.53248804034573E-13  4.78096087826234E-13 -7.49977343644755E-14 -4.62927213324124E-13 -1.11593845267493E-12
 -6.13961833490240E-13 -1.11451830235733E-14 -4.76729527979059E-15 -5.77373822587918E-13 -4.22626820379443E-12
 -3.29822642047405E-12 -1.81831082012716E-13  3.17527521928317E-14  9.17137488274067E-14  2.13997899912733E-15
  7.31611346318084E-15 -1.42139082328701E-15  7.00516039786148E-12  5.13609076041362E-11  3.99991471852995E-11
  2.00898672120824E-12 -1.33787035552532E-12 -3.47488764795085E-12 -1.26859051094832E-12 -1.44774603312020E-13
  2.08477274038867E-14  1.51249166931614E-16 -4.84267502675725E-16  2.47607953485690E-16 -5.41690605642808E-16
 -2.07431181587018E-16  9.79697826081313E-17  8.78735756906484E-17  6.21669720514515E-17  3.51203369918703E-16
 -2.92011710426239E-16 -6.01653512063885E-16  4.12830199358685E-16  1.58320577241803E-16  3.38879040828670E-16
 -5.55879104757135E-16  4.28060219959381E-16 -6.69995127590992E-16  1.60369409738223E-15 -1.64232393904442E-15
  2.19742906029634E-16
#OCC
* OCCUPATION NUMBERS
  0.00000000000000E+00  0.00000000000000E+00  0.00000000000000E+00  0.00000000000000E+00  0.00000000000000E+00
  0.00000000000000E+00  0.00000000000000E+00  0.00000000000000E+00  0.00000000000000E+00  0.00000000000000E+00
  0.00000000000000E+00  0.00000000000000E+00  0.00000000000000E+00  0.00000000000000E+00  0.00000000000000E+00
  0.00000000000000E+00  0.00000000000000E+00  0.00000000000000E+00  0.00000000000000E+00  0.00000000000000E+00
  0.00000000000000E+00  0.00000000000000E+00  0.00000000000000E+00  0.00000000000000E+00  0.00000000000000E+00
  0.00000000000000E+00  0.00000000000000E+00  0.00000000000000E+00  0.00000000000000E+00  0.00000000000000E+00
  0.00000000000000E+00  0.00000000000000E+00  0.00000000000000E+00  0.00000000000000E+00  0.00000000000000E+00
  0.00000000000000E+00  0.00000000000000E+00  0.00000000000000E+00  0.00000000000000E+00  0.00000000000000E+00
  0.00000000000000E+00  0.00000000000000E+00  0.00000000000000E+00  0.00000000000000E+00  0.00000000000000E+00
  0.00000000000000E+00  0.00000000000000E+00  0.00000000000000E+00  0.00000000000000E+00  0.00000000000000E+00
  0.00000000000000E+00  0.00000000000000E+00  0.00000000000000E+00  0.00000000000000E+00  0.00000000000000E+00
  0.00000000000000E+00  0.00000000000000E+00  0.00000000000000E+00  0.00000000000000E+00  0.00000000000000E+00
  0.00000000000000E+00
#OCHR
* OCCUPATION NUMBERS (HUMAN-READABLE)
  0.0000  0.0000  0.0000  0.0000  0.0000  0.0000  0.0000  0.0000  0.0000  0.0000
  0.0000  0.0000  0.0000  0.0000  0.0000  0.0000  0.0000  0.0000  0.0000  0.0000
  0.0000  0.0000  0.0000  0.0000  0.0000  0.0000  0.0000  0.0000  0.0000  0.0000
  0.0000  0.0000  0.0000  0.0000  0.0000  0.0000  0.0000  0.0000  0.0000  0.0000
  0.0000  0.0000  0.0000  0.0000  0.0000  0.0000  0.0000  0.0000  0.0000  0.0000
  0.0000  0.0000  0.0000  0.0000  0.0000  0.0000  0.0000  0.0000  0.0000  0.0000
  0.0000
#ONE
* ONE ELECTRON ENERGIES
  0.0000E+00  0.0000E+00  0.0000E+00  0.0000E+00  0.0000E+00  0.0000E+00  0.0000E+00  0.0000E+00  0.0000E+00  0.0000E+00
  0.0000E+00  0.0000E+00  0.0000E+00  0.0000E+00  0.0000E+00  0.0000E+00  0.0000E+00  0.0000E+00  0.0000E+00  0.0000E+00
  0.0000E+00  0.0000E+00  0.0000E+00  0.0000E+00  0.0000E+00  0.0000E+00  0.0000E+00  0.0000E+00  0.0000E+00  0.0000E+00
  0.0000E+00  0.0000E+00  0.0000E+00  0.0000E+00  0.0000E+00  0.0000E+00  0.0000E+00  0.0000E+00  0.0000E+00  0.0000E+00
  0.0000E+00  0.0000E+00  0.0000E+00  0.0000E+00  0.0000E+00  0.0000E+00  0.0000E+00  0.0000E+00  0.0000E+00  0.0000E+00
  0.0000E+00  0.0000E+00  0.0000E+00  0.0000E+00  0.0000E+00  0.0000E+00  0.0000E+00  0.0000E+00  0.0000E+00  0.0000E+00
  0.0000E+00
#INDEX
* 1234567890
0 222222222s
1 ssssssssss
2 ssssssssss
3 ssssssssss
4 ssssssssss
5 ssssssssss
6 s
