#INPORB 2.2
#INFO
* RASSCF natural orbitals for root number  1 E=      -14.653836945868
       0       1       0
      61
      61
*BC:HOST dzemail-jasarevic-compchemp-comp PID 257106 DATE Fri Feb 13 17:18:18 2026
#ORB
* ORBITAL    1    1
  5.33587536508682E-05  4.18463743065800E-04  2.22814919668683E-03  9.57109637252619E-03  3.48661304305503E-02
  1.06158011618352E-01  2.45915914976893E-01  3.86693208723930E-01  3.12138938840697E-01  6.52951493275242E-02
 -4.69147970232483E-03 -5.94494496848253E-03 -2.87458075079247E-03  9.23408393369579E-05  1.32812351071281E-12
 -3.25137881479206E-11  6.81238989712502E-12 -1.02872093343861E-10  1.54821334017221E-11 -2.00050955109119E-11
  3.58605206337200E-11  7.22012277595296E-12  2.80803920341257E-12  4.21920190371150E-12  1.12868120830978E-11
  1.26124523557766E-10  1.33712870309247E-10  9.27851728915903E-12 -3.79514297824736E-11 -7.24252273514095E-11
 -2.30681091123043E-11  5.08485266456725E-12 -5.13943921668873E-11 -8.32588393595452E-11 -1.25133749894815E-09
 -1.65210856961832E-09 -5.73967712797113E-12  3.42583195826870E-10  8.73091973633909E-10  2.30033141197454E-10
 -6.05894331943084E-11 -2.55369986730056E-13 -5.53507389096021E-14 -6.72618069572982E-14  1.39164760704008E-15
  8.62784130668779E-13  1.38143109227731E-13  3.98862896906360E-13  2.68571734947466E-14 -2.48381808739091E-11
  2.72056714296098E-12 -7.59473479874762E-12 -7.28469665423125E-12  5.56695411937779E-13  1.60119189001157E-13
  1.89380706554348E-13  3.31450823450495E-13 -4.25316019306552E-11  5.03402555473876E-12 -1.29278859461711E-11
 -1.24695646505031E-11
* ORBITAL    1    2
 -9.37852358867827E-06 -7.35843317574725E-05 -3.92228719129926E-04 -1.69247004473489E-03 -6.24131801108256E-03
 -1.96414742039605E-02 -4.89206823420772E-02 -9.30027402879891E-02 -1.30296891154239E-01 -6.12534092600624E-02
  2.90108981053905E-01  6.24164235864108E-01  2.31490840011237E-01 -1.91648809673983E-03  2.11723579029892E-11
  1.00646661110920E-10  6.16008675941874E-10  4.75916777412369E-11  5.01836859182677E-10  4.57511052760432E-09
 -5.91225107836703E-09  9.30187441756798E-10 -5.26721656724865E-10 -2.07988578029541E-11 -2.81892160680480E-10
 -3.99981532719678E-10 -1.70840845871592E-09 -3.34346730566195E-09 -1.14172464962647E-09  3.81449326109784E-09
  2.32522298904358E-09 -5.52908014319673E-10  2.25147532080916E-10  2.92756545537249E-09  4.63924335441461E-09
  1.71318663271413E-08  4.00500698856297E-08  1.25417415661606E-08 -4.66995151019129E-08 -2.47176038300191E-08
  6.32955863752978E-09 -2.76228111355329E-12 -2.47859496476247E-12  4.15833827763822E-12  2.79888037375616E-12
  9.04291856091090E-12  7.67767851142701E-12 -1.25271349813399E-11 -9.07515293097067E-12 -1.24135266044676E-10
 -1.74279019493679E-10  2.60202825587701E-10  5.71595315935741E-10  6.71917563810505E-12  8.54333109080993E-12
 -1.36753795538899E-11 -1.80271075795294E-11 -2.06103016630804E-10 -2.91863618763221E-10  4.31980173820214E-10
  9.83266531116380E-10
* ORBITAL    1    3
 -1.19248288362037E-10 -1.10883118615773E-09 -3.01460459868592E-09 -2.82765933067154E-08 -4.42444294894073E-08
 -5.12703582893153E-07  2.58542070852954E-07 -3.20221052725741E-07  8.38954771006527E-07  4.91945670713346E-08
 -1.17794169189946E-06  8.25170265137671E-07 -1.30886841113350E-07  6.63485526842599E-08 -5.31000488336382E-02
 -3.89806174163484E-01 -3.02628542404969E-01 -1.10597460775573E-02  2.85141033532605E-02  7.08184021118592E-02
  3.42477188688792E-02  1.59317670144016E-03  6.94480422988778E-06 -4.83633497863607E-04 -3.55034265927748E-03
 -2.75633122258150E-03 -1.00731706189395E-04  2.59705158676165E-04  6.45011787945107E-04  3.11927026327202E-04
  1.45105572416542E-05  6.33525541836302E-08  5.89892341762859E-02  4.33038542610346E-01  3.36192270203540E-01
  1.22863537568194E-02 -3.16765269397151E-02 -7.86726826518485E-02 -3.80460426979213E-02 -1.76987163236805E-03
 -7.71473620669009E-06 -2.89103223150811E-10  2.90154622821811E-10  6.08856410337443E-11  8.41726096018328E-11
  3.53711129584852E-10 -3.45980784062330E-10  5.91719189371999E-11 -5.20124793612999E-11 -3.78134089542785E-09
  5.27635602289681E-09  3.10939734022712E-09  1.74760232280624E-09  2.38497513847243E-09 -3.68998642806227E-09
 -1.96764460867491E-09 -1.61977419429937E-09  3.67284670760151E-10 -2.36563820532381E-10 -1.24336619929825E-10
  1.81072775430062E-10
* ORBITAL    1    4
 -1.15000445646257E-10 -9.47278860992186E-10 -3.30820523339015E-09 -2.30836548690222E-08 -5.53165081558531E-08
 -4.04360607116411E-07  1.23962019912262E-07 -3.06518166828008E-07  1.12221150676469E-06 -5.87110407394495E-07
 -4.80166008970160E-07  3.67123660881604E-07  4.76148870581674E-08  3.80197637117970E-08  5.89910264435941E-02
  4.33051697499387E-01  3.36202485321224E-01  1.22867262701568E-02 -3.16774896734458E-02 -7.86750737891065E-02
 -3.80471981387626E-02 -1.76992585166052E-03 -7.71492998429421E-06 -2.33672950064319E-04 -1.71538790081295E-03
 -1.33175236329311E-03 -4.86696674222413E-05  1.25479483272607E-04  3.11644679890851E-04  1.50711053724988E-04
  7.01093862331216E-06  3.06088399623902E-08  5.30997461245717E-02  3.89803952409684E-01  3.02626818069994E-01
  1.10596834183946E-02 -2.85139413024535E-02 -7.08179986417378E-02 -3.42475237400121E-02 -1.59316791156172E-03
 -6.94418648402805E-06  3.22487704553864E-10 -3.71357141046105E-10 -2.75475712929453E-10 -1.14100461681535E-10
  3.08640564629315E-10 -2.77623201008074E-10  1.16340417370433E-10 -4.84469560653811E-11 -2.98389060533498E-09
  4.41575119555893E-09  2.47226820129494E-09  1.80900120122963E-09 -3.45523869140235E-09  4.69385315333559E-09
  2.88743750209665E-09  1.48465855224057E-09 -4.03765071804212E-10  2.57886249446335E-10  1.36046028969054E-10
 -2.02722810572141E-10
* ORBITAL    1    5
  9.95090017964761E-12  1.11812388365074E-10  1.52330471724812E-10  2.99898576284122E-09  8.97807261565098E-10
  5.42587129927455E-08 -6.48718994148087E-08  1.11137057194257E-07 -1.68174471777979E-07  6.29290477041817E-08
  7.63713146896063E-08 -5.95727040398299E-08 -1.49642750069121E-10 -2.04619743013531E-09 -1.49888443033013E-04
 -1.10032731710903E-03 -8.54246639850935E-04 -3.12189481528047E-05  8.04884634879218E-05  1.99903150725839E-04
  9.66729239045270E-05  4.49727523710287E-06  1.94549888338823E-08  7.93680564192722E-02  5.82638998047337E-01
  4.52335714746433E-01  1.65308455921073E-02 -4.26197058595703E-02 -1.05851567743407E-01 -5.11896541598982E-02
 -2.38135179755557E-03 -1.03398096313274E-05  5.15788638797565E-04  3.78639151413896E-03  2.93959101463487E-03
  1.07429040568554E-04 -2.76972812320034E-04 -6.87896793716170E-04 -3.32666031715900E-04 -1.54758219143750E-05
 -6.69091413652133E-08 -5.45849953684966E-10  3.49715267504912E-10  1.83400667852032E-10 -2.71904945419359E-10
 -4.16072602848915E-09  5.95454410075848E-09  3.46315471542034E-09  2.18657799551949E-09 -2.85303080079363E-10
  2.52853017082184E-10 -1.82596093441100E-11  1.21786368127975E-10  4.97182581435382E-12  5.21146728544034E-12
  3.68279665196575E-11 -1.08412354170135E-11 -4.33083713159841E-10  4.70152591323112E-10  2.45458805145265E-10
  1.41110627688697E-10
* ORBITAL    1    6
  8.50162057109194E-05  6.94339668183579E-04  3.53895370660240E-03  1.70241936471264E-02  6.85078439384287E-02
  3.42042534127557E-01  7.40912653832795E-01 -1.95118605600182E-01 -7.92375115064046E-01 -1.80694191572450E-01
  7.98828108584600E-02  1.93460711706813E-01  6.99203248315378E-02 -2.66575841603650E-04  3.40547023670990E-10
  3.45059761833891E-09  3.02790865881481E-09 -4.80142941622627E-12 -1.80886288781380E-10  9.96732069765558E-11
 -2.07730739797918E-09 -4.25153898683160E-10  2.60727303166896E-10 -2.04049395524323E-09 -1.65928445055912E-08
 -1.62498902534872E-08 -5.67903155546055E-09 -1.40879073997160E-08 -2.99364649307693E-08 -1.52050529647878E-08
  7.12416075156941E-10 -4.19636243190565E-10  3.08601035271003E-08  2.52891512778824E-07  2.54059665455720E-07
  6.66234962651422E-08  1.49342782492965E-07  3.13406881566957E-07  1.58606664551051E-07 -7.05833176310140E-09
  3.87341420311338E-09 -4.21069867941391E-12  4.30484249806153E-12 -2.37075531787417E-12  4.31421570769143E-13
  1.43014412969205E-11 -1.47676586830374E-11  8.90554748108605E-12 -1.70554648418144E-12 -4.16892735561279E-10
  3.47339278405600E-10 -1.75307121125017E-10  3.58601512632278E-10  1.06455619376984E-11 -9.77253908838858E-12
  4.13409692924626E-12 -7.78673506893624E-12 -7.11182749992711E-10  5.88700854772172E-10 -2.98134543984041E-10
  6.21124372353051E-10
* ORBITAL    1    7
  1.69512527873365E-12  4.72983634493953E-11 -8.61423732169892E-11  1.49715827842187E-09 -3.12583075084973E-09
  2.70616541992368E-08 -5.21156533454895E-08  1.42670720777470E-07 -7.40178584118950E-08 -5.88417947587109E-08
 -1.49113394106576E-08 -5.18107122380717E-08  9.61876214180971E-08  3.12923342436991E-08 -1.29450368276548E-06
 -8.21120637759058E-06 -2.33972810403841E-05 -5.65814961654130E-05 -2.53034669886594E-04 -6.09111291776284E-04
 -3.38355569617093E-04 -6.63327556735247E-06 -2.32568697503515E-06  1.14714382517211E-03  7.27652935770869E-03
  2.07339784613763E-02  5.01406434758022E-02  2.24232015499151E-01  5.39776725369036E-01  2.99841006096428E-01
  5.87816599085309E-03  2.06103846935272E-03  4.21657089465290E-06  2.67462389760446E-05  7.62116587284907E-05
  1.84302111621060E-04  8.24206403068258E-04  1.98404988941689E-03  1.10212101564172E-03  2.16064937994203E-05
  7.57539157495874E-06  7.31124579838285E-10 -1.20830438938840E-09 -1.61406827677667E-09  1.07328368618207E-09
 -2.85287246348362E-09 -1.63153161313653E-08 -5.17004432787099E-11 -1.75980785762405E-09 -2.00925048984750E-10
 -6.69138248513004E-10  2.63816494546537E-10  1.90248697944442E-11  4.79389099488331E-12  4.38848157663595E-12
 -7.79213657255916E-11 -1.36072251726987E-11 -3.37382486269337E-10 -1.11240743896705E-09 -1.08004300831762E-10
 -1.06267482329496E-10
* ORBITAL    1    8
 -1.76398886590777E-11 -2.32951870132588E-10 -1.28156459970803E-10 -6.82504104711407E-09  2.19915554011863E-09
 -1.16861858448524E-07  1.69545381438088E-07 -7.59094024148920E-07  4.26127807294082E-07  1.32309620474092E-07
  6.66125041306877E-07  6.61638927023809E-08 -7.26905638913140E-07 -1.70823031295428E-07  8.71797972339197E-04
  5.52997384876157E-03  1.57572774511952E-02  3.81055532912126E-02  1.70410503621790E-01  4.10216291497725E-01
  2.27871399995192E-01  4.46724655998695E-03  1.56636110730445E-03 -1.75679738296096E-06 -1.11437696386681E-05
 -3.17533535918719E-05 -7.67883260754516E-05 -3.43403975815245E-04 -8.26650288251281E-04 -4.59196877115694E-04
 -9.00217159640760E-06 -3.15656297998424E-06  7.45599716679891E-04  4.72947545909019E-03  1.34763124147913E-02
  3.25895348261526E-02  1.45742513236228E-01  3.50834908045555E-01  1.94885584550861E-01  3.82058460476054E-03
  1.33962037359695E-03  2.57033776311930E-10  8.58813499244777E-10  1.88109523067810E-10  1.42686837244011E-10
  2.15638746347053E-10  7.24369026682075E-10 -2.06403012413164E-10 -1.52879050733705E-10 -2.45928473853535E-09
 -1.16939927482386E-08  8.58285595182936E-10 -1.71939587213884E-09 -1.69849205602507E-09 -1.31995234507442E-08
 -1.25216736058857E-09 -7.93172298397178E-10  5.56454089761379E-10 -9.15771291784628E-10 -1.22673135080864E-09
  8.15874421172904E-10
* ORBITAL    1    9
 -2.00034783458325E-11 -3.34438687561180E-10  2.30113922952156E-10 -1.01984756345775E-08  1.39398321690136E-08
 -1.80326402414977E-07  2.54610038592203E-07 -8.09370399961072E-07  4.44568261760433E-08  1.05738561784635E-06
 -1.90313723431704E-07  6.12388307808742E-07 -9.52687083348084E-07 -2.07493243506141E-07 -7.45600649041260E-04
 -4.72948141672553E-03 -1.34763295512418E-02 -3.25895755207631E-02 -1.45742698323303E-01 -3.50835353001700E-01
 -1.94885832188766E-01 -3.82058937116625E-03 -1.33962250527755E-03 -4.04577028331402E-06 -2.56632381510918E-05
 -7.31255465043264E-05 -1.76837605049998E-04 -7.90832993670544E-04 -1.90371209294220E-03 -1.05749513554645E-03
 -2.07313008950017E-05 -7.26931600148691E-06  8.71789468105088E-04  5.52992044953539E-03  1.57571247120166E-02
  3.81051833175826E-02  1.70408856321599E-01  4.10212326453607E-01  2.27869198531606E-01  4.46720335161316E-03
  1.56634617565174E-03 -2.18563254451105E-10 -7.07375693169997E-10  5.37544672755268E-11  3.37054446983253E-12
  2.58764603304332E-10  8.89948936016196E-10 -1.31774568386202E-10 -1.46953176167595E-10 -2.23105652622503E-09
 -1.47939821560584E-08 -8.01599461848123E-10 -1.15465624207750E-09  2.40528425026835E-09  9.67482830531897E-09
 -1.38510787657589E-09  1.77942616178418E-09 -4.74236153373447E-10  7.88335220296295E-10  1.04989007678463E-09
 -6.96766916271731E-10
* ORBITAL    1   10
 -7.15534434201137E-14 -3.38909210786830E-13 -3.51849729024443E-12 -5.99116136605485E-12 -6.81661978973354E-11
 -8.95423494439349E-11 -1.01947356214273E-09 -8.99362770807135E-12 -1.23002367603227E-09  1.63845476395000E-08
 -2.35196858673435E-08  3.86872910698093E-08 -1.36973600571772E-07  1.62365527012864E-07  4.76029205721253E-07
  1.12496808676932E-06  2.15369788699540E-05 -2.42728277308025E-05  9.25886240356848E-05 -4.22048006093649E-04
  6.78369268628991E-04 -2.32944471303473E-03  4.73316625098900E-03 -1.36259928341507E-04 -3.22013656774218E-04
 -6.16480556946277E-03  6.94792668157657E-03 -2.65028337082694E-02  1.20808239844783E-01 -1.94178379057971E-01
  6.66786969859216E-01 -1.35483517009076E+00 -1.69394797779838E-06 -4.00319410594273E-06 -7.66392516205149E-05
  8.63747614893838E-05 -3.29476245734219E-04  1.50185613069471E-03 -2.41397430879449E-03  8.28931964226094E-03
 -1.68429530527751E-02  7.46093158428771E-12 -2.05314575693352E-11 -3.99710247663837E-11 -6.58653608809890E-11
  1.26086480863806E-10 -7.98690608817755E-10  1.14846568470082E-09 -4.97324837990874E-09  8.43376387709430E-12
 -4.54967944391454E-11  9.03911936320384E-11 -2.58546439538820E-10 -4.20679908413549E-13  1.94812377615444E-12
 -8.62072582864001E-12  7.44824022332292E-12  1.08504435277390E-11 -6.30956690620670E-11  9.69665298937663E-11
 -3.88623884723225E-10
* ORBITAL    1   11
  4.82345122150224E-13  2.26952410075176E-12  2.39092161014194E-11  3.98140012212322E-11  4.66001324423341E-10
  5.87070733809207E-10  7.01065808757303E-09  4.94203399681787E-11  6.44824915973568E-09 -1.05280307300618E-07
  1.51069594847051E-07 -2.44671905286889E-07  8.87405801258725E-07 -1.06041253942700E-06 -1.20621946681027E-04
 -2.85058995486879E-04 -5.45729438669532E-03  6.15052188703745E-03 -2.34611849066706E-02  1.06943412956660E-01
 -1.71893045760186E-01  5.90261707148393E-01 -1.19934444653824E+00  3.66831656917012E-07  8.66913639545559E-07
  1.65965496948670E-05 -1.87047524044860E-05  7.13493915400119E-05 -3.25232763114038E-04  5.22755434714983E-04
 -1.79508437602485E-03  3.64740658125526E-03 -6.34045496455004E-05 -1.49840352571951E-04 -2.86860978485658E-03
  3.23300289985998E-03 -1.23322989828511E-02  5.62144734442957E-02 -9.03550466599471E-02  3.10269235905766E-01
 -6.30431690244196E-01 -9.59749212150752E-12  5.68935596268147E-11 -8.14116205632490E-11  3.61290052342882E-10
 -5.52868916178781E-12  2.83788411370140E-11 -6.10930070486161E-11  1.34634641216174E-10  6.42120027373517E-11
 -4.17181514125451E-10  6.50358995405585E-10 -2.61053907366231E-09  1.15142665251148E-10 -7.19095281230011E-10
  9.92200584599733E-10 -4.47431211469674E-09  6.54108307762979E-12 -1.78299197041714E-11 -3.60485237928611E-11
 -5.64272530840711E-11
* ORBITAL    1   12
  8.55315920500662E-13  3.86431817149262E-12  4.26885817131022E-11  6.56382493767484E-11  8.35795868445829E-10
  9.82005283723055E-10  1.26647241436482E-08 -1.34782463465042E-09  1.52337057610498E-08 -1.95377812611660E-07
  2.81801346443453E-07 -4.52603557994736E-07  1.59982686103947E-06 -1.90038342172406E-06  6.34038279614321E-05
  1.49838675999744E-04  2.86857708916309E-03 -3.23296568448131E-03  1.23321580265989E-02 -5.62138300819250E-02
  9.03540122863253E-02 -3.10265685572752E-01  6.30424474134491E-01  1.72090354617272E-06  4.06691811678116E-06
  7.78587711337183E-05 -8.77489208106401E-05  3.34718741502623E-04 -1.52575238796731E-03  2.45238315493222E-03
 -8.42121266014084E-03  1.71109430511569E-02 -1.20610606932542E-04 -2.85032181921828E-04 -5.45678137349135E-03
  6.14994392701546E-03 -2.34589796818365E-02  1.06933361388282E-01 -1.71876889480962E-01  5.90206228508497E-01
 -1.19923172060994E+00  5.06142076109171E-12 -2.73828081115425E-11  5.35401929510425E-11 -1.47985213042147E-10
 -1.13140503051637E-11  6.11469794665536E-11 -1.16427980750598E-10  3.10901680539419E-10  1.30788771703623E-10
 -8.22475296739422E-10  1.15791751913633E-09 -5.10409004305782E-09 -5.22551096781135E-11  3.50238247909472E-10
 -5.83997033818759E-10  2.18516972716472E-09 -3.59183205839748E-12  1.02689705388098E-11  1.75704452304091E-11
  3.51965411660987E-11
* ORBITAL    1   13
  6.42241689747750E-07  1.60145796642541E-06  3.49849932738514E-05  5.53218146716998E-06  7.12412459394637E-04
 -1.25727527245443E-04  1.04656837041720E-02 -7.86697794647520E-03  3.43136018360345E-02 -1.77327612855148E-01
  2.81201933058901E-01 -6.48785152915305E-01  1.83599976875140E+00 -1.93568226223572E+00  1.35975227420995E-10
  1.20021294152110E-09  4.55407805245583E-09  6.87751158527353E-09  9.06234447012345E-09 -1.47811888005048E-09
  9.34345287145592E-09 -4.30486551606851E-08  5.21044895894762E-08 -1.13239953413999E-11 -2.01678650908109E-11
 -1.00087353226080E-09  1.90884034592412E-09 -1.05057230946323E-09  2.97452703152475E-08 -2.04767145329512E-08
  1.39992260364173E-07 -1.70248577600253E-07  4.90563783507643E-10  3.44721726678668E-09  2.31182846506735E-08
 -1.27594373814011E-09  3.61737165504054E-08 -3.21423044601835E-07  2.42365511323805E-07 -1.60667827546720E-06
  1.95804662286855E-06 -1.41512013647393E-13  2.01274347929967E-13 -4.88383152136341E-13  9.17641261884850E-13
  4.78412199422164E-13 -6.80540636578249E-13  1.71570651308512E-12 -2.73451846453174E-12 -1.43442244773462E-11
  3.08972556974065E-11 -8.92108752660503E-11  3.70880919827915E-10  4.29550878203482E-13 -9.19680353701511E-13
  2.58402637850651E-12 -1.04375673718512E-11 -2.44379130651583E-11  5.28159712290579E-11 -1.53401239629580E-10
  6.38661592106285E-10
* ORBITAL    1   14
 -3.87495519118883E-14 -9.40634021660091E-13 -2.05120356052577E-13 -2.84658095662141E-11  1.50772729132039E-11
 -5.14859428890843E-10  1.36184321741842E-10 -4.40648216225285E-09  1.12992829103114E-08 -8.78471444843082E-09
  3.93352801179324E-08 -1.51439321967610E-07  2.04440529500261E-07 -1.02296415435878E-07  3.89785944166078E-08
  4.02123816298548E-05  4.85446501647050E-06  3.93802320209676E-04 -1.13200022820196E-03  2.27251766400927E-03
 -1.07875936176423E-02  1.72397308973475E-02 -6.81123166486507E-03 -5.80078156999812E-06 -5.98435450010746E-03
 -7.22437038906437E-04 -5.86051525810616E-02  1.68462799704426E-01 -3.38193125497067E-01  1.60539567646549E+00
 -2.56559438643638E+00  1.01363868108961E+00 -1.39703683773369E-07 -1.44125804862095E-04 -1.73989586462223E-05
 -1.41143285336331E-03  4.05721915331846E-03 -8.14496497448229E-03  3.86639775983174E-02 -6.17891804982449E-02
  2.44122385682331E-02  3.03591628590274E-11 -1.00582841668254E-10 -9.15787708492621E-11 -7.13026946920817E-10
  7.80485817158428E-10 -5.06957636578074E-09  1.02532010439667E-08 -5.40326326944397E-08  5.72816447154533E-11
 -3.39762228477064E-10  7.73483537757485E-10 -3.41358126435199E-09 -3.95961031659164E-12  2.33764353592211E-11
 -7.26989778488150E-11  2.07414715141089E-10  6.45389873654463E-11 -3.97816857950703E-10  8.23655799051175E-10
 -4.20702201642243E-09
* ORBITAL    1   15
  5.89010841832580E-13  1.11550401708345E-11  9.99225408452142E-12  3.27953585040367E-10 -4.71038273572223E-12
  5.84493583952348E-09  1.13834555255419E-09  4.84970138133929E-08 -1.33578906034630E-07  1.06288053348354E-07
 -4.60287516595907E-07  1.75930715872479E-06 -2.35981745716440E-06  1.16969271607198E-06 -4.25363488321288E-06
 -4.38829537555424E-03 -5.29757168196528E-04 -4.29748449660563E-02  1.23532883528501E-01 -2.47995231319169E-01
  1.17722815987360E+00 -1.88133676262258E+00  7.43295833822052E-01  6.64539498130750E-08  6.85575202971896E-05
  8.27631208147627E-06  6.71388022655249E-04 -1.92993118957443E-03  3.87438330305801E-03 -1.83916162830132E-02
  2.93917741254227E-02 -1.16123728205184E-02 -3.94607645993205E-06 -4.07100112779392E-03 -4.91453226375649E-04
 -3.98675630187012E-02  1.14600879280020E-01 -2.30064018360231E-01  1.09210906765038E+00 -1.74530733070655E+00
  6.89552074939282E-01 -4.95753838905804E-11  3.12321406210597E-10 -6.15572591061886E-10  3.42409204034165E-09
 -4.67903230956170E-11  2.66903124863928E-10 -6.18902200987475E-10  2.39869680860909E-09  5.99303923402993E-10
 -3.92147887133834E-09  8.10036087618581E-09 -4.17961710977720E-08  5.98041092015188E-10 -3.83207650189606E-09
  7.51050971639375E-09 -4.08788183662702E-08  2.12415249393253E-11 -6.76860223615924E-11 -8.03898351980766E-11
 -4.61903165466972E-10
* ORBITAL    1   16
  6.24940607648848E-13  1.10692632251741E-11  1.23519798330786E-11  3.22902239808522E-10  4.50975077647991E-11
  5.79752558781333E-09  1.97718020425110E-09  4.50919315693523E-08 -1.23022235864895E-07  8.19546084888517E-08
 -4.25098675187757E-07  1.72947211183450E-06 -2.34981671518635E-06  1.17372670937655E-06  3.94644346981274E-06
  4.07137977669838E-03  4.91498934769654E-04  3.98712711171702E-02 -1.14611538450751E-01  2.30085416820418E-01
 -1.09221064604822E+00  1.74546966322996E+00 -6.89616209859736E-01  1.28919653884226E-07  1.33000558446945E-04
  1.60559204468741E-05  1.30248266689799E-03 -3.74403748765114E-03  7.51624535071780E-03 -3.56794590547842E-02
  5.70195998278889E-02 -2.25278286316442E-02 -4.25185781701240E-06 -4.38646374194075E-03 -5.29535997216479E-04
 -4.29569076808920E-02  1.23481322250697E-01 -2.47891721032222E-01  1.17673679798951E+00 -1.88055151219729E+00
  7.42985589647283E-01  4.14833961945072E-11 -2.48441405995218E-10  5.47872368646182E-10 -2.49682972503359E-09
 -5.87573791858585E-11  3.47879043694874E-10 -7.64039190145277E-10  3.28589516966952E-09  6.72938272385005E-10
 -4.34138170037832E-09  8.62665825374936E-09 -4.61721453481889E-08 -5.05291925702776E-10  3.33691691414640E-09
 -7.01050186582608E-09  3.55067571741685E-08 -2.18435356348632E-11  7.59635061546068E-11  4.73558901926615E-11
  5.67861209736420E-10
* ORBITAL    1   17
 -7.12352680191766E-15 -4.39704955919512E-15 -4.01620888529489E-13  3.87121836868181E-13 -8.17719895129326E-12
  1.25730943546316E-11 -9.34326823131777E-11  2.12976848000022E-10 -8.34242119537594E-10  1.73246942246583E-09
 -4.74563670666891E-09  1.38747116685718E-08 -1.73248437711805E-08  6.26316017324392E-09  4.29025452836224E-12
  8.22633333043815E-11  1.39386497585406E-10  6.95213362206117E-10 -9.97888121827658E-10  3.24714846681413E-09
 -1.12244980582461E-08  1.36335444868708E-08 -4.68067907282321E-09 -9.36961028609381E-12 -2.14617130079883E-10
 -2.97713356908601E-10 -1.88174597922519E-09  3.10461104766458E-09 -9.37512039917037E-09  3.15214260939657E-08
 -3.95186646599605E-08  1.35980810656994E-08 -2.61233811488013E-11 -5.50553118091679E-10 -8.36251293333736E-10
 -4.75374751775318E-09  7.33613742720090E-09 -2.28882482849950E-08  7.77975092196362E-08 -9.64604563646306E-08
  3.31540939205004E-08 -3.49737977100266E-03  2.21332169465620E-02 -6.77333182031343E-02  3.58132474942658E-01
 -2.18605467963130E-03  1.38344777087778E-02 -4.23370485669331E-02  2.23852490728910E-01 -6.55395520639225E-03
  4.14767974709014E-02 -1.26929633766071E-01  6.71126486797215E-01  7.67986700818771E-04 -4.86021460959992E-03
  1.48735027212419E-02 -7.86420108157236E-02 -7.56790501480906E-03  4.78935930616021E-02 -1.46566673397762E-01
  7.74955175289105E-01
* ORBITAL    1   18
 -2.52802824617094E-15 -1.42783402589674E-15 -1.59542715677622E-13  1.48415121672462E-13 -3.24611067103858E-12
  4.92438363526023E-12 -3.70632800473105E-11  8.39511408456592E-11 -3.29992548221586E-10  6.85090571287301E-10
 -1.87499112913793E-09  5.48487658157936E-09 -6.84878930454100E-09  2.47597863064898E-09  2.84564905602897E-12
  4.75527420305531E-11  9.19963599233333E-11  3.91670426504208E-10 -4.54706350127069E-10  1.67418455473934E-09
 -5.80485830334932E-09  6.94250721014308E-09 -2.37632797362469E-09  3.35888788670474E-12  9.54127142855033E-11
  1.04953158696796E-10  8.60414665861809E-10 -1.57970145957142E-09  4.38244360231290E-09 -1.49526144701951E-08
  1.91023050617638E-08 -6.57693286831543E-09 -6.88358219443011E-12 -1.43604633588285E-10 -2.21015267448089E-10
 -1.23674446958462E-09  1.90015142248604E-09 -5.94435284563933E-09  2.02706701387292E-08 -2.50519828136994E-08
  8.60950456067681E-09  9.90304343565827E-03 -6.26715493156181E-02  1.91791008160159E-01 -1.01407387453161E+00
  1.67116639872873E-03 -1.05759999998288E-02  3.23652713951229E-02 -1.71127814999105E-01 -1.54950290557132E-03
  9.80605087707643E-03 -3.00090296929559E-02  1.58669445967452E-01  1.30981292040902E-03 -8.28916944168975E-03
  2.53669835939035E-02 -1.34125137526043E-01 -3.58443628870531E-03  2.26841553410527E-02 -6.94193309424936E-02
  3.67047081959167E-01
* ORBITAL    1   19
 -3.48540371544225E-16 -1.16843801431558E-15  1.47922075586891E-14 -6.88159869781970E-14  3.59552757209162E-13
 -1.37056064401988E-12  4.61285745976330E-12 -1.66748014004003E-11  5.20172155978190E-11 -1.10723771488575E-10
  3.20106962311897E-10 -9.03338589608372E-10  1.12842740630951E-09 -4.07084648254053E-10  7.13757177321084E-12
  1.36793357102041E-10  2.28734353921446E-10  1.16365970641424E-09 -1.64687775600387E-09  5.48333105845811E-09
 -1.84202048856697E-08  2.26233268828394E-08 -7.77073607962047E-09 -3.17733168367926E-11 -6.69127082875490E-10
 -1.01832382367935E-09 -5.77375422273577E-09  8.91182615005723E-09 -2.77661134956707E-08  9.45927306392617E-08
 -1.17180938714166E-07  4.02739596073620E-08  2.06494677391639E-11  4.60310759441447E-10  6.56340208300583E-10
  4.02329380360902E-09 -6.51260715530923E-09  1.99449360059089E-08 -6.70072329181069E-08  8.36989168043053E-08
 -2.87884099204894E-08  1.25030478060484E-03 -7.91257134496614E-03  2.42144968795368E-02 -1.28031490665837E-01
 -8.98674147333035E-03  5.68727194913365E-02 -1.74045102237374E-01  9.20244347540072E-01  5.15867282979066E-03
 -3.26467333720333E-02  9.99073737943242E-02 -5.28249257553995E-01  1.95557028942033E-03 -1.23758540104261E-02
  3.78732860815176E-02 -2.00250837289141E-01 -2.25097183888443E-03  1.42453068594061E-02 -4.35942910643629E-02
  2.30500022338411E-01
* ORBITAL    1   20
 -1.29583694054836E-16 -1.57298847230573E-16 -1.51280870475302E-14  4.80663497009650E-14 -3.55185594345450E-13
  1.04285741068282E-12 -4.35760346955237E-12  1.36522069525639E-11 -4.53830279868072E-11  9.60652164879106E-11
 -2.72848346931299E-10  7.78137766916776E-10 -9.72854870891303E-10  3.51068340815886E-10  3.07574505460569E-11
  6.39669652424989E-10  9.85580116507804E-10  5.51061571459163E-09 -8.42215798624631E-09  2.64722785072670E-08
 -8.99160771386123E-08  1.11289085101717E-07 -3.82481504977475E-08  1.56402767041755E-11  3.25196633679504E-10
  5.00817786617071E-10  2.80212638861445E-09 -4.27778198978676E-09  1.34578906671353E-08 -4.56698881849934E-08
  5.65517932629018E-08 -1.94358897112539E-08  1.57636087379533E-11  3.38798045201474E-10  5.07483209366701E-10
  2.92022254231683E-09 -4.54904206130179E-09  1.38242812030415E-08 -4.79531586747369E-08  5.94771883949214E-08
 -2.04394835935901E-08 -2.24251917703166E-03  1.41918140725299E-02 -4.34305894498371E-02  2.29634467954617E-01
  4.41739347079753E-03 -2.79555365527588E-02  8.55511088790623E-02 -4.52342084662202E-01  3.85614240460382E-03
 -2.44036513032075E-02  7.46814293727855E-02 -3.94869849158245E-01  8.42585198855542E-03 -5.33231225116604E-02
  1.63182425382711E-01 -8.62809137926409E-01 -2.72410458900064E-03  1.72395341070432E-02 -5.27573940872125E-02
  2.78948922360791E-01
* ORBITAL    1   21
  2.37700220135539E-15  9.58436304610424E-17  9.69424262068432E-14 -7.50716208131810E-14  1.94713645885682E-12
 -2.69953600892877E-12  2.20394872074586E-11 -4.80032917440272E-11  1.92776964464156E-10 -3.99397923796552E-10
  1.08807170766865E-09 -3.19271059914536E-09  3.98629158735334E-09 -1.44082821020281E-09  2.08641930462859E-11
  4.66055931153703E-10  6.65838910786326E-10  4.06193669784910E-09 -6.54978914806662E-09  1.98330371731330E-08
 -6.75286581253216E-08  8.42743321199376E-08 -2.89784912604688E-08 -1.02916026117300E-11 -2.14444626440952E-10
 -3.28176515736580E-10 -1.85182569271285E-09  2.82320626205640E-09 -8.92408011604994E-09  3.00519960840349E-08
 -3.73310609302441E-08  1.28320986620264E-08 -2.24027903380310E-11 -4.58715736252783E-10 -7.18008942817245E-10
 -3.94271685776234E-09  5.94494519228799E-09 -1.88678831528658E-08  6.40286784743635E-08 -7.90954347676801E-08
  2.71786767651474E-08  9.66297167902689E-04 -6.11522518365346E-03  1.87141568367315E-02 -9.89490472690211E-02
 -3.15931946726653E-03  1.99937975717082E-02 -6.11861464286589E-02  3.23515023825216E-01 -5.56693734525147E-03
  3.52304410838553E-02 -1.07814181762622E-01  5.70055635657552E-01  6.37990350930401E-03 -4.03753088592095E-02
  1.23558796164799E-01 -6.53303553683095E-01  5.93454540973520E-03 -3.75568538807755E-02  1.14933601387274E-01
 -6.07698784251898E-01
* ORBITAL    1   22
  7.93215337862160E-07  2.27156979107562E-05 -4.52827883825694E-06  6.91238031684546E-04 -5.95425873137080E-04
  1.16130930660968E-02 -7.72353494342484E-03  1.15728066148147E-01 -2.87251857065985E-01  4.64401420014399E-01
 -1.77519068160253E+00  4.45798875075344E+00 -4.43816621792543E+00  1.40478394854108E+00  4.41721857495060E-12
  5.01617774633788E-10  1.91301032920588E-10  5.12789662647894E-09 -1.25568448354235E-08  3.34197840402004E-08
 -1.24408057357235E-07  1.02552688115853E-07 -3.15876239714221E-08 -7.71207985214801E-11 -1.66603866682770E-09
 -2.46690937512319E-09 -1.54821454198331E-08  2.10675849694685E-08 -7.78921399651211E-08  2.71987013232283E-07
 -2.24980278838189E-07  6.88140496586555E-08  9.86233658269337E-10  2.02551199646617E-08  3.16928197148438E-08
  1.88611245649314E-07 -2.42537050601981E-07  9.28577793091632E-07 -3.21767925042199E-06  2.65998746764177E-06
 -8.12712968523538E-07 -3.82078265440891E-13  1.91331647800525E-13 -2.65199007631478E-13 -3.72447998761018E-12
  1.34280768345642E-12 -9.43008499184172E-13  2.17751417154907E-12  9.67845042025560E-12 -9.95754986067874E-12
 -1.32628732390453E-10  4.18567830388077E-10 -2.37494246712064E-09  3.42153111629452E-13  3.47840095265535E-12
 -1.10985244207881E-11  6.35372417069518E-11 -1.62580393889249E-11 -2.30150395143286E-10  7.23513746272888E-10
 -4.09916179222127E-09
* ORBITAL    1   23
 -1.68388937599058E-13  4.38086693817457E-13 -1.12106469809028E-11  2.58022194834536E-11 -2.52314824242964E-10
  3.70751246543401E-10 -3.71241806562408E-09  8.33919280095508E-09 -2.59790534550984E-08  1.14693136153695E-07
 -2.85144733703486E-07  3.95222637605557E-07 -2.73376289728633E-07  6.31738589175226E-08  7.33710125654234E-06
  4.21299391448156E-06  3.36855736395643E-04 -5.11196002642366E-04  2.11850659754722E-03 -9.56397589742727E-03
  1.32931980912842E-02 -7.14330565511874E-03  1.89721077780444E-03 -1.95681528120728E-03 -1.12361056648941E-03
 -8.98399034753207E-02  1.36336703421939E-01 -5.65008727549134E-01  2.55072596469084E+00 -3.54531480231810E+00
  1.90512975893096E+00 -5.05988809684175E-01 -2.38894267379329E-05 -1.37174055457720E-05 -1.09679424722938E-03
  1.66444200490119E-03 -6.89780699457361E-03  3.11400775700329E-02 -4.32823361590646E-02  2.32584329219353E-02
 -6.17727300272023E-03 -5.73391861947762E-11  2.69641856031164E-10 -3.94620234886929E-09  1.90424605307261E-09
 -1.76015056250928E-09  3.96165694441722E-09 -6.28432879123297E-08  4.46424992900714E-08 -3.50847576055713E-11
  4.79377755838736E-11 -1.86755713677822E-09  1.45018484208777E-09 -8.29647893864508E-12  3.00919450987756E-11
 -2.27200964100453E-10  1.19250570655351E-10 -1.23013705166374E-10  2.92543641917095E-10 -4.76075800471526E-09
  3.35716428709136E-09
* ORBITAL    1   24
  1.20152111332429E-12 -2.43488362466184E-12  7.83024282261949E-11 -1.63207829376508E-10  1.77607691486660E-09
 -2.51318736860539E-09  2.65200548788260E-08 -5.22215044184853E-08  1.38286124283016E-07 -6.62674299744645E-07
  1.74121766229265E-06 -2.48378967733444E-06  1.73513492186362E-06 -3.95273422819109E-07 -1.76079904340625E-03
 -1.01105923197002E-03 -8.08405433008045E-02  1.22679705644708E-01 -5.08411191131118E-01  2.29521695805048E+00
 -3.19017669803901E+00  1.71429081269385E+00 -4.55303381081246E-01  3.82382011054351E-06  2.19565335908925E-06
  1.75556495264734E-04 -2.66416077023291E-04  1.10408572056251E-03 -4.98438330598903E-03  6.92791301279627E-03
 -3.72282124392354E-03  9.88754693037510E-04 -8.54004211826502E-04 -4.90373301434419E-04 -3.92084291152947E-02
  5.95008190677911E-02 -2.46584242757109E-01  1.11320196201199E+00 -1.54726591180896E+00  8.31447279584481E-01
 -2.20826451540920E-01  1.28842378997443E-10 -3.19661583831910E-10  4.82006964653170E-09 -3.37891396147904E-09
 -3.01058139747880E-12  5.15055436583863E-11  4.72576718574255E-10 -3.69601665046883E-10 -8.13372413284607E-10
  1.72605548003724E-09 -2.83489164194356E-08  2.06940089418498E-08 -1.64446742481425E-09  3.79405243365652E-09
 -5.93034031563583E-08  4.17221157820437E-08 -5.13934713519295E-11  2.42468388590068E-10 -3.53850927859116E-09
  1.70428184811439E-09
* ORBITAL    1   25
  2.55529975070610E-12 -6.01391510401896E-12  1.68269092081001E-10 -3.73658281808640E-10  3.80901080351739E-09
 -5.70995006272610E-09  5.74861116277765E-08 -1.25014147795807E-07  3.45517403418455E-07 -1.46591150444117E-06
  3.60349788624683E-06 -4.94367756170194E-06  3.39610267068665E-06 -7.80984698429296E-07  8.53981255540423E-04
  4.90360134794917E-04  3.92073751479843E-02 -5.94992196078358E-02  2.46577614325583E-01 -1.11317203725920E+00
  1.54722431753908E+00 -8.31424928260910E-01  2.20820515680275E-01  2.46964807525821E-05  1.41808219010229E-05
  1.13384716354268E-03 -1.72067179655512E-03  7.13083532449421E-03 -3.21920805440943E-02  4.47445390116660E-02
 -2.40441702980638E-02  6.38595961604423E-03 -1.76064113183702E-03 -1.01096858419122E-03 -8.08332933804376E-02
  1.22668703369467E-01 -5.08365596253586E-01  2.29501111818958E+00 -3.18989059389717E+00  1.71413706966234E+00
 -4.55262547826778E-01 -1.62589089704123E-11  1.13667878615202E-11 -9.72145839277043E-10  7.26941796459538E-10
  3.92030943065204E-11 -1.61756981880872E-11  2.40031924967163E-09 -1.70443766375121E-09 -1.85522465247442E-09
  4.21492453973644E-09 -6.66521601519310E-08  4.70637492897767E-08  6.43801785470650E-10 -1.25564055532116E-09
  2.17987241499376E-08 -1.63221249391690E-08  2.65922403893038E-11 -1.21519924327750E-10  1.78091271384339E-09
 -8.72422504004913E-10
* ORBITAL    1   26
  2.12961343965731E-15  1.29256242230280E-14  1.17328410270138E-13  2.34388713668795E-13  2.09714096096226E-12
  1.87640093443574E-12  2.20186540493431E-11 -1.11115407877426E-11  1.19849596491623E-10 -4.36519250380767E-10
  9.94390657372486E-10 -1.09681797449031E-09  2.73342132506506E-10 -1.07923248075643E-10  9.01954604834591E-12
  2.43991917448008E-11  3.64238141151148E-10 -2.44581054713756E-10  2.04523389567610E-09 -6.36128699733081E-09
  7.84518447825678E-09 -4.16610378692387E-09  1.09243867732212E-09  1.72100847457981E-11  4.65136470345429E-11
  7.07498722538406E-10 -5.14754184612878E-10  4.03958611097579E-09 -1.35957464702165E-08  1.61425294886909E-08
 -8.52115460555565E-09  2.23434103127600E-09 -9.35901838692874E-11 -2.02414039686297E-10 -3.97969296835527E-09
  3.77380926235529E-09 -2.31174868142431E-08  8.25953298108438E-08 -9.63448201660573E-08  5.13515716265492E-08
 -1.34603321768576E-08  1.88030000542821E-02 -6.17314423711719E-02  5.38754675725161E-01 -2.80619943385983E-01
 -8.90415492859786E-03  2.92329056667825E-02 -2.55127112020818E-01  1.32887488419852E-01  2.40451644954997E-02
 -7.89418008856395E-02  6.88956270956094E-01 -3.58855112464115E-01 -1.63987246739814E-03  5.38380537316459E-03
 -4.69865956044580E-02  2.44738030023469E-02  3.68039725473677E-02 -1.20829777362638E-01  1.05452918345960E+00
 -5.49270258032235E-01
* ORBITAL    1   27
 -2.57045751582349E-16 -4.46661579214674E-15 -4.42605183255851E-14 -8.99509671817386E-14 -8.09247399846752E-13
 -7.00193154258578E-13 -8.54120797759547E-12  4.54190565469358E-12 -4.66995534362455E-11  1.70585802433436E-10
 -3.89911711361991E-10  4.30303787532480E-10 -1.08500192193132E-10  4.25408958890545E-11  9.40877202824221E-13
 -2.95363856201177E-12  5.42141926338341E-11 -1.37759928018629E-10  3.44436697438152E-10 -1.74723088677747E-09
  1.87728246098790E-09 -1.03638914469360E-09  2.70763382447925E-10 -3.19206553262540E-11 -6.59228206042799E-11
 -1.38999285475439E-09  1.43634728050717E-09 -8.14821697941564E-09  3.11912148910482E-08 -3.54603423951971E-08
  1.87995990943535E-08 -4.92481361682428E-09  3.50099919028284E-11  7.83809560917099E-11  1.48435644792808E-09
 -1.36922656470834E-09  8.59380351182396E-09 -3.06312433401275E-08  3.57645527518675E-08 -1.90223304209109E-08
  4.98562540273956E-09  4.45531933894270E-02 -1.46270961134970E-01  1.27656444119346E+00 -6.64921266315744E-01
  8.70767695348893E-03 -2.85878560059777E-02  2.49497508897829E-01 -1.29955209626848E-01 -8.21054022687661E-03
  2.69557245853535E-02 -2.35253253443005E-01  1.22535836133595E-01  3.25586811905415E-03 -1.06892216446544E-02
  9.32890585477887E-02 -4.85912633525925E-02 -1.51460876563253E-02  4.97255669093029E-02 -4.33974659350249E-01
  2.26043410520406E-01
* ORBITAL    1   28
  4.72720226761445E-16 -2.30997777507871E-15 -2.08231931721560E-14 -3.08350555196799E-14 -3.84724309125557E-13
 -1.70790563421582E-13 -4.25469905875885E-12  3.62580995170152E-12 -2.45931417639407E-11  9.26512124866120E-11
 -2.18599620338291E-10  2.42301037156129E-10 -6.80544397768806E-11  2.51489998445148E-11  9.07388586346768E-12
  1.64136656774851E-11  4.16506187659272E-10 -5.07762294624225E-10  2.47676101584419E-09 -1.07595079294011E-08
  1.17324485544517E-08 -6.15965886371349E-09  1.61138197625137E-09  1.20753330072549E-10  2.69829822270067E-10
  5.12468550716912E-09 -4.74655797468727E-09  2.96910262667640E-08 -1.06151458553458E-07  1.23777102025434E-07
 -6.58245841907934E-08  1.72521152055673E-08 -9.69722523670904E-11 -2.03480107000698E-10 -4.13339541677603E-09
  4.00707587164130E-09 -2.40540961286458E-08  8.60751891181065E-08 -1.00389091568525E-07  5.35924093780333E-08
 -1.40481101114971E-08  2.49881758887460E-03 -8.20377671309989E-03  7.15975991036328E-02 -3.72928813663101E-02
 -3.38775568809769E-02  1.11222169027246E-01 -9.70679791485740E-01  5.05595812726310E-01  2.40655231351046E-02
 -7.90086395923521E-02  6.89539598921837E-01 -3.59158949244256E-01 -1.38823466545261E-04  4.55766250345308E-04
 -3.97765204980213E-03  2.07183073022260E-03 -2.52017196369268E-02  8.27388448079664E-02 -7.22094572831041E-01
  3.76115785695235E-01
* ORBITAL    1   29
 -1.59524916333342E-16 -5.75982251947524E-16 -4.16519107798700E-15 -1.11006420841102E-14 -7.92439903552251E-14
 -8.79560376605525E-14 -8.54767705628590E-13  2.78235277430632E-13 -4.07453460226063E-12  1.60175465864312E-11
 -3.64777512899570E-11  3.91513250290014E-11 -9.14071254883940E-12  3.88584860538304E-12  1.66612729941528E-10
  3.68913420071600E-10  7.07580787998287E-09 -6.60173866862096E-09  4.10362244188887E-08 -1.46755776123533E-07
  1.71091758546330E-07 -9.10463375519464E-08  2.38635521652033E-08 -3.86896710199377E-13  1.93460514823395E-13
 -1.87511242095914E-11  3.44610462761063E-11 -1.21673475424176E-10  5.07695088311073E-10 -5.57796160962563E-10
  3.10440449985597E-10 -8.15360104188377E-11  2.12575028998299E-11  4.87062428744589E-11  9.31933544544078E-10
 -9.31680336099071E-10  5.42768376308975E-09 -2.16278630482403E-08  2.42503973883531E-08 -1.27176551059695E-08
  3.32882096860755E-09  2.41081940027917E-03 -7.91487307589258E-03  6.90762229753769E-02 -3.59795778199934E-02
  4.85635587042861E-04 -1.59437244926029E-03  1.39147179936188E-02 -7.24772804990378E-03 -1.94601762109838E-03
  6.38889933890398E-03 -5.57584475559454E-02  2.90427779125044E-02 -4.85218948303898E-02  1.59300459811414E-01
 -1.39027802181985E+00  7.24151004876933E-01 -2.00478001030262E-03  6.58181999187608E-03 -5.74421422667910E-02
  2.99197602095995E-02
* ORBITAL    1   30
  5.76337478658407E-16  9.09132363054262E-16  1.49758293005249E-14  2.05711935700590E-14  2.74117533138359E-13
  9.23740974875126E-14  3.01081960798084E-12 -2.80697181459794E-12  1.80934595275376E-11 -6.63528719188078E-11
  1.57595523214225E-10 -1.77477807223714E-10  5.13374916544869E-11 -1.83972599090642E-11  7.64105781220218E-12
  1.40716805402700E-11  3.49136280131045E-10 -4.19580472814193E-10  2.07640413597597E-09 -8.94090884528951E-09
  9.76932241746838E-09 -5.13212812760153E-09  1.34281094196939E-09 -1.09712922366016E-10 -2.40012202157537E-10
 -4.65849664094950E-09  4.37376092124770E-09 -2.70367424625439E-08  9.63485449060094E-08 -1.12483132081789E-07
  5.99342221839425E-08 -1.57102137708863E-08 -1.30611613942353E-10 -2.99328122323270E-10 -5.53218245495931E-09
  5.02277934145713E-09 -3.20105074496920E-08  1.14370080868013E-07 -1.33320244991209E-07  7.07961147720847E-08
 -1.85548459808591E-08 -4.19908402464976E-03  1.37858593165065E-02 -1.20314638387690E-01  6.26680166956272E-02
  3.26373403221144E-02 -1.07150459362059E-01  9.35144373295916E-01 -4.87086558902249E-01  3.37595764631530E-02
 -1.10834831827638E-01  9.67299346942199E-01 -5.03835048172328E-01 -7.38165765518379E-04  2.42344505020634E-03
 -2.11503619925353E-02  1.10165417634228E-02 -1.20476601999147E-02  3.95532329512792E-02 -3.45196683898008E-01
  1.79801824968379E-01
* ORBITAL    1   31
 -7.93840463281719E-06  5.34384024527187E-06 -4.90435335759048E-04  7.62610980047032E-04 -1.06255945723444E-02
  1.60700757255221E-02 -1.57099904037912E-01  2.58349491497221E-01 -9.51490012109874E-01  3.85059340614797E+00
 -6.94430103761304E+00  6.04145451703432E+00 -2.73176962198764E+00  6.76094986236321E-01  2.56997110454650E-10
  9.97373054130673E-10  7.74255783868541E-09  4.47985770861384E-09  7.24901583981841E-08 -5.44534051003279E-08
  7.18818128394932E-08 -2.75168608137577E-08  7.30855205041023E-09  4.91665961173245E-10 -2.37157074686251E-10
  1.81642784875763E-08 -2.26560955899628E-08  2.14887981372816E-07 -3.82463035576405E-07  2.65572546298157E-07
 -1.22060294438488E-07  3.10266874222781E-08 -5.82575897763579E-09  3.77533721936220E-09 -2.16531697186255E-07
  2.74917139928433E-07 -2.57357017202147E-06  4.60485898825222E-06 -3.18417014998597E-06  1.46822580307900E-06
 -3.73658378205254E-07  1.14165799297488E-12 -9.71617922721891E-13  8.25222421583536E-13 -5.76776003084377E-13
 -3.83373425532823E-12  3.57023087437073E-12 -1.31570795543854E-12  1.38841338234643E-12  9.03005986355431E-11
  8.01552060073904E-11  4.27251864903014E-12  3.35292662790501E-10 -2.54009983151458E-12 -1.86351025474787E-12
 -2.94146969540947E-12 -6.15839359128926E-12  1.53078545280514E-10  1.43595173788873E-10 -6.70814796640191E-13
  5.85535447886056E-10
* ORBITAL    1   32
 -2.35356825292639E-12  1.89493975041201E-11 -1.84814998765818E-10  8.10565156988235E-10 -4.29639635076336E-09
  1.62360360654935E-08 -6.39062452527723E-08  1.86793334244647E-07 -6.56614907075041E-07  1.69459054338925E-06
 -2.35872096293087E-06  1.66969877566540E-06 -6.26911064953894E-07  1.79074209617680E-07  1.17578854399015E-03
 -6.35589792689796E-02  5.57134119528307E-02 -9.03435178195444E-01  3.03677277563789E+00 -3.39332173828782E+00
  2.03541837451218E+00 -9.02968230147650E-01  2.30031794607480E-01 -3.93320709436014E-07  2.12615226504275E-05
 -1.86370531529672E-05  3.02213912800476E-04 -1.01585040024591E-03  1.13512188617142E-03 -6.80880895616473E-04
  3.02057712943423E-04 -7.69494145647587E-05  3.91516648778245E-04 -2.11640082854313E-02  1.85515741216905E-02
 -3.00827826949571E-01  1.01119125833512E+00 -1.12991571397542E+00  6.77758074015868E-01 -3.00672341601573E-01
  7.65964916558708E-02 -8.93619261032905E-10  1.00538114493032E-08 -8.19930697394148E-09  2.73796723048791E-09
 -2.18992257648228E-10  2.43540634706193E-09 -1.80942608924713E-09  6.52971110763818E-10  3.92620359532380E-09
 -4.66084189532349E-08  3.77254117021471E-08 -1.23822103880628E-08  1.14185445841117E-08 -1.32115383629264E-07
  1.07674313806374E-07 -3.58314757176525E-08  5.09577609352716E-10 -4.18890659094376E-09  3.54190000916740E-09
 -1.45266342314541E-09
* ORBITAL    1   33
 -7.86611561180849E-12  4.03781064182552E-11 -5.65474121419287E-10  1.95251414295800E-09 -1.28453487561342E-08
  4.12534884462800E-08 -1.88172922217304E-07  4.34268122459830E-07 -1.59948437700774E-06  4.78192305544677E-06
 -7.23023343168904E-06  5.36944614549664E-06 -2.05994972812719E-06  5.55688188492321E-07 -3.91495908746360E-04
  2.11628872705048E-02 -1.85505913779294E-02  3.00811891907993E-01 -1.01113769536806E+00  1.12985586122671E+00
 -6.77722172386971E-01  3.00656414378432E-01 -7.65924338553751E-02  1.16346419044103E-05 -6.28927566127309E-04
  5.51294354865367E-04 -8.93965552891745E-03  3.00494181010480E-02 -3.35775357484266E-02  2.01408351420862E-02
 -8.93503533764995E-03  2.27620699173006E-03  1.17573795264269E-03 -6.35562444402605E-02  5.57110146653408E-02
 -9.03396304494317E-01  3.03664210597756E+00 -3.39317572479548E+00  2.03533079078435E+00 -9.02929375484887E-01
  2.30021896548531E-01  2.32529724370875E-10 -2.57377556210121E-09  1.95497571862560E-09 -6.93327644055973E-10
 -6.22652235767862E-10  6.92887122344331E-09 -5.24347998178392E-09  1.89532425741890E-09  1.30720586636294E-08
 -1.51593355168444E-07  1.23423020982815E-07 -4.10739546293461E-08 -3.11525197060736E-09  3.79520057710218E-08
 -3.04803877869017E-08  9.94441641140444E-09 -1.61405652971256E-10  1.30213407109117E-09 -1.10393591138675E-09
  4.58362238547727E-10
* ORBITAL    1   34
  8.48064342108912E-13 -4.12944496704733E-12  6.04937468325614E-11 -2.02929464864195E-10  1.38217008157840E-09
 -4.28606616134682E-09  2.06627350593916E-08 -4.66860090783624E-08  1.57025769725823E-07 -4.60342230270509E-07
  6.95786059909713E-07 -5.15950998995390E-07  1.96094378147643E-07 -5.17915296875225E-08  4.04886716944257E-06
 -2.18867502547102E-04  1.91850998416613E-04 -3.11100946432170E-03  1.04572294773313E-02 -1.16850176521351E-02
  7.00903169042887E-03 -3.10940141011592E-03  7.92122115387850E-04  1.23920493879830E-03 -6.69870366286608E-02
  5.87183215089234E-02 -9.52162090507071E-01  3.20056149392219E+00 -3.57634099421707E+00  2.14519894127033E+00
 -9.51669965314487E-01  2.42438617713413E-01 -1.09144958834842E-05  5.89999233566800E-04 -5.17171063769897E-04
  8.38632112837559E-03 -2.81894625671349E-02  3.14992003851572E-02 -1.88941857365657E-02  8.38198625398641E-03
 -2.13531659438410E-03  5.34989170673154E-10 -4.39169864890085E-09  3.71535050579880E-09 -1.52476621995104E-09
  1.18243570424805E-08 -1.37410937800313E-07  1.11844185322975E-07 -3.71578504088859E-08  2.82152133996694E-10
 -3.04902463827053E-09  2.28491304720808E-09 -7.76987555489785E-10  6.04169880571861E-11 -7.25275497543791E-10
  6.25328534319567E-10 -2.05320059340983E-10  9.21335783168313E-10 -1.03524156318007E-08  8.39727884411804E-09
 -2.81688764875567E-09
* ORBITAL    1   35
  2.63664364529683E-17 -1.81033388373921E-14  3.21740585779629E-14 -5.92636242061728E-13  1.22377393182874E-12
 -9.16360088022255E-12  2.49892236436353E-11 -8.89716978090126E-11  2.18520883523393E-10 -9.40077536139714E-10
  1.59041265867544E-09 -9.33211900399445E-10  5.80932898073365E-10 -1.18809142334592E-10  1.29695039081079E-11
 -6.39386037908739E-10  5.87125394209527E-10 -9.01897767072896E-09  2.97947425192742E-08 -3.13703847609731E-08
  1.94078735105143E-08 -8.50992935502136E-09  2.17274907755262E-09  3.30070965916970E-11 -1.67785413527440E-09
  1.51221594464633E-09 -2.36780604524490E-08  7.78257494700632E-08 -8.20325999524711E-08  5.06359889941290E-08
 -2.22210803151148E-08  5.67314093627076E-09  9.96150606757256E-11 -5.23283434365013E-09  4.61987715558558E-09
 -7.39170902369308E-08  2.41889709937996E-07 -2.54873033613067E-07  1.57224180968791E-07 -6.89766173074903E-08
  1.76094129129960E-08  1.34354747986945E-02 -1.69603720948647E-01  1.25994056450041E-01 -4.37040372548872E-02
 -2.15891894889737E-02  2.72532748153045E-01 -2.02457270768023E-01  7.02271230365979E-02 -8.06612456956441E-02
  1.01823326762267E+00 -7.56418191080796E-01  2.62381653029902E-01 -9.98443813072344E-03  1.26039301474217E-01
 -9.36312173836437E-02  3.24782162588157E-02 -7.87361185606660E-02  9.93931281240485E-01 -7.38364897031287E-01
  2.56119438306614E-01
* ORBITAL    1   36
 -1.76881063481366E-16 -4.55478309277407E-15 -4.53399392329708E-15 -1.44693227808112E-13  6.80522578349097E-14
 -2.09855250964574E-12  3.18163630926455E-12 -1.77519995237118E-11  3.37664566403158E-11 -1.69820083138006E-10
  3.07742649029214E-10 -1.71563770618963E-10  1.16282816410205E-10 -2.30436565437171E-11 -3.15426189245854E-11
  1.64434731058641E-09 -1.45805827875959E-09  2.32184293193079E-08 -7.60821899624369E-08  8.02065758914891E-08
 -4.94618322208760E-08  2.17032105030993E-08 -5.54065102883549E-09 -1.00857803538985E-10  5.33656790751295E-09
 -4.69153099728596E-09  7.53963019148778E-08 -2.46436113992554E-07  2.59667399990358E-07 -1.60140467525939E-07
  7.02619391911376E-08 -1.79374768319989E-08  4.34900082073135E-11 -2.21682941947148E-09  1.99500972500212E-09
 -3.12941153283493E-08  1.02794355680625E-07 -1.08267007464924E-07  6.68773494839838E-08 -2.93398872142259E-08
  7.49083115491314E-09 -5.00046312882834E-02  6.31237202874130E-01 -4.68929191690296E-01  1.62659251086813E-01
  9.69575140690200E-02 -1.22395043022362E+00  9.09239954967146E-01 -3.15391519133646E-01 -2.98585048520471E-02
  3.76921069096833E-01 -2.80004555276226E-01  9.71262443644124E-02  2.45115529815869E-02 -3.09423422270344E-01
  2.29862363367633E-01 -7.97332316696932E-02 -7.63791772357415E-03  9.64178256086255E-02 -7.16262172429298E-02
  2.48452582220645E-02
* ORBITAL    1   37
  4.68764598241258E-16  1.80217761380710E-15 -5.05149667689537E-15  2.62761188072861E-14 -8.66366642946647E-14
  3.88997483068176E-13 -1.42092073852775E-12  4.10576200626514E-12 -1.15637305527332E-11  4.59966687737569E-11
 -7.45499775392407E-11  4.50167088522812E-11 -2.66103412201079E-11  5.55286921991146E-12  3.45915888845763E-11
 -1.78417376842033E-09  1.59307948173908E-09 -2.51864491595289E-08  8.26308479562507E-08 -8.71090231232762E-08
  5.37368503235871E-08 -2.35814818055722E-08  6.02028600729454E-09 -6.59306770163957E-11  3.39050335725267E-09
 -3.03155206567171E-09  4.78678531627986E-08 -1.57180338785089E-07  1.65596664560010E-07 -1.02237056673203E-07
  4.48426727444353E-08 -1.14483485241781E-08  8.51180976433555E-12 -4.14178984619275E-10  3.82938280871644E-10
 -5.83580872727085E-09  1.93357349790319E-08 -2.03972432113139E-08  1.25981114317738E-08 -5.52744421364691E-09
  1.41116416893012E-09  9.79687667611942E-02 -1.23671605421547E+00  9.18723194724696E-01 -3.18681006553352E-01
  5.66152736528823E-02 -7.14687141168298E-01  5.30921913179417E-01 -1.84162902019774E-01 -2.03350628083003E-03
  2.56701186213042E-02 -1.90696427927677E-02  6.61475947748938E-03 -2.45710686234415E-02  3.10174722425958E-01
 -2.30420484108026E-01  7.99268291324051E-02  6.39265053256543E-03 -8.06981020992489E-02  5.99484561686346E-02
 -2.07945488507836E-02
* ORBITAL    1   38
 -3.59712590849508E-16 -5.05577897018910E-15  1.52249268786435E-14 -1.71815912776635E-13  4.51558240609077E-13
 -2.71285110862864E-12  8.46087325886646E-12 -2.74677254715562E-11  7.16756358584388E-11 -2.98169017592689E-10
  4.95793699020479E-10 -2.94160463182792E-10  1.79455876065168E-10 -3.69952251941061E-11  2.20287316048997E-11
 -1.09022053933539E-09  9.96563571684027E-10 -1.53746621576137E-08  5.08524210990793E-08 -5.35783578864309E-08
  3.31205251864477E-08 -1.45179107809003E-08  3.70643291726170E-09 -1.47799465211217E-11  7.67674481259865E-10
 -6.83329953081606E-10  1.08469494275585E-08 -3.55193302525776E-08  3.73704702638734E-08 -2.30979099611454E-08
  1.01291759580392E-08 -2.58615513370423E-09 -9.42896869256044E-11  4.95990276217294E-09 -4.37575923023872E-09
  7.00654740631656E-08 -2.29216495294170E-07  2.41509303958639E-07 -1.48979740749386E-07  6.53611045864517E-08
 -1.66864357151345E-08 -6.98272531746713E-03  8.81469552779224E-02 -6.54820094577229E-02  2.27139935129155E-02
  1.75250965208880E-02 -2.21229366618536E-01  1.64345364301639E-01 -5.70071011801110E-02  7.71616430505233E-02
 -9.74055771937768E-01  7.23599914152722E-01 -2.50997852566649E-01 -1.54628373948271E-02  1.95196284313440E-01
 -1.45006085523643E-01  5.02988120420910E-02 -8.30843008837996E-02  1.04882088603051E+00 -7.79140912608826E-01
  2.70263569811320E-01
* ORBITAL    1   39
  2.19884729515293E-16  1.69349279214720E-15 -2.49202929227564E-15  6.14028625940196E-14 -9.34440171990196E-14
  9.18255957546669E-13 -2.16356519118648E-12  8.56848847440373E-12 -1.99144336981696E-11  8.83749069450269E-11
 -1.51347905132435E-10  8.75681665159299E-11 -5.56166139034482E-11  1.12848717353126E-11  1.14205325475936E-10
 -6.00778051204775E-09  5.30030274035019E-09 -8.48698061747601E-08  2.77638220717790E-07 -2.92514392385839E-07
  1.80452021638231E-07 -7.91677834337661E-08  2.02112715344537E-08 -8.54747032520440E-12  4.62460838870476E-10
 -4.01609814326305E-10  6.53740600532539E-09 -2.12772142747649E-08  2.24234668502580E-08 -1.38157705800632E-08
  6.06506773432344E-09 -1.54837568090724E-09  1.81534368803343E-11 -8.99186992512473E-10  8.21377001688792E-10
 -1.26784768175530E-08  4.19378530797690E-08 -4.42139454603730E-08  2.73134149169139E-08 -1.19751627039958E-08
  3.05717633752932E-09 -3.35304960675165E-02  4.23274724828803E-01 -3.14439443164573E-01  1.09070804811633E-01
  8.52268486964504E-03 -1.07586749856590E-01  7.99233115815778E-02 -2.77233028709610E-02 -9.80233838918059E-03
  1.23740551770861E-01 -9.19235378697716E-02  3.18858669746463E-02 -1.09126371810581E-01  1.37756491607370E+00
 -1.02335603742507E+00  3.54975398396004E-01  1.58216884746639E-02 -1.99726267754960E-01  1.48371288751967E-01
 -5.14661128773292E-02
* ORBITAL    1   40
 -1.20776665632190E-06  2.82058158495660E-04 -7.23137186845395E-04  9.43578988919561E-03 -2.19606008323181E-02
  1.67205885317639E-01 -3.36289123885463E-01  2.14491749111090E+00 -6.15506685224628E+00  8.44423466713054E+00
 -6.24937509312957E+00  3.17227492928590E+00 -1.40662198827800E+00  3.27136404470598E-01 -1.57734375355169E-09
  1.15180128886437E-08 -1.04467940115934E-07  4.10886377748571E-07 -4.28762356320485E-07  3.16585252702585E-07
 -1.51903639075320E-07  7.04362197496749E-08 -1.82195452557161E-08  7.06616009910781E-10 -3.85885064384715E-09
  4.28426389610399E-08 -1.57650450648695E-07  1.86595685921276E-07 -9.19911688911482E-08  7.62820030656826E-08
 -2.79731889970314E-08  7.42108734630462E-09 -9.73101499197260E-09  5.29883853378157E-08 -5.92080120380110E-07
  2.18820855533471E-06 -2.54770483895372E-06  1.33169220823840E-06 -1.02658027155691E-06  3.84974672111860E-07
 -1.01429666402792E-07 -1.25650846545389E-11  9.40054245206874E-12 -4.13391426366107E-12  1.59368946341527E-12
  4.23908038203619E-11 -3.15493526987434E-11  1.32725393359670E-11 -5.17006593294196E-12 -1.25524522012139E-09
  1.03388466555196E-09 -4.94339446421637E-10 -3.04283150646181E-11  3.27982665805817E-11 -2.60208000866387E-11
  1.28502652450900E-11 -1.45894588748104E-13 -2.14147278246123E-09  1.76826401876788E-09 -8.45566552185861E-10
 -5.74513992389549E-11
* ORBITAL    1   41
  4.82523408085469E-15  1.91166558960676E-13 -1.70606496925627E-13  5.98539263867959E-12 -8.39625892245010E-12
  1.00078429243217E-10 -1.63765120333254E-10  1.24454171826757E-09 -3.06579860921258E-09  3.62001992853350E-09
 -2.50515624798519E-09  1.29728502748764E-09 -5.44366838909621E-10  1.29591130278468E-10  3.77799556639725E-11
  3.36647431844930E-10  2.02672538903662E-09  3.43076706345688E-09 -4.15792581267733E-09  4.44135931013928E-09
 -1.05191290463143E-09  8.60438388638555E-10 -2.12145814221649E-10 -1.32994213720891E-12 -1.32447490201120E-11
 -7.13601481948992E-11 -1.55706848079508E-10  1.96205052120315E-10 -1.66423688748087E-10  6.12482249733026E-11
 -3.72565030828661E-11  9.36445844107157E-12 -3.33157489024518E-11  1.94696636859148E-10 -2.03184251995974E-09
  6.97709587981827E-09 -7.02173287382582E-09  4.30854914763563E-09 -2.54971172336762E-09  1.06978958716556E-09
 -2.78296411160112E-10 -7.24038203557700E-02  5.93470916830263E-02 -2.82796984503534E-02  9.27998171864335E-03
 -8.55955543878965E-02  7.01599333983925E-02 -3.34321649726899E-02  1.09707633660653E-02  1.64690998308663E-01
 -1.34991934513902E-01  6.43254975600356E-02 -2.11084090041483E-02  1.34060948873869E+00 -1.09885464398393E+00
  5.23619221966437E-01 -1.71825623101034E-01  2.89880655268856E-01 -2.37605885171548E-01  1.13222444302923E-01
 -3.71539397820388E-02
* ORBITAL    1   42
  4.66815825511535E-15  1.72137750494868E-13 -1.55283299122875E-13  5.43507910837614E-12 -7.66023030437131E-12
  9.09273123994202E-11 -1.48993056385429E-10  1.13173083094599E-09 -2.79205065945263E-09  3.29652892050075E-09
 -2.27949253143985E-09  1.18449338167207E-09 -4.94695512903775E-10  1.18001629940710E-10  3.24925896918425E-11
 -1.47368069926941E-10  1.96024812277736E-09 -5.94114272505652E-09  5.92906838353043E-09 -3.48668094049174E-09
  2.18988351662765E-09 -8.85625923772497E-10  2.31313243387061E-10 -3.86755117084960E-12 -1.51785193054609E-11
 -2.17691762249376E-10  3.50088807339133E-11  2.45084437415694E-11 -1.19845279763332E-10 -1.55590120265872E-11
 -1.79480285569989E-11  3.98018573368276E-12  5.12012285839902E-11  3.48209310914823E-10  2.80045608519887E-09
  2.45054422827939E-09 -3.28411993583610E-09  4.21264223234069E-09 -6.59994417950927E-10  7.64044552508424E-10
 -1.85170676928796E-10 -1.69417404050380E-02  1.38866017862934E-02 -6.61715511037989E-03  2.17141913877397E-03
 -1.11907635664309E-01  9.17271033656122E-02 -4.37092155545646E-02  1.43431770319414E-02  1.30865207982475E+00
 -1.07266017982999E+00  5.11137202605114E-01 -1.67729649033949E-01 -7.45686535954144E-02  6.11215361275441E-02
 -2.91252454250590E-02  9.55744791860786E-03 -4.35907720779889E-01  3.57299591978510E-01 -1.70258127757748E-01
  5.58701966285637E-02
* ORBITAL    1   43
  3.93215055410527E-15  1.79537473833744E-13 -1.59189215273544E-13  5.61537749544489E-12 -7.88494576731556E-12
  9.39308866169405E-11 -1.53807695285823E-10  1.16810238548229E-09 -2.87726223892777E-09  3.39825675992305E-09
 -2.35264642551231E-09  1.21788176949881E-09 -5.11403333271141E-10  1.21698828796741E-10 -2.83163528535408E-12
  9.04566077226690E-12 -1.68557927746359E-10  4.45371062859325E-10 -4.48133478013881E-10  2.31123645298443E-10
 -1.74172263706447E-10  6.43381839798989E-11 -1.69769604998651E-11  3.42987321571062E-11  3.51702761869664E-10
  1.81658913825496E-09  4.04701754573625E-09 -4.76170260967787E-09  4.81290562125977E-09 -1.27004020108721E-09
  9.51178954960000E-10 -2.35776182831410E-10  9.47854334717394E-12  5.43671968908847E-12  5.49905194918242E-10
 -7.23689834838020E-10  6.07173427245483E-10 -2.52682216739558E-10  2.45627866289449E-10 -7.18490360009774E-11
  1.95801062477534E-11  2.72148949017769E-01 -2.23071773692688E-01  1.06296741995179E-01 -3.48812708948123E-02
  1.32010626920601E+00 -1.08204881186346E+00  5.15611013787099E-01 -1.69197729964799E-01  2.01334719222538E-01
 -1.65027618460181E-01  7.86379105304449E-02 -2.58050266483048E-02  1.98568271770883E-02 -1.62760050123526E-02
  7.75573832983769E-03 -2.54504516875712E-03  2.51557264757366E-01 -2.06193429874080E-01  9.82539810102897E-02
 -3.22420392553569E-02
* ORBITAL    1   44
  1.60975076279103E-14  6.48949336815780E-13 -5.83745582260786E-13  2.03124801905740E-11 -2.85793600983486E-11
  3.39741746675286E-10 -5.56457901518400E-10  4.22686526841983E-09 -1.04210666558836E-08  1.23048900180778E-08
 -8.51201368441194E-09  4.41657603823778E-09 -1.84832367540047E-09  4.40494875580320E-10 -3.25762715589269E-11
  9.98609790971098E-12 -1.89580917306875E-09  3.16429396866896E-09 -2.98077617120685E-09  1.16949788754364E-09
 -1.24435995790147E-09  3.78429007668408E-10 -1.02444035130646E-10 -3.58809096625601E-11  3.44111022678009E-11
 -2.10307905562513E-09  3.92652547939637E-09 -3.68952308699182E-09  1.74850992074264E-09 -1.46107330180623E-09
  4.94526741369378E-10 -1.31969483059718E-10  1.83244016778701E-11  7.12984655810100E-11  1.02820646489538E-09
 -2.14722875402280E-10  3.33657453232360E-12  6.28026931826351E-10  1.54992638640994E-10  7.33223203574010E-11
 -1.52194879705887E-11  7.11064665246076E-01 -5.82836923159384E-01  2.77729741512466E-01 -9.11370016371004E-02
 -3.90374285650829E-01  3.19977294119240E-01 -1.52473543892611E-01  5.00341862692885E-02  3.11251548097844E-01
 -2.55122921285925E-01  1.21569550874085E-01 -3.98930424118241E-02 -2.51816758554147E-01  2.06406128626323E-01
 -9.83553348683514E-02  3.22752985186063E-02  1.05007732358596E+00 -8.60714737028890E-01  4.10142308991895E-01
 -1.34588179438575E-01
* ORBITAL    1   45
 -1.07889836858431E-14 -4.21727348140215E-13  3.78303674072973E-13 -1.32089369590139E-11  1.85760342592792E-11
 -2.20929732551373E-10  3.61838021469517E-10 -2.74836934996977E-09  6.77445225853154E-09 -7.99957299351443E-09
  5.53484419801942E-09 -2.87024279818142E-09  1.20216283896169E-09 -2.86399668797565E-10  2.65289172862675E-11
 -5.28997832224651E-11  1.56894564143977E-09 -3.45763887190549E-09  3.31282515930747E-09 -1.76020725717628E-09
  1.26566475455776E-09 -4.66660454227832E-10  1.23211239575775E-10 -3.50577759613971E-11  7.77764997470775E-11
 -2.07336791302943E-09  4.77061453559097E-09 -4.66949535005768E-09  2.37723456812169E-09 -1.81637928872539E-09
  6.56955069963428E-10 -1.73822532718857E-10 -1.49270856106050E-11 -2.75488673599416E-11 -8.53375391714082E-10
  7.88928034547971E-10 -6.45953991912946E-10  1.26570156549336E-11 -3.27301984943364E-10  5.19557413930103E-11
 -1.58979488483181E-11  1.15574620408965E+00 -9.47328132683769E-01  4.51414773092187E-01 -1.48131736594991E-01
 -7.76792759062912E-02  6.36712135694218E-02 -3.03402014935396E-02  9.95613569551449E-03 -2.09404026561943E-01
  1.71641771139798E-01 -8.17896444723292E-02  2.68392679936789E-02  2.33144534104856E-01 -1.91101104514661E-01
  9.10622821778158E-02 -2.98820836207026E-02 -6.93517739033638E-01  5.68454269956700E-01 -2.70876211137225E-01
  8.88880159664245E-02
* ORBITAL    1   46
  3.31301855390266E-14 -7.11946299674128E-11  1.68091299848211E-10 -2.30432299598580E-09  5.48331474556240E-09
 -3.37730440070442E-08  9.27456520920162E-08 -7.18842653992862E-07  1.79158101337813E-06 -1.82954141717578E-06
  6.62182930101965E-07 -1.20921644856966E-07  1.74901772448580E-07 -2.59067115226520E-08  2.05539059106846E-02
 -6.25783996176147E-02  1.20846287414945E+00 -2.78733459799293E+00  2.54153216186085E+00 -1.56980229018112E+00
  9.01645711140437E-01 -3.77760638056276E-01  9.84965709711189E-02  2.29565179992118E-04 -6.98933951118436E-04
  1.34972400777226E-02 -3.11315514456119E-02  2.83862004558371E-02 -1.75330154272187E-02  1.00704197334677E-02
 -4.21918291509972E-03  1.10010149598800E-03 -1.45679291658170E-02  4.43535012520862E-02 -8.56518543570492E-01
  1.97557063735170E+00 -1.80135399443487E+00  1.11262397911329E+00 -6.39056679303529E-01  2.67744254757937E-01
 -6.98111139725996E-02 -4.53746380996263E-10  4.64704033820555E-10 -8.19694232784006E-11  1.10194044094514E-10
  3.58626012453370E-10 -3.67534077352816E-10  1.33050678375104E-10 -6.89624560238872E-11 -2.46499345902830E-09
  3.72325691507477E-09  5.58908102732687E-10  1.00538175146329E-09 -2.47260784721176E-10 -1.87690354816281E-09
 -1.52963728432661E-09 -1.03638113952743E-09  2.32173348050382E-09 -1.85861973593021E-09  7.14587428501585E-10
 -1.38838423717446E-10
* ORBITAL    1   47
 -8.99725215381719E-13  1.68304854201784E-10 -4.45724631091230E-10  5.57430050024547E-09 -1.39169403906735E-08
  9.02401639387465E-08 -2.21957492671981E-07  1.50761882768447E-06 -3.90295880125847E-06  4.50052204440953E-06
 -2.43925882818120E-06  1.00085715169837E-06 -6.15107307331935E-07  1.10430953942241E-07  1.45695027155218E-02
 -4.43582922396680E-02  8.56611059765944E-01 -1.97578402615860E+00  1.80154856584701E+00 -1.11274415711036E+00
  6.39125706037592E-01 -2.67773174528358E-01  6.98186544372231E-02 -1.80733856910418E-04  5.50262146911995E-04
 -1.06262119461879E-02  2.45094894929427E-02 -2.23481082604743E-02  1.38035284914155E-02 -7.92831822901584E-03
  3.32171107876579E-03 -8.66096446295555E-04  2.05532779642659E-02 -6.25764878074243E-02  1.20842595437781E+00
 -2.78724944114401E+00  2.54145451422011E+00 -1.56975433020667E+00  9.01618164471668E-01 -3.77749096752118E-01
  9.84935614357859E-02 -3.53938250759983E-10  3.89169604574964E-10  2.90760402554452E-11  8.79235864405995E-11
 -5.00018091452712E-10  4.78259598489137E-10 -2.35362303420437E-10  9.55475916593966E-11  6.57651142465942E-10
 -2.92661772935271E-09 -1.52662969416696E-09 -1.27192138705205E-09  3.29400443639783E-09 -4.16145428511971E-09
 -2.18877518872943E-10 -9.76467854552480E-10  1.63763467808220E-09 -1.30880905736944E-09  5.05571275519934E-10
 -9.63656444639187E-11
* ORBITAL    1   48
 -2.89775303119489E-13 -9.16618760953024E-12  3.75492605714827E-12 -2.74667629594463E-10  2.94021273694663E-10
 -3.86458608946070E-09  4.05329986991822E-09 -7.95413459466745E-08  2.34437595668791E-07 -2.63648666928071E-07
  1.16297765777708E-07 -3.57713580319931E-08  3.24493355065822E-08 -6.35780311113469E-09 -8.27734639048646E-05
  2.52012035239009E-04 -4.86664960419755E-03  1.12249873054739E-02 -1.02351064002823E-02  6.32181379017108E-03
 -3.63105367411522E-03  1.52129497336450E-03 -3.96659417140473E-04  2.51923596335135E-02 -7.67006455943388E-02
  1.48117986971176E+00 -3.41635960898510E+00  3.11508626728497E+00 -1.92406356978348E+00  1.10512239398241E+00
 -4.63010825506619E-01  1.20724522981529E-01  2.80202537196208E-04 -8.53104472959642E-04  1.64744533223542E-02
 -3.79985296619742E-02  3.46476110161240E-02 -2.14004365518243E-02  1.22917466961592E-02 -5.14984742552193E-03
  1.34276092261924E-03  2.84125401100372E-09 -2.27292221224503E-09  8.76260620471538E-10 -1.68941764494191E-10
  1.69643763697906E-09 -3.93122137510816E-09 -1.37741127175454E-09 -1.40890991420875E-09  3.74399187006856E-10
 -3.60230190467272E-10  1.20973423771919E-10 -1.16588345024286E-10  2.37387587318827E-11 -2.31061394732871E-11
 -1.06522638842232E-11  6.06192984512564E-12  5.74714429972583E-10 -6.04074835620740E-10  5.00291558795488E-11
 -1.40721857761989E-10
* ORBITAL    1   49
  1.03114452021778E-04 -4.49714509194259E-04  7.27987861056738E-03 -2.28567434749785E-02  1.73176439191873E-01
 -4.84257860822232E-01  3.20222651404390E+00 -7.03684827603725E+00  7.58524483337728E+00 -5.10157570286744E+00
  2.95437695081295E+00 -1.56567954158983E+00  6.00461626889212E-01 -1.51762907279697E-01  3.68730864226697E-10
 -7.33686968211495E-09  2.05745984342680E-08 -1.65991109763525E-08  1.12434635706520E-08 -6.53051783174959E-09
  4.52931280149498E-09 -1.45574570682797E-09  3.31383727783776E-10 -3.89801341471946E-11  2.83727420827558E-09
 -4.83101455128937E-09  7.43566555486217E-09  5.92430912290496E-09  2.16890608150526E-08  9.06289341501287E-09
  3.28625159816317E-10  5.26037799478592E-11  1.21788770740520E-08 -2.62287073017445E-07  6.97534750400575E-07
 -6.07482979768000E-07  2.93514940569454E-07 -4.33383822135518E-07  2.60004287800174E-08 -5.44783934495390E-08
  1.30761966322906E-08  2.08862695905584E-12 -2.02836910617912E-12  1.10361078242661E-12 -2.39854677511559E-13
 -7.09656603915417E-12  6.94904683880344E-12 -4.06630400094669E-12  9.05974591742237E-13  2.11915786233551E-10
 -1.74728233569659E-10  8.69512101710523E-11 -1.36228720310251E-10 -5.32140500856928E-12  4.71775569056390E-12
 -2.08704296241867E-12  2.98564429632653E-12  3.61725570398619E-10 -2.96770233466002E-10  1.47958294196610E-10
 -2.35733532039144E-10
* ORBITAL    1   50
  2.26447911785461E-11 -1.73049604817305E-10  1.76663379626934E-09 -7.73876930025503E-09  4.31843079624798E-08
 -1.88380376974539E-07  7.72024553280709E-07 -1.25703983359847E-06  1.02496882473587E-06 -7.51953286062584E-07
  8.34981249431543E-07 -5.45377703774616E-07  1.30473294171274E-07 -4.66442717429547E-08  3.58159493253201E-02
 -9.56837288524471E-01  1.56739888915869E+00 -1.19976347451453E+00  7.74608478190515E-01 -4.88598952367941E-01
  2.49426495284952E-01 -1.13568283465820E-01  2.98284582462274E-02  5.21664522015571E-04 -1.39364742310963E-02
  2.28293928057646E-02 -1.74747295666208E-02  1.12822853047433E-02 -7.11651484501047E-03  3.63293325707629E-03
 -1.65413858166308E-03  4.34455824366976E-04 -5.18412888952698E-02  1.38496058946354E+00 -2.26870933582722E+00
  1.73658065857542E+00 -1.12119607726162E+00  7.07215637446927E-01 -3.61028849962540E-01  1.64382804376553E-01
 -4.31747798078041E-02  8.88502254680128E-11 -8.13018399943538E-11 -7.52849071007072E-12 -2.14948693518182E-11
 -1.44581842721708E-10  1.32110058985241E-10 -2.25166208585328E-11  1.93254930918980E-11  1.48083334676851E-09
 -1.94328314145848E-09 -1.08045301813435E-09 -6.02738486040765E-10 -6.61147313894585E-10  9.95906339837789E-10
  5.19153879782608E-10  4.32962940156086E-10 -1.27945482828240E-10  8.39060544656196E-11  2.44563759062547E-11
 -4.58871205283471E-11
* ORBITAL    1   51
  1.58650586297857E-11 -1.02918943717467E-10  1.19436167058108E-09 -4.78975614275247E-09  2.86557689013430E-08
 -1.18054257323967E-07  5.28665213928518E-07 -8.45140147313264E-07  5.83849524545454E-07 -3.02382487917970E-07
  3.81529975360747E-07 -2.54742335039988E-07  3.54845942724202E-08 -2.43720842407196E-08 -5.18436922665014E-02
  1.38502479702423E+00 -2.26881451355387E+00  1.73666116661534E+00 -1.12124805570360E+00  7.07248424238926E-01
 -3.61045587350823E-01  1.64390425280781E-01 -4.31767813770840E-02  1.76309480349756E-04 -4.71017756348144E-03
  7.71576023987295E-03 -5.90601881576966E-03  3.81312849255561E-03 -2.40520291978174E-03  1.22784001059982E-03
 -5.59057212497146E-04  1.46835135699071E-04 -3.58158356212357E-02  9.56834250846113E-01 -1.56739391233349E+00
  1.19975966473330E+00 -7.74606018336177E-01  4.88597400919927E-01 -2.49425703264606E-01  1.13567922948308E-01
 -2.98283637104803E-02 -1.30394751628579E-10  1.38506473760868E-10  8.87490727513631E-11  3.78220199164474E-11
 -9.57953291747680E-11  7.96235522308936E-11 -3.42626589509575E-11  1.35537393315382E-11  8.67825985902470E-10
 -1.22113798417487E-09 -6.64546367005936E-10 -4.80948082654753E-10  1.34556550120401E-09 -1.72684749063477E-09
 -9.85855725913798E-10 -5.15981270226501E-10  1.82836199230829E-10 -1.18935180035343E-10 -3.43817977003138E-11
  6.71358244359212E-11
* ORBITAL    1   52
 -4.15175947528503E-13  8.37165590708891E-12 -4.42862973063910E-11  3.31874881923832E-10 -1.17693778249384E-09
  9.00773148769035E-09 -1.86342029694121E-08  3.95496425567225E-09  2.44572215594621E-08 -1.15703673917937E-08
 -2.85398884659694E-08  2.36997459348997E-08 -1.11397655242021E-09  9.73709091427084E-10  1.51457914950202E-04
 -4.04625827827574E-03  6.62819118342968E-03 -5.07354038113197E-03  3.27565175591852E-03 -2.06617937508496E-03
  1.05477073071165E-03 -4.80255758905147E-04  1.26138148079728E-04 -6.30100832923222E-02  1.68333935110687E+00
 -2.75748463703627E+00  2.11071306715086E+00 -1.36274879655838E+00  8.59579601098909E-01 -4.38809637974187E-01
  1.99797778063661E-01 -5.24764529225043E-02 -5.29414205951494E-04  1.41435105076245E-02 -2.31685387525254E-02
  1.77343280756799E-02 -1.14498907320096E-02  7.22223539769880E-03 -3.68690279099839E-03  1.67871201769663E-03
 -4.40910130409709E-04  2.23165693016220E-10 -1.45448668179157E-10 -4.18163659624897E-11  8.13496632436902E-11
  1.48145981023399E-09 -1.98559286087408E-09 -1.10649030616018E-09 -6.70408729741833E-10  1.07010781456268E-10
 -8.99853658955355E-11  3.34980781934250E-12 -3.94522584951500E-11 -1.90520627495871E-12 -1.39180422932269E-12
 -1.11848402402436E-11  3.92022624575560E-12  1.57773115790584E-10 -1.60172393564228E-10 -7.72898628407204E-11
 -4.33335073427802E-11
* ORBITAL    1   53
 -1.12752941796634E-04  3.55123192925804E-03 -1.51958407721471E-02  1.32578645142845E-01 -4.61190871106690E-01
  3.27020490367441E+00 -5.68600561777610E+00  5.32709074045956E+00 -3.73920972967783E+00  2.42727830602530E+00
 -1.38775294845904E+00  6.78015838813532E-01 -3.03121284478412E-01  7.23104636393321E-02  1.41560336862974E-09
 -1.44914914520247E-08  1.79532979189092E-09 -5.06315162977353E-09  1.35787164500225E-09 -5.52170796650817E-09
 -9.06759737153935E-10 -4.17220533214263E-10  6.81244280260912E-11  2.04788157452061E-09 -1.99131537171187E-08
  3.23392970766358E-09 -6.09179024214701E-09  5.40025824616013E-09  3.32495707287265E-10  2.62418104466065E-09
 -6.71766331980413E-10  1.98767251813811E-10 -2.54552525686856E-08  2.45256720279993E-07 -4.28329070333330E-08
  7.49321322190274E-08 -6.98668964782440E-08 -1.14478840200667E-08 -3.67519438825822E-08  7.96510221038329E-09
 -2.36237448567037E-09  5.25916173942712E-13 -5.28302356562969E-13  2.88662811174942E-13 -5.55336891315023E-14
 -1.78639577566186E-12  1.81296915851809E-12 -1.08005579708660E-12  2.16004766465447E-13  5.20702920890766E-11
 -4.31128278947503E-11  2.15488671861824E-11 -4.12580003971315E-11 -1.33059514369395E-12  1.20357434916028E-12
 -5.10814822611929E-13  8.97139916608490E-13  8.88291225642365E-11 -7.31040479226341E-11  3.66455345497353E-11
 -7.14467772125288E-11
* ORBITAL    1   54
  2.20560785686696E-13 -7.99159940551549E-12  3.20367580986678E-11 -2.94570399520541E-10  9.63207088763094E-10
 -7.77539583513972E-09  1.34397286539481E-08 -7.62166151298986E-09 -8.56024392961283E-09  2.29521277392091E-08
 -2.44789654373894E-08  1.62901225081761E-08 -6.66263642760692E-09  9.45276076791243E-10  1.30649778089041E+00
 -1.30634448772189E+00  1.01368904701273E+00 -7.33391851707969E-01  4.80512734687589E-01 -2.87553194685265E-01
  1.66668011005130E-01 -7.23215507471178E-02  1.92009079559824E-02  1.04047980713293E-03 -1.04035774240154E-03
  8.07290310283612E-04 -5.84064838852288E-04  3.82674811940493E-04 -2.29004058584858E-04  1.32732490183839E-04
 -5.75960556963099E-05  1.52913870803358E-05 -3.44644257345810E-02  3.44603820099999E-02 -2.67403522993830E-02
  1.93463237343947E-02 -1.26755633975700E-02  7.58543633783557E-03 -4.39657639756626E-03  1.90778795879610E-03
 -5.06505477590741E-04 -2.59049878674205E-11  2.79777299445257E-11  1.22885021622850E-11  8.16285388823471E-12
  8.59733096616324E-13 -1.70315987209372E-12 -2.13406448474492E-12  1.06971095701317E-13 -2.58430909932141E-11
  2.53247715344746E-11  1.83792484458754E-11 -5.73276578489278E-12  2.48437504436658E-10 -3.50261934613264E-10
 -1.79039534113260E-10 -1.25597857735170E-10  3.18511752768691E-11 -2.07958279477644E-11 -9.36027164529735E-12
  1.47245387841111E-11
* ORBITAL    1   55
 -5.00311054893878E-12  1.36075362683742E-10 -6.37574957001606E-10  5.13752727487701E-09 -2.19504789021387E-08
  1.14873341878105E-07 -1.51645586141043E-07  1.31129860907040E-07 -1.30753226499906E-07  7.15624028695503E-08
  3.70687294687615E-08 -3.86558362472628E-08 -3.61503326298408E-09 -2.71964400206516E-09  3.44667983475751E-02
 -3.44627542752377E-02  2.67421930789325E-02 -1.93476555530161E-02  1.26764360276247E-02 -7.58595850952121E-03
  4.39687903923327E-03 -1.90791926553861E-03  5.06540321511603E-04 -3.08848557771733E-03  3.08812325491092E-03
 -2.39630261481999E-03  1.73369614894421E-03 -1.13590444817576E-03  6.79759211886622E-04 -3.93993599484990E-04
  1.70963998804426E-04 -4.53898568261403E-05  1.30649448211866E+00 -1.30634118925868E+00  1.01368648762561E+00
 -7.33389999995908E-01  4.80511521436095E-01 -2.87552468670566E-01  1.66667590203387E-01 -7.23213681482881E-02
  1.92008594548586E-02 -6.11253667270969E-13  2.51652245808004E-12  7.99629886027429E-12  1.01846098135607E-12
 -2.69694295092617E-11  2.50733820935136E-11 -8.79513411042424E-12  3.90946178207864E-12  2.87350811098009E-10
 -4.04656356250981E-10 -2.05320790206936E-10 -1.44060354522244E-10  3.80755989297317E-11 -3.27919852168880E-11
 -2.99505516615615E-11  8.07737173961167E-12  7.76810115373812E-13 -4.69982969790567E-13 -2.28053763157495E-13
  4.15231268559597E-13
* ORBITAL    1   56
  4.35806372443883E-13 -1.05589570011816E-11  5.21419057041496E-11 -4.00936625993775E-10  1.72275729382888E-09
 -9.13349920284379E-09  1.42777512181575E-08 -1.53022443524387E-08  1.49568682845346E-08 -8.03532296589107E-09
 -2.01643945040179E-09  2.63296926488092E-09  5.76069001299300E-10  5.92521664236433E-12 -9.58671461829947E-04
  9.58558961608525E-04 -7.43816597453107E-04  5.38142385287158E-04 -3.52586782470051E-04  2.10998472525940E-04
 -1.22296312375339E-04  5.30675199802346E-05 -1.40890798645229E-05  1.30694862602653E+00 -1.30679526414687E+00
  1.01403884341120E+00 -7.33644924174500E-01  4.80678545655494E-01 -2.87652419925560E-01  1.66725520704821E-01
 -7.23465044564546E-02  1.92075314668355E-02  3.11484998279075E-03 -3.11448445435175E-03  2.41675819148093E-03
 -1.74849556175958E-03  1.14560094207675E-03 -6.85561854606052E-04  3.97356842789666E-04 -1.72423366985969E-04
  4.57772746793761E-05  3.18632595513826E-11 -2.07972828790028E-11 -9.34382491600840E-12  1.47327294153374E-11
  2.49292069610266E-10 -3.50945883716760E-10 -1.79784875439108E-10 -1.25323038210253E-10  1.58294348026642E-11
 -1.35442490823431E-11  2.59525176770293E-12 -6.44499093400436E-12 -1.42140977871930E-13 -5.83788254985912E-13
 -2.15867303078798E-12  4.19927938053100E-13  2.59121223738259E-11 -2.80363143355152E-11 -1.24925998224661E-11
 -8.18762820939527E-12
* ORBITAL    1   57
  9.90371841061451E-04 -7.63829733141679E-03  8.11519525640148E-02 -3.75253550349736E-01  2.87979883520894E+00
 -4.33924345963897E+00  3.84126990433396E+00 -2.88819674519564E+00  1.99850491293606E+00 -1.25349806663688E+00
  7.25931632058872E-01 -3.74861296568281E-01  1.56985576526358E-01 -3.87601111195908E-02  3.55969279214968E-10
  1.20481392515751E-09  9.10406878264492E-10  9.44011193927294E-11  2.81547313574940E-10  6.33004708624050E-10
  4.00098996501930E-10  8.41901891878079E-12  2.85673140275863E-13 -5.68581393941001E-10 -1.91726132226763E-09
 -1.36683425246566E-09  4.73926812149944E-11  3.48021700095178E-10  8.34572278041174E-10  4.08154957604560E-10
  2.16134632226581E-12  5.09330644472121E-12  8.48983596008001E-09  2.85628876376916E-08  2.03350434148991E-08
 -3.85866202242535E-10 -3.91723166261797E-09 -9.60876040874255E-09 -4.57774228051186E-09 -6.75801397314678E-11
 -4.05408028347466E-11  5.53741960464566E-14 -5.63214311188285E-14  3.03215446793187E-14 -4.86773856189546E-15
 -1.88889604780680E-13  1.94614992637907E-13 -1.17803231858989E-13  2.28004938346275E-14  5.50943705637306E-12
 -4.59538449635960E-12  2.32521038729315E-12 -4.62697708941372E-12 -1.40040266923403E-13  1.28325183115360E-13
 -5.49107656312151E-14  9.98085133103957E-14  9.40091399659309E-12 -7.79241479379207E-12  3.95596048368068E-12
 -8.01483202006287E-12
* ORBITAL    1   58
 -2.40771302500238E-03  4.11737868506667E-02 -2.73125475786067E-01  2.43383732498177E+00 -3.32194080674359E+00
  2.76110945720473E+00 -2.05052419429614E+00  1.49930484518976E+00 -1.03963549783665E+00  6.64225515387890E-01
 -3.87378809199564E-01  1.99184717152822E-01 -8.47198898460058E-02  2.08162493072822E-02  1.47700162229701E-11
  9.12726534573019E-11  6.73139043730239E-11  1.27295931218273E-12 -1.24971343461455E-11 -3.07680790381648E-11
 -1.47324338224622E-11 -2.84743411260340E-13 -2.00777461618011E-13 -7.07263817718348E-11 -4.40276468416041E-10
 -3.25697336708498E-10 -1.23457219922201E-11  2.94986187747992E-11  6.91554470380167E-11  3.23943400819048E-11
  9.89371813754580E-13  1.70887962149331E-13  9.35894491307249E-10  5.82818943616052E-09  4.29675327117238E-09
  1.55309300992327E-10 -4.41979163143349E-10 -1.03828534549589E-09 -4.99702340315679E-10 -1.60196949312404E-11
 -2.03328755540620E-12  8.39450716631828E-16 -2.05796823179218E-15  1.00895849642878E-15  1.18601197365260E-16
 -7.47569843111277E-15  6.94354018188576E-15 -3.50989173280214E-15  9.34539522648018E-17  2.31182327349669E-13
 -1.91184042570973E-13  9.46084766691641E-14 -1.94868999332654E-13 -6.12403339930238E-15  6.39947068967583E-15
 -2.96128145187557E-15  4.30469273307155E-15  3.94135195537220E-13 -3.23943123902512E-13  1.61752991927770E-13
 -3.38898043362484E-13
* ORBITAL    1   59
  1.43016938993234E-02 -1.67600395182749E-01  1.99480211392328E+00 -2.44597187089415E+00  1.90062393024233E+00
 -1.37223982441549E+00  1.00875777857779E+00 -7.46773249712890E-01  5.23395663642767E-01 -3.36325105940480E-01
  1.96829445566156E-01 -1.01462152169122E-01  4.31494686386124E-02 -1.06117883240484E-02  4.98224804916345E-12
  3.51890252115717E-11  2.70308069356981E-11  1.62320805986112E-12 -1.38043069219850E-13 -3.18798186375804E-13
  2.44546940990277E-13 -6.14705630681218E-14  1.64156866518393E-14 -1.36386062329231E-11 -9.63548229386513E-11
 -7.35153714602322E-11 -2.83329326586100E-12  7.51538377012641E-12  1.80459606577075E-11  8.87877446088844E-12
  3.65789247550879E-13  1.35328920601164E-14  1.84224649875341E-10  1.30095678332538E-09  9.92810052967842E-10
  3.80601050796541E-11 -1.01218077885113E-10 -2.43627247415863E-10 -1.19797800384385E-10 -4.98421646618950E-12
 -1.67877569029734E-13 -2.78526363699305E-16  6.34650621421221E-16 -6.54675001550434E-16 -3.10700235315074E-16
  8.04341222450916E-16 -1.05008879017963E-15  3.98030337994241E-16 -9.34005979001462E-16  4.25099061569721E-15
 -4.40107233121346E-15  2.71525589130503E-15 -3.62370338110993E-15 -1.28217815016524E-15  1.65251785542751E-15
 -1.66887469174479E-15  1.09501571462071E-15  5.84457345774968E-15 -4.66837354432055E-15  3.53178688445415E-15
 -6.88199001929490E-15
* ORBITAL    1   60
 -7.51994470948963E-02  1.59431496131237E+00 -1.67602531311503E+00  1.20592316025036E+00 -8.47612077884616E-01
  6.14669480932037E-01 -4.58320576906590E-01  3.42420328342019E-01 -2.41177306818664E-01  1.55385657467539E-01
 -9.10567142235450E-02  4.69687218565329E-02 -1.99815907144253E-02  4.91477811255008E-03  6.00898612766053E-13
  4.35992158147633E-12  3.31206468757253E-12 -1.19487892502564E-13 -1.37516220698511E-12 -3.35124119088505E-12
 -1.80006810923188E-12 -4.57303967137512E-14 -9.24408760235843E-15 -3.07561060420133E-12 -2.23289773438807E-11
 -1.73332860683793E-11 -7.69034810574668E-13  9.78745964541273E-13  2.49086614957454E-12  1.09015040398782E-12
  7.18642234297424E-14 -4.29535894633458E-15  3.90241198567348E-11  2.83454980243835E-10  2.19681734686316E-10
  8.81057782363551E-12 -1.68700087368943E-11 -4.22644785469154E-11 -1.97523586936786E-11 -1.05620887924409E-12
  2.99309429318443E-14  6.67881185095203E-17  3.42593760845904E-16 -5.79081516682685E-16  1.51573874832288E-15
 -9.92677322544172E-16  5.43837486441911E-16  3.07128097077960E-16  2.30974821947738E-16  6.89668589850743E-18
  3.48014872337503E-16 -6.08744153161147E-16  2.72496841765826E-19  7.52177020367630E-16 -5.53899202486625E-16
 -7.82752044345116E-16  7.20267289895626E-16 -3.18369999579396E-17 -3.73206483982360E-16 -3.78642218951222E-16
  6.88858027917370E-16
* ORBITAL    1   61
  1.25985271433922E+00 -9.86154907580697E-01  6.37223950273104E-01 -4.34673327354809E-01  3.10458555015758E-01
 -2.28340775342297E-01  1.71542441337272E-01 -1.28626888159804E-01  9.07521009207161E-02 -5.85196624692894E-02
  3.43069298448179E-02 -1.76998093561018E-02  7.53058517829183E-03 -1.85234965674354E-03  8.73818121775118E-14
  6.53792599998546E-13  4.77363181894400E-13 -7.26299078562262E-14 -4.64310789446291E-13 -1.11724836288094E-12
 -6.11696765738988E-13 -1.20287548470389E-14 -4.52770316833321E-15 -5.76994347428307E-13 -4.22667814897234E-12
 -3.29636315643362E-12 -1.83676286113447E-13  3.30551842200660E-14  9.08369170916706E-14  1.38199837921553E-15
  7.96602024770148E-15 -1.81245837289531E-15  7.00522280746773E-12  5.13609372402513E-11  3.99994729727099E-11
  2.00969765762213E-12 -1.33889923481590E-12 -3.47281002152359E-12 -1.27021387704034E-12 -1.44900416517464E-13
  2.17907142762191E-14  8.55115196424193E-16 -1.61537852270147E-15  1.46769053765970E-15 -1.32687085253588E-15
  9.46212111105364E-16 -2.18031136968642E-15  1.29691731181053E-15  1.97061088244878E-16  5.49821470792461E-16
 -6.49305351067983E-16 -2.68008146431210E-16  1.22987958736107E-16  1.77297757700814E-16  5.53373886326396E-16
 -9.73274296929424E-17 -1.22188955387742E-16  8.46507271766456E-16 -1.26288345597561E-15  4.51987065178390E-16
 -1.02502434585189E-15
#OCC
* OCCUPATION NUMBERS
  1.99686925011888E+00  1.80732907840912E+00  6.30264620783749E-04  6.30264621249710E-04  6.30264684872928E-04
  1.25084334419279E-03  6.42200095761040E-02  6.42200122882755E-02  6.42200123365190E-02  0.00000000000000E+00
  0.00000000000000E+00  0.00000000000000E+00  0.00000000000000E+00  0.00000000000000E+00  0.00000000000000E+00
  0.00000000000000E+00  0.00000000000000E+00  0.00000000000000E+00  0.00000000000000E+00  0.00000000000000E+00
  0.00000000000000E+00  0.00000000000000E+00  0.00000000000000E+00  0.00000000000000E+00  0.00000000000000E+00
  0.00000000000000E+00  0.00000000000000E+00  0.00000000000000E+00  0.00000000000000E+00  0.00000000000000E+00
  0.00000000000000E+00  0.00000000000000E+00  0.00000000000000E+00  0.00000000000000E+00  0.00000000000000E+00
  0.00000000000000E+00  0.00000000000000E+00  0.00000000000000E+00  0.00000000000000E+00  0.00000000000000E+00
  0.00000000000000E+00  0.00000000000000E+00  0.00000000000000E+00  0.00000000000000E+00  0.00000000000000E+00
  0.00000000000000E+00  0.00000000000000E+00  0.00000000000000E+00  0.00000000000000E+00  0.00000000000000E+00
  0.00000000000000E+00  0.00000000000000E+00  0.00000000000000E+00  0.00000000000000E+00  0.00000000000000E+00
  0.00000000000000E+00  0.00000000000000E+00  0.00000000000000E+00  0.00000000000000E+00  0.00000000000000E+00
  0.00000000000000E+00
#OCHR
* OCCUPATION NUMBERS (HUMAN-READABLE)
  1.9969  1.8073  0.0006  0.0006  0.0006  0.0013  0.0642  0.0642  0.0642  0.0000
  0.0000  0.0000  0.0000  0.0000  0.0000  0.0000  0.0000  0.0000  0.0000  0.0000
  0.0000  0.0000  0.0000  0.0000  0.0000  0.0000  0.0000  0.0000  0.0000  0.0000
  0.0000  0.0000  0.0000  0.0000  0.0000  0.0000  0.0000  0.0000  0.0000  0.0000
  0.0000  0.0000  0.0000  0.0000  0.0000  0.0000  0.0000  0.0000  0.0000  0.0000
  0.0000  0.0000  0.0000  0.0000  0.0000  0.0000  0.0000  0.0000  0.0000  0.0000
  0.0000
#ONE
* ONE ELECTRON ENERGIES
  0.0000E+00  0.0000E+00  0.0000E+00  0.0000E+00  0.0000E+00  0.0000E+00  0.0000E+00  0.0000E+00  0.0000E+00  2.7467E-02
  2.7467E-02  2.7467E-02  3.8563E-02  1.3524E-01  1.3524E-01  1.3524E-01  1.8410E-01  1.8410E-01  1.8410E-01  1.8410E-01
  1.8410E-01  2.5432E-01  5.1155E-01  5.1155E-01  5.1155E-01  6.0298E-01  6.0298E-01  6.0298E-01  6.0298E-01  6.0298E-01
  1.0925E+00  1.6734E+00  1.6734E+00  1.6734E+00  1.7499E+00  1.7499E+00  1.7499E+00  1.7499E+00  1.7499E+00  4.2722E+00
  5.1856E+00  5.1856E+00  5.1856E+00  5.1856E+00  5.1856E+00  5.6386E+00  5.6386E+00  5.6386E+00  1.6639E+01  2.1883E+01
  2.1883E+01  2.1883E+01  5.5689E+01  9.3765E+01  9.3765E+01  9.3765E+01  1.6891E+02  5.3582E+02  1.8736E+03  7.7572E+03
  4.5449E+04
#INDEX
* 1234567890
0 222222222s
1 ssssssssss
2 ssssssssss
3 ssssssssss
4 ssssssssss
5 ssssssssss
6 s
