#INPORB 2.2
#INFO
* RASSCF natural orbitals for root number  1 E=      -14.653836986551
       0       1       0
      61
      61
*BC:HOST dzemail-jasarevic-compchemp-comp PID 257105 DATE Fri Feb 13 17:18:18 2026
#ORB
* ORBITAL    1    1
  5.32921372619755E-05  4.17941844376400E-04  2.22537821780127E-03  9.55935656336613E-03  3.48250120173075E-02
  1.06047231859635E-01  2.45725648314183E-01  3.86583378017133E-01  3.12399022657854E-01  6.55066086257317E-02
 -4.69520242478727E-03 -5.93657948584410E-03 -2.88422496493855E-03  9.26699246611445E-05 -1.97572982052766E-12
  1.28101947548729E-11 -4.49101360942007E-11 -9.13894745006293E-12 -9.02727234770366E-12  7.03568661975384E-12
  1.97959105105580E-11  4.06858025612684E-12 -1.35651820432459E-12 -1.28869574661661E-11  5.94001577438826E-11
 -5.19737813416830E-10 -4.40113727488597E-10 -1.82836326861333E-11  8.56825817713055E-11  3.69414794725591E-10
  6.37698532967113E-11 -7.82675989499988E-12  2.23805755929515E-12 -1.73385319655518E-11 -5.20791138521779E-11
 -1.36542845351928E-10  1.86081697874850E-11  2.03257660044033E-11  5.18826267015787E-11  1.62772548635860E-11
 -2.45350630632992E-12  2.81202936301250E-14 -4.89134713362742E-14 -1.76464573091955E-15 -2.49614326435558E-15
 -1.28124669860035E-13  6.04178208751475E-14 -7.65056278683535E-14  2.16775449734296E-14 -3.44754399117716E-11
 -7.25855503757661E-12 -1.67990569475566E-11 -7.09910787440575E-12  4.56566099305329E-12 -1.40104057341675E-12
  2.83585095143133E-12 -7.68394879309901E-13 -1.33695993116017E-12 -4.06619683222954E-13 -6.75795151053373E-13
 -1.20796840154609E-13
* ORBITAL    1    2
 -9.36667985777429E-06 -7.34910342216142E-05 -3.91736029239811E-04 -1.69034794022986E-03 -6.23383038853380E-03
 -1.96199301116592E-02 -4.88779432241175E-02 -9.29345866500202E-02 -1.30283103210008E-01 -6.14743460354151E-02
  2.89561075288852E-01  6.24183642865948E-01  2.32066829570771E-01 -1.89303901259457E-03 -6.16167094504132E-12
 -1.51523353161628E-12  2.68329739957977E-11  4.85759465086788E-10  6.45638127499688E-10  1.39127608596687E-10
 -1.18033398884740E-09 -6.60474810922532E-10  3.73355222643309E-10 -2.92949077010613E-11  2.41005320790896E-11
  1.01322798949655E-09  5.13483142313981E-09  1.43819345630966E-08  6.35755007747426E-09 -1.97483585966178E-08
 -7.84047716688574E-09  2.04221397496573E-09 -3.42367203422591E-12 -8.94569745728657E-11  5.14507759962487E-10
  7.31256565290824E-10  3.05268232596314E-09  1.37073423933923E-09 -3.46206196423781E-09 -6.68888325726440E-10
 -1.60965685183557E-10 -7.88078462567415E-15 -1.11097170803076E-12  1.19517359045136E-12  4.42297747738099E-13
 -3.36528165193538E-14 -1.87252544704867E-12  2.06121203018641E-12  6.45935762801610E-13 -3.25850582977102E-10
 -6.69314493592876E-10  9.41855524695349E-10  7.44607845012517E-10  8.38377908287655E-13  9.30617981048224E-11
 -1.00985108601337E-10 -2.99602438395752E-11 -1.21269408198796E-11 -2.30415705585175E-11  3.49277553233618E-11
  1.68573197297547E-11
* ORBITAL    1    3
  3.32810654995117E-12 -7.29184070251315E-10  3.34618089078704E-09 -2.45046900971326E-08  8.85333274587767E-08
 -4.27233576391316E-07  9.97586719461723E-07 -1.46339930930756E-06  1.19778941197734E-06 -6.85390894863227E-08
 -8.17373090961550E-07  5.69243610179284E-07  1.36649504373089E-08 -1.01944220997764E-07 -1.76212562839914E-03
 -1.29354049474583E-02 -1.00419371877441E-02 -3.67895007943412E-04  9.46355664899233E-04  2.35017453319116E-03
  1.13666482405975E-03  5.22644934163192E-05  1.45483691575796E-06  7.93521178072894E-02  5.82507716836411E-01
  4.52208948675791E-01  1.65670671907858E-02 -4.26163318748962E-02 -1.05833159716483E-01 -5.11863425131819E-02
 -2.35357568110667E-03 -6.55131719783681E-05 -1.87539822845145E-04 -1.37669160156878E-03 -1.06874528794858E-03
 -3.91541410479444E-05  1.00718704378743E-04  2.50124947452252E-04  1.20972990322600E-04  5.56247811034423E-06
  1.54938639886548E-07 -1.46150654688006E-10  1.50481663045660E-10  1.75262709511016E-10 -6.16751085549504E-11
 -2.50964767387001E-10 -3.55818631164248E-11 -4.87150844103214E-10  4.76070229085803E-10  1.22514450624765E-09
 -1.27501266297042E-09 -5.63171710648049E-10  7.98651113549622E-10  6.13981792803709E-12  6.53756459263934E-14
  1.03845470624557E-11 -1.04573598368223E-11  2.12943506645913E-09 -2.21705028548687E-09 -9.86844969428487E-10
  1.39002831355585E-09
* ORBITAL    1    4
  2.13227255776726E-12 -8.38553092197945E-11  4.24929848940420E-10 -3.07303389243827E-09  1.21516862912275E-08
 -5.13270822833763E-08  1.16458665220640E-07 -1.41298469513228E-07  5.20924158926557E-08  1.16647270032595E-07
 -2.06294586456033E-07  1.38274532819280E-07 -2.83226777756024E-08 -9.83704648695877E-09  7.92261878338528E-02
  5.81583288965058E-01  4.51491302792495E-01  1.65407737403931E-02 -4.25486986756347E-02 -1.05665204529019E-01
 -5.11051103069973E-02 -2.34984052149275E-03 -6.54095310473539E-05  1.76989263543287E-03  1.29924209104013E-02
  1.00861993822924E-02  3.69516700037839E-04 -9.50527029368825E-04 -2.36053341721273E-03 -1.14167506743906E-03
 -5.24948041261554E-05 -1.46120761770766E-06  4.46962367964306E-03  3.28105960446574E-02  2.54713327333278E-02
  9.33157943881889E-04 -2.40042191704869E-03 -5.96121059337733E-03 -2.88314098945509E-03 -1.32570123203462E-04
 -3.69264218193072E-06 -2.12582257472706E-09  2.21383578963611E-09  9.84725144192424E-10 -1.38731969738922E-09
 -1.25354466982939E-10  1.24074199975650E-10  4.43635173474103E-11 -6.74456222166803E-11  1.22169864313447E-10
 -1.45534134477164E-10 -1.57747177439371E-10  1.01940888454343E-10 -2.66418238868985E-10 -1.88362546898968E-11
 -4.73364886747608E-10  4.67189609477099E-10 -1.45623629096933E-10  1.50001509452919E-10  1.74702150283152E-10
 -6.13101659971772E-11
* ORBITAL    1    5
 -2.68175083931158E-12 -1.71566188468618E-11 -6.69960739938818E-11 -2.38471211830604E-10 -1.96736211546466E-09
 -1.82015706368936E-08  1.01370964341063E-07 -3.13268456872103E-07  5.74086254365008E-07 -6.63992486414025E-07
  5.13398541742283E-07 -3.02660237257759E-07  1.31913602008350E-07 -2.15769068283238E-08 -4.47269223222038E-03
 -3.28331181350096E-02 -2.54888087302412E-02 -9.33807115027260E-04  2.40207579924314E-03  5.96529541140448E-03
  2.88512797840153E-03  1.32657455169013E-04  3.69141542789937E-06  8.79659899325277E-05  6.45740327134110E-04
  5.01297246664099E-04  1.83655067406468E-05 -4.72424573455666E-05 -1.17321535950129E-04 -5.67428121228140E-05
 -2.60902057204978E-06 -7.26010039432900E-08  7.92457416955472E-02  5.81726765071579E-01  4.51602709818199E-01
  1.65447870964740E-02 -4.25591259863259E-02 -1.05691280329293E-01 -5.11177064428360E-02 -2.35041176282829E-03
 -6.54450494467810E-05  1.19559115379105E-10 -1.24465785032248E-10 -5.51860964708069E-11  7.81655958632910E-11
 -2.12232618913277E-09  2.20980622004176E-09  9.80281791739058E-10 -1.38519201990239E-09 -3.00077195246529E-10
 -2.97346802263252E-11 -5.53629827319743E-10  5.43364397212588E-10 -1.78649605288378E-10  2.01015778866221E-10
  2.24166390224503E-10 -1.19107173377855E-10  1.32565281052461E-11 -1.36348020457882E-11 -1.23414985082350E-11
  6.87045431661673E-12
* ORBITAL    1    6
  8.49121096175728E-05  6.93437767461110E-04  3.53468528827493E-03  1.70009182215454E-02  6.84114933560770E-02
  3.41531656067594E-01  7.40947122428425E-01 -1.93562148762566E-01 -7.92726204161392E-01 -1.81326658413832E-01
  7.97214000309845E-02  1.93467422589403E-01  7.00560828806296E-02 -2.06833467136022E-04 -1.64289264378427E-10
 -1.12689883212965E-09  4.73864331385122E-10  7.16851159389293E-10  2.31270757996924E-09  5.76433259177724E-09
  1.47148737945820E-09  4.42121591457934E-10 -3.51475829912803E-10  1.01107103391404E-09  7.83338393327942E-09
  1.65888309787953E-08  1.59942812478488E-08  5.50310001176902E-08  1.21447054266830E-07  5.34074649477831E-08
  1.97009597500281E-10  1.80300250754120E-10  3.89545088022115E-10  3.01543199975418E-09  2.62676084400627E-09
  2.62925187594572E-09  1.19975127424657E-08  2.22608023076409E-08  1.39808130532834E-08 -1.12197240645088E-09
  2.70361112742714E-10 -2.00878293392910E-13  1.30505638455954E-13  6.97253031123326E-14 -2.39518231249724E-13
 -3.48267512237734E-13  4.81476581208883E-13  1.10767405536205E-14 -4.69226076268666E-13 -2.98469576479038E-10
  2.79767370616335E-10 -1.20496678815851E-10  1.95194488866989E-10  1.63759324924680E-11 -1.87895880207803E-11
 -3.17589749510392E-12  2.51730994952163E-11 -7.31607877095603E-12  1.19148136215166E-11 -5.09968125067435E-12
  3.98596676967885E-13
* ORBITAL    1    7
  3.52202009550410E-12 -5.64227591753726E-10  2.94016170769279E-09 -1.94159565811892E-08  7.47935974302153E-08
 -3.52319742971966E-07  8.04610562921626E-07 -1.38790923420520E-06  8.67260161224127E-07  3.01581979339807E-07
 -5.03102428860879E-07  7.12737711625850E-07 -5.78793652633038E-07 -8.54123847912707E-08 -2.13707134402705E-05
 -1.35564633816613E-04 -3.86350356695892E-04 -9.34306450647114E-04 -4.17766469201701E-03 -1.00570168942640E-02
 -5.58682477234763E-03 -1.09464198290494E-04 -3.88493067968652E-05  1.14679798827643E-03  7.27468672366622E-03
  2.07323818925338E-02  5.01368748883208E-02  2.24182376270905E-01  5.39680929239082E-01  2.99800905628628E-01
  5.87408366242468E-03  2.08473292543262E-03 -2.22646251044861E-06 -1.41235434129544E-05 -4.02511658619612E-05
 -9.73388167901831E-05 -4.35241930548816E-04 -1.04777065124219E-03 -5.82052461355528E-04 -1.14042280568074E-05
 -4.04762246387072E-06 -8.53136676448570E-11  1.60163080448643E-10 -5.71131706615526E-10 -2.18996225890419E-10
  1.73573707112183E-10 -1.62671807276765E-09  1.33804826080081E-09  7.70497340691136E-11  4.62962409040325E-10
  3.89195922805385E-09  2.08622194273062E-10 -9.83725912297201E-10 -3.03350088431604E-12  3.04493021479295E-11
 -2.31627760846514E-11 -1.31612902678705E-12  8.06362001416668E-10  6.73364942657440E-09  3.86891476065162E-10
 -1.69614185349522E-09
* ORBITAL    1    8
  1.43524094079945E-12 -6.34154354444188E-11  3.35784202711001E-10 -2.37565957127933E-09  9.54451260454575E-09
 -4.12998339622931E-08  8.70566529980517E-08 -1.18273136792120E-07  2.35746986937050E-08  1.46379667319913E-07
 -1.99005743931816E-07  1.61984766059018E-07 -7.51289502950857E-08 -5.27307262147191E-09  1.14525455839914E-03
  7.26489477486650E-03  2.07044786965910E-02  5.00693884941902E-02  2.23880636565773E-01  5.38954542247232E-01
  2.99397388886527E-01  5.86617715231096E-03  2.08192731477726E-03  2.14574509176411E-05  1.36114822229271E-04
  3.87918400376268E-04  9.38098411755085E-04  4.19461997822596E-03  1.00978340233085E-02  5.60949930006471E-03
  1.09908530279381E-04  3.90068531976525E-05  5.94903940594486E-05  3.77376647653821E-04  1.07549869738083E-03
  2.60086269512970E-03  1.16295287387237E-02  2.79961055249835E-02  1.55522606003494E-02  3.04717514165758E-04
  1.08151055768952E-04 -8.05139663331296E-10 -6.72430870287070E-09 -3.87481948335229E-10  1.69440604521400E-09
 -3.84492147677654E-11 -3.79973739115739E-10  4.87335544269801E-12  8.98645888568958E-11  7.68225710056141E-11
 -4.54900906515861E-11  4.17446291072762E-10  9.44573116865539E-11  1.66673774763907E-10 -1.63560567542007E-09
  1.30472460773682E-09  7.09001798936761E-11 -8.50817149908795E-11  1.60681043076610E-10 -5.70511564651536E-10
 -2.18766113122286E-10
* ORBITAL    1    9
 -1.14081321746257E-12 -1.80999580994698E-11 -3.11495763563245E-11 -3.63968058445918E-10 -7.73267356621237E-10
 -1.66986636183460E-08  8.89578346388177E-08 -3.14214536183013E-07  4.90848844925417E-07 -5.72593825246262E-07
  6.10236122449920E-07 -3.45794141063173E-07  7.58372440860826E-08 -4.82379664287576E-08 -5.95218834445325E-05
 -3.77573723749304E-04 -1.07606444979640E-03 -2.60222704403876E-03 -1.16356258185418E-02 -2.80107962967725E-02
 -1.55604216583416E-02 -3.04881762659442E-04 -1.08198475426739E-04  1.11466535003558E-06  7.07081620837019E-06
  2.01514410057564E-05  4.87318601054374E-05  2.17900162867840E-04  5.24557694789000E-04  2.91399744700255E-04
  5.70951743543989E-06  2.02622802989550E-06  1.14545573365956E-03  7.26614315904016E-03  2.07081136926074E-02
  5.00779816156304E-02  2.23919500988315E-01  5.39048111794703E-01  2.99449424150050E-01  5.86719102669502E-03
  2.08229635487221E-03  4.16591823851084E-11  3.49569057143736E-10  1.88361543849365E-11 -8.83446847006013E-11
 -8.03254020398484E-10 -6.72782503840699E-09 -3.75391088264969E-10  1.69817722295659E-09  1.95912572109276E-10
 -1.88628132779237E-09  1.52464430138059E-09  8.64145477250660E-11 -1.09124513396413E-10  1.19734093241834E-10
 -6.46674413407632E-10 -1.91329626510989E-10  6.00465472470859E-12  4.81574301216844E-12  3.02289325580874E-11
  8.19994730069358E-12
* ORBITAL    1   10
  1.12441050360679E-13  8.23658821234542E-13  4.80434680885306E-12  1.97423102646450E-11  8.27214783706968E-11
  3.71407285662430E-10  1.38051480438830E-09  1.47436156748270E-09  4.69034826263362E-10 -3.59525003043588E-08
  4.23983491836620E-08 -1.48768750841787E-08  1.60106179128185E-07 -2.50419388814921E-07 -5.63701803137466E-05
 -1.34511575575033E-04 -2.54823861154196E-03  2.85484472342778E-03 -1.09378030598386E-02  4.98145659195344E-02
 -8.00606734342900E-02  2.74972650159001E-01 -5.58640897645889E-01 -1.24318827259178E-04 -2.96651912273418E-04
 -5.61988685914183E-03  6.29607604111273E-03 -2.41222367780714E-02  1.09861070819966E-01 -1.76565852465499E-01
  6.06424831845663E-01 -1.23202693892866E+00  7.85071531734128E-06  1.87335432182858E-05  3.54894958603103E-04
 -3.97595937162953E-04  1.52331530360163E-03 -6.93770697043318E-03  1.11501025079429E-02 -3.82956220869411E-02
  7.78022854518095E-02  1.96605051671317E-11 -1.05653128956846E-10  1.18975948178829E-10 -4.70911501991668E-10
  6.45739924084757E-12 -2.62553639799794E-11  8.59313347686363E-11 -1.04459732746348E-10 -2.28588113999243E-11
  1.24853602051008E-10 -1.38674695308657E-10  4.74567343266568E-10  3.81864800615888E-12 -1.70108951667931E-11
  4.39810905289603E-11 -6.00860435214712E-11 -3.59533593382917E-11  2.00050040289519E-10 -2.09593375701695E-10
  6.80802510326534E-10
* ORBITAL    1   11
 -7.24494882279265E-14 -5.06860007221127E-13 -3.17516948641814E-12 -1.16451623847237E-11 -5.58145936583054E-11
 -1.97595249299796E-10 -8.38507611198897E-10 -9.43783894100906E-10  1.96103645768322E-10  1.70538730203269E-08
 -2.12349079274914E-08  1.95354318311908E-08 -1.09995664368270E-07  1.50759070818962E-07 -1.22989901354734E-04
 -2.93480798923161E-04 -5.55981218307980E-03  6.22877320730859E-03 -2.38643784483155E-02  1.08686693874790E-01
 -1.74678424712278E-01  5.99942360219976E-01 -1.21885699683056E+00  5.69127350206846E-05  1.35806234629293E-04
  2.57276503105683E-03 -2.88232211621979E-03  1.10430776812633E-02 -5.02940233047632E-02  8.08312446802141E-02
 -2.77619218501497E-01  5.64017728050085E-01  1.81335784197407E-05  4.32707292962620E-05  8.19736202177351E-04
 -9.18366897718956E-04  3.51855294037724E-03 -1.60247121463701E-02  2.57545012825716E-02 -8.84552090494779E-02
  1.79707680607694E-01  3.55435383119961E-11 -1.97807141483149E-10  2.07183109528102E-10 -6.72342540831811E-10
 -9.46094417588674E-12  4.79624056365640E-11 -7.75453701689180E-11  1.77438110408900E-10  6.76244711638645E-12
 -4.06743414541798E-11  2.96319259196159E-11 -9.37614408380453E-11  8.30749204484282E-12 -3.70223886899990E-11
  9.57773285907202E-11 -1.30119951831668E-10  1.97929475309090E-11 -1.06415189133971E-10  1.19715759347229E-10
 -4.72685699708881E-10
* ORBITAL    1   12
  4.46655328723867E-14  2.89097128899561E-13  2.09209389952913E-12  6.20597507953613E-12  3.86772226308053E-11
  1.02097420228460E-10  5.63811196929958E-10  7.19389148229629E-10 -8.80308822864363E-10 -9.81667633927401E-09
  1.58250346154751E-08 -3.18311350078318E-08  1.16945446700652E-07 -1.37906301179543E-07 -1.97557384651196E-05
 -4.71416313949795E-05 -8.93066625283974E-04  1.00051954348934E-03 -3.83330739357722E-03  1.74582150745080E-02
 -2.80583865355071E-02  9.63680312117338E-02 -1.95783545345716E-01  4.14213842406325E-07  9.88407359040962E-07
  1.87247142673979E-05 -2.09776532440898E-05  8.03720378723413E-05 -3.66042214390124E-04  5.88293468611838E-04
 -2.02052542893108E-03  4.10494670374769E-03 -1.35292229230839E-04 -3.22837955965660E-04 -6.11594235267147E-03
  6.85180272371178E-03 -2.62514410106689E-02  1.19558165995393E-01 -1.92150765197552E-01  6.59952103146678E-01
 -1.34077412082401E+00  5.90480211548624E-12 -3.26435418585549E-11  3.46709108626237E-11 -1.17449983708154E-10
  4.04724010350305E-11 -2.23703005685439E-10  2.37556746085714E-10 -8.06846871773683E-10  1.08850577242578E-11
 -4.85772384805704E-11  1.23936019057453E-10 -1.79239821177697E-10  4.42995975305378E-12 -1.97205470255196E-11
  3.74568558545835E-11 -1.70431792811369E-10  5.66616976864297E-13 -2.65657324670427E-12  3.89058548144600E-12
 -2.38606118854250E-11
* ORBITAL    1   13
  6.43470214308308E-07  1.60938073869397E-06  3.50402585043917E-05  5.69774363076379E-06  7.13350906325594E-04
 -1.24196913146060E-04  1.04750239316983E-02 -7.84752045661154E-03  3.43793870016496E-02 -1.77458422934529E-01
  2.81219497891556E-01 -6.49292512102806E-01  1.83701322210216E+00 -1.93600542411846E+00 -1.22012208776309E-10
 -1.10590382600309E-09 -3.99694512576120E-09 -6.64450293559239E-09 -7.64240684324136E-09 -3.47951143484034E-09
 -2.13102473062799E-09  1.09158802131949E-08 -1.09746061302632E-08 -8.05056732570468E-10 -7.45286838861607E-09
 -2.50690214730708E-08 -4.92037862664680E-08 -5.00115057234768E-08 -8.57903197976217E-08  2.66678017369516E-08
 -2.17182629565090E-07  2.72476333775872E-07  5.88082393950250E-11  4.73316872760884E-10  2.37215963623219E-09
  1.31880234587042E-09  3.96704159275980E-09 -2.00159629031616E-08  1.58750783115359E-08 -1.04751942746831E-07
  1.27424275475683E-07 -8.62503656918510E-15  4.94521367041123E-15 -6.02243518475744E-15  1.36170412274636E-13
 -1.46018191996049E-14  1.76944230343872E-14  8.90646132206082E-15  1.51828697413645E-13 -1.63905464222107E-11
  3.18828127624127E-11 -1.02304222503112E-10  4.00311655317519E-10  6.58343859191257E-13 -5.42825804419368E-13
 -6.73677187792017E-13 -6.16772481935858E-12 -4.68597658162050E-13  9.53682340357789E-13 -2.15168721310840E-12
  7.47625882754761E-12
* ORBITAL    1   14
  2.26597244070151E-13  5.43984746023368E-12  1.09501050873148E-12  1.65441363817325E-10 -1.08424313256152E-10
  3.01641836599738E-09 -1.17691131076075E-09  2.40277160296534E-08 -4.72548528511026E-08  1.90763394875007E-09
 -1.70984511470964E-07  7.94286755294266E-07 -9.75409474909895E-07  3.73194086168703E-07 -2.39321475203139E-08
 -2.47141983723509E-05 -2.98187185680614E-06 -2.42028121898203E-04  6.95715739177581E-04 -1.39664622514972E-03
  6.63001548017329E-03 -1.05953093753323E-02  4.18579075344497E-03 -5.79673933909252E-06 -5.98613525784408E-03
 -7.22253466592346E-04 -5.86227005828915E-02  1.68512377245604E-01 -3.38287841062420E-01  1.60588529834238E+00
 -2.56633663078904E+00  1.01385883520736E+00 -1.16611515586005E-09 -1.20436811837779E-06 -1.45306429966187E-07
 -1.17944779882565E-05  3.39035413916586E-05 -6.80612105190490E-05  3.23093120600759E-04 -5.16329321755085E-04
  2.03981499243508E-04  2.14341531433475E-11 -1.16096047449067E-10  2.60217478888977E-10 -1.64010895010303E-09
  4.55827849762696E-11 -2.24373205566836E-10  6.17264729742607E-10 -1.63941590748659E-09 -1.10187156095867E-10
  6.47715885686281E-10 -9.35387760567822E-10  4.69235318454936E-09  1.89685308103310E-13 -9.07308715080426E-13
  2.55509988571316E-12 -6.47507145324272E-12 -1.90690686085723E-10  1.12097214460256E-09 -1.61819302610804E-09
  8.11384448121411E-09
* ORBITAL    1   15
  1.83292847538760E-14  1.63158155694151E-13  7.03212567293240E-13  4.31877685440091E-12  9.81580566675518E-12
  8.43254146623808E-11  1.87439143457472E-10  6.68289895551952E-13  1.69610290410326E-09 -8.70774899714980E-09
  4.08960964317345E-09  2.29144769282165E-08 -2.56596239349234E-08  4.04039964702120E-10 -5.79606332877964E-06
 -5.98543850346562E-03 -7.22169346461717E-04 -5.86158772374399E-02  1.68492763675404E-01 -3.38248467103619E-01
  1.60569838591527E+00 -2.56603792696173E+00  1.01374082828724E+00  2.39117955366519E-08  2.46929457664889E-05
  2.97931650732768E-06  2.41819986030496E-04 -6.95117404961643E-04  1.39544507084805E-03 -6.62431358176507E-03
  1.05861973034340E-02 -4.18219083722780E-03  8.84441835461592E-08  9.13434949380132E-05  1.10206250896275E-05
  8.94534444134561E-04 -2.57136274568185E-03  5.16199940776010E-03 -2.45045090509977E-02  3.91602166749292E-02
 -1.54706676118544E-02  1.90670886192585E-10 -1.12091537613497E-09  1.61816778937814E-09 -8.11368951218351E-09
 -3.09661395397215E-12  1.80030089819329E-11 -2.72085192154517E-11  1.30200652100838E-10 -1.22665082871537E-11
  6.56214774537534E-11 -1.53378622110548E-10  9.36881150205666E-10  4.52306153826172E-11 -2.22473710411634E-10
  6.13112452988641E-10 -1.61370518698053E-09  2.14305976735747E-11 -1.16080416488245E-10  2.60197538546507E-10
 -1.63989218185737E-09
* ORBITAL    1   16
  6.56012801468140E-16  1.09179147035588E-12 -2.49920596297105E-12  3.61793418956851E-11 -7.69539094435627E-11
  6.55106173981271E-10 -1.21850338900857E-09  7.45324458157640E-09 -1.91162184583739E-08  2.60547055610378E-08
 -5.44723046833705E-08  1.40954089119357E-07 -1.83097466582643E-07  9.68251961100964E-08 -8.84568229746002E-08
 -9.13378769623019E-05 -1.10206598853951E-05 -8.94478846508894E-04  2.57119953069250E-03 -5.16167153926762E-03
  2.45029609042132E-02 -3.91577453560843E-02  1.54696836547646E-02  1.53148149797927E-09  1.58133539289699E-06
  1.90802005575438E-07  1.54861383194625E-05 -4.45152470849688E-05  8.93641599480069E-05 -4.24220436417518E-04
  6.77939127041822E-04 -2.67827050593091E-04 -5.79609995151812E-06 -5.98548916998761E-03 -7.22174848716789E-04
 -5.86163732471521E-02  1.68494196245100E-01 -3.38251348920783E-01  1.60571206160288E+00 -2.56605971596702E+00
  1.01374940136346E+00  2.90640720130066E-12 -1.70931229893921E-11  2.46580232110121E-11 -1.23623271813045E-10
  1.90744364284677E-10 -1.12132486150977E-09  1.61902142907429E-09 -8.12007311619644E-09  5.24373580289456E-11
 -2.58025250217514E-10  7.10403818279896E-10 -1.87848341734698E-09  2.13362321810446E-11 -1.14856588915148E-10
  2.62892822771423E-10 -1.63112551070598E-09  3.66835116620579E-13 -2.00849026055738E-12  4.33578354300890E-12
 -2.67677841925058E-11
* ORBITAL    1   17
  9.16159366185014E-16 -1.46027822531651E-15 -5.51515030423983E-15  8.03599737907916E-15 -1.63895398116788E-13
  2.98422993953168E-13 -1.90521447768014E-12  4.68803439319286E-12 -1.75646738175605E-11  3.66521020309079E-11
 -1.01950139179415E-10  2.95798067747038E-10 -3.69045312145820E-10  1.33235527722361E-10  1.65205597566888E-12
  7.55431064014494E-12  5.99518613530266E-11  6.76942823986469E-12  3.33321316150630E-10 -7.69039589744403E-10
  8.90093276556102E-10 -2.18140262789652E-09  7.83570903100437E-10  7.17630228333414E-12  5.06191935378482E-12
  2.48220879698933E-10 -2.42097700606202E-10  2.31985511391320E-09 -5.08221925047261E-09  1.36040417677867E-08
 -1.92580483433117E-08  6.69208010155695E-09  5.14225544912021E-13 -2.17824807815909E-12  1.81263360398280E-11
 -4.38914656149166E-11  2.39776016446355E-10 -5.59113450413116E-10  1.55313437784088E-09 -2.15954147414559E-09
  7.49865590521518E-10 -3.39927285325229E-03  2.15125008703309E-02 -6.58329153361064E-02  3.48089017385631E-01
 -8.74364097519583E-04  5.53346530733402E-03 -1.69336031697330E-02  8.95357779643197E-02 -5.93412652962645E-04
  3.75544734320435E-03 -1.14924828255860E-02  6.07660626364181E-02 -9.36798544614262E-04  5.92858542614897E-03
 -1.81427563663421E-02  9.59291291985255E-02  1.02115781288632E-02 -6.46245808638033E-02  1.97765224335099E-01
 -1.04567604609964E+00
* ORBITAL    1   18
  6.28981531697995E-16 -3.83187204875433E-15 -1.14094702749602E-14 -7.83145743835920E-14 -1.63556306540376E-13
 -1.04199764438434E-12 -1.11974674327845E-12 -7.16761316376603E-12  6.83553057200035E-12 -2.00488261397513E-11
  7.99742669750656E-11 -1.78284942671075E-10  2.27542883792542E-10 -8.21972465289617E-11 -7.76612142814408E-12
 -9.80589497683682E-12 -2.67761683698782E-10  2.16471560130358E-10 -2.38708592457938E-09  5.16109376071411E-09
 -1.38090943895197E-08  1.95424484041921E-08 -6.78974194940215E-09  2.20792892589752E-12  1.32688948591511E-11
  7.79235960284919E-11  4.42348777164196E-11  3.61653227345637E-10 -7.41071812237312E-10  8.55171630215613E-10
 -2.08708966109254E-09  7.48272873130231E-10 -3.92482703070694E-13 -3.97326058871239E-14 -1.38610896683587E-11
  1.60195857245901E-11 -1.33178236773717E-10  3.02359295770600E-10 -7.53396511858655E-10  1.11190202426027E-09
 -3.87763122237864E-10  1.02626712784786E-02 -6.49479269071234E-02  1.98754733309177E-01 -1.05090803689490E+00
  6.49657212350855E-04 -4.11139439156214E-03  1.25817579492062E-02 -6.65255630797690E-02  2.09146216419252E-04
 -1.32359429680116E-03  4.05048542438990E-03 -2.14167864968325E-02 -3.22402506643643E-04  2.04034347966526E-03
 -6.24389327195567E-03  3.30143464586464E-02  3.45448472198398E-03 -2.18619124724806E-02  6.69021905708774E-02
 -3.53742769219214E-01
* ORBITAL    1   19
 -6.14284842967882E-16 -2.10108809725383E-16 -3.14337272686553E-14  3.25865696192498E-14 -6.60334662437399E-13
  1.05233271133278E-12 -7.55218928958235E-12  1.74360500933053E-11 -6.75008772643941E-11  1.38623333613526E-10
 -3.87136509860264E-10  1.13715642859739E-09 -1.40924907748864E-09  5.04090223592856E-10 -2.81538245153981E-12
 -3.87074559401819E-11 -8.95448274788229E-11 -2.91933975719137E-10  1.35370539186129E-10 -8.95399460953923E-10
  2.30411942384420E-09 -3.42511255399653E-09  1.20336331759869E-09 -1.59710688956440E-12 -4.07389818373379E-12
 -5.47783952910224E-11  2.30127901734130E-11 -4.31164941988197E-10  9.03352540748505E-10 -2.36893274879856E-09
  3.38569754845727E-09 -1.17678196858283E-09  5.49378715701539E-13 -1.32094597206600E-11  1.82231401881340E-11
 -1.57562642449910E-10  5.81792930403641E-10 -1.36914526342542E-09  4.68426508748925E-09 -5.84672857120501E-09
  2.01182128127255E-09  9.74619625323615E-05 -6.16793839237964E-04  1.88752283317383E-03 -9.98020465966703E-03
 -5.67660789772880E-04  3.59247514322880E-03 -1.09937525739418E-02  5.81290455272342E-02 -1.54728768450286E-03
  9.79210233609663E-03 -2.99659554937137E-02  1.58443841578913E-01 -1.06734264045552E-02  6.75474151837661E-02
 -2.06709730743620E-01  1.09296978152328E+00 -1.08524585260323E-03  6.86804306639416E-03 -2.10177003847906E-02
  1.11130285442017E-01
* ORBITAL    1   20
  5.09610596164331E-15  5.80422535816881E-14  1.65423376683388E-13  1.52608300018427E-12  1.97513790297044E-12
  2.12985456554658E-11  8.25991730556267E-12  1.63703795621886E-10 -2.42106099710657E-10  6.12326079551785E-10
 -2.15322686279832E-09  5.25137619715884E-09 -6.64471451554652E-09  2.39909251933281E-09 -4.53754038018369E-13
  7.41298175211877E-12 -1.61121272735619E-11  9.53792725183411E-11 -3.72606203342309E-10  8.99906995087230E-10
 -2.74180110557589E-09  3.63311719580530E-09 -1.25698069967348E-09 -5.68258675840151E-12 -3.13409384100186E-11
 -1.90910031987860E-10 -9.60755490515248E-11 -1.05707578228289E-09  1.87861062602161E-09 -5.02696870379061E-09
  7.05113536249670E-09 -2.44209546558687E-09  2.97701383936359E-12 -2.32823982450116E-11  1.09914807834670E-10
 -3.69640814063159E-10  1.67817401352723E-09 -4.14272485630675E-09  1.05919723488193E-08 -1.54542807089147E-08
  5.38955255951770E-09  8.88356619261155E-04 -5.62201781634017E-03  1.72045930451229E-02 -9.09686265318064E-02
 -7.35612494607914E-03  4.65536751788375E-02 -1.42464336130160E-01  7.53274718966912E-01 -7.74576773332999E-03
  4.90195527765975E-02 -1.50010456008210E-01  7.93174538826916E-01  1.58715685453080E-03 -1.00444167550877E-02
  3.07380923035384E-02 -1.62526485380663E-01 -6.38662826335396E-04  4.04181576532141E-03 -1.23688322755834E-02
  6.53997267323430E-02
* ORBITAL    1   21
 -4.49746645143973E-15 -5.39138674812473E-14 -1.49557545793689E-13 -1.42510170037596E-12 -1.76230102137909E-12
 -1.99668604542764E-11 -6.79243821858041E-12 -1.54600566464383E-10  2.33642507528544E-10 -5.87113859338737E-10
  2.05243103168998E-09 -5.02849775132876E-09  6.35934749512512E-09 -2.29559637963638E-09 -1.97869791218361E-13
 -5.79246400605263E-12 -7.27054737882033E-12 -5.10095000463734E-11  1.04301570870810E-10 -2.64920838826803E-10
  1.15704250892439E-09 -1.29247073085560E-09  4.40290932084010E-10  9.46266436346939E-13 -2.37545333146070E-11
  3.86467908309560E-11 -2.90061209622174E-10  9.98112717647477E-10 -2.60874598046871E-09  6.72349137206277E-09
 -9.78529090512902E-09  3.41374469925323E-09  8.00824970913677E-12  3.88469455492848E-11  2.70554919926190E-10
  7.88779181500861E-11  1.64038618584636E-09 -3.07524063831437E-09  8.12598568634134E-09 -1.15073569874803E-08
  3.99130425782597E-09  3.86616678009629E-04 -2.44672669132259E-03  7.48751398113223E-03 -3.95899433073390E-02
 -7.88696687531688E-03  4.99131399686744E-02 -1.52745026520033E-01  8.07633475514995E-01  7.41880913029723E-03
 -4.69503757694868E-02  1.43678325891982E-01 -7.59693643441989E-01 -6.34817750235776E-04  4.01748197017768E-03
 -1.22943655788178E-02  6.50059869686330E-02 -1.73738692580285E-04  1.09951567151734E-03 -3.36475626551511E-03
  1.77910198340804E-02
* ORBITAL    1   22
  7.92804161758535E-07  2.27208280089646E-05 -4.56478762554548E-06  6.91430549668803E-04 -5.96360417790244E-04
  1.16155841528816E-02 -7.73786114989914E-03  1.15819581350535E-01 -2.87249306533851E-01  4.64579989437674E-01
 -1.77656204892818E+00  4.45970657565784E+00 -4.43831210321336E+00  1.40443120246362E+00  5.51363603687350E-11
  7.02591461133553E-10  1.71029361250611E-09  5.82582729760782E-09 -1.76853896266721E-09  2.17111151999230E-08
 -6.07438739730134E-08  5.07921361159069E-08 -1.50948473541716E-08  5.31947566639619E-10  8.91545204613224E-09
  1.67323122073547E-08  7.78557290024133E-08 -7.55004161533190E-08  3.52943983145654E-07 -1.16216369390617E-06
  9.61538351267171E-07 -2.92553161430709E-07 -2.43303287311381E-11  3.36836136675329E-10 -7.05665136602574E-10
  4.26244609758758E-09 -1.69869385041349E-08  3.60738902909091E-08 -1.50837618862111E-07  1.23405700558913E-07
 -3.74665919949353E-08 -2.20691450150629E-14 -2.51221653730853E-14  6.16549059676242E-17  2.05634495796003E-14
 -4.43130148339699E-14  4.68580038033137E-14 -4.89287671958876E-14  4.72449568791600E-13 -1.40644324873028E-11
 -1.30346958546440E-10  3.42154439876811E-10 -2.17813162163237E-09  2.14439480377236E-12 -1.83869831860572E-12
  4.57128602653495E-12 -3.35402202094774E-11 -7.87869387556921E-13 -8.23436213923090E-13  4.35665176043748E-12
 -3.33320427323271E-11
* ORBITAL    1   23
  6.14788307642487E-13 -3.53613380626663E-12  4.49579327036562E-11 -1.53457623758991E-10  9.87145868524519E-10
 -2.05276051842520E-09  1.43692480476744E-08 -4.86220807504233E-08  1.95745282819707E-07 -7.29217107181105E-07
  1.62624311456625E-06 -2.17468176183009E-06  1.57906097663956E-06 -4.73138375116718E-07  1.20436240625892E-04
  6.91653572572500E-05  5.52930517960816E-03 -8.39091576303011E-03  3.47750853087993E-02 -1.56989270778354E-01
  2.18201055678523E-01 -1.17254735245589E-01  3.11449659980499E-02 -1.95322702615666E-03 -1.12171924425846E-03
 -8.96739075340892E-02  1.36083319281666E-01 -5.63980045043788E-01  2.54604166126749E+00 -3.53877036150328E+00
  1.90162957987218E+00 -5.05107007974108E-01  1.65288274927910E-05  9.49233756766402E-06  7.58849099490190E-04
 -1.15158036338912E-03  4.77257829132291E-03 -2.15454134304478E-02  2.99461988054534E-02 -1.60921935647333E-02
  4.27437629875648E-03 -5.27610860334767E-11  2.58726206044697E-10 -1.37442027533946E-09  1.03791425815079E-09
  1.43300136312264E-10 -5.28853158316858E-10  2.88612505097004E-09 -1.32021677950388E-09  2.48024122569959E-10
 -4.94216867188108E-10  1.10093411318765E-08 -5.98725847882008E-09 -7.90303818278566E-12  2.94260203980399E-11
 -1.45277299030267E-10  6.09182104721380E-11  4.41748965904561E-10 -9.03446424762272E-10  1.94299330012564E-08
 -1.05979968821028E-08
* ORBITAL    1   24
  1.02040059996647E-13 -6.85857759317112E-13  7.72204001006236E-12 -2.87754146465695E-11  1.70933580021413E-10
 -4.08215485745278E-10  2.54159649447801E-09 -9.13332681677850E-09  3.58576325586946E-08 -1.22536527844904E-07
  2.53732987270514E-07 -3.20236300708281E-07  2.28827008461358E-07 -7.30637843475638E-08 -1.94228651169404E-03
 -1.11543620233343E-03 -8.91716214887168E-02  1.35321082692858E-01 -5.60821051513349E-01  2.53178064357222E+00
 -3.51894881859786E+00  1.89097807388603E+00 -5.02277776865633E-01 -1.21508918116720E-04 -6.97813886793929E-05
 -5.57855248520692E-03  8.46565025321716E-03 -3.50848130631016E-02  1.58387511171242E-01 -2.20144484849109E-01
  1.18299076059619E-01 -3.14223615987457E-02 -2.06476631462334E-04 -1.18577432409022E-04 -9.47947492261441E-03
  1.43854386460297E-02 -5.96186201906013E-02  2.69143372982586E-01 -3.74085230551262E-01  2.01022239166885E-01
 -5.33951254122309E-02 -4.39346231907805E-10  8.98508348835136E-10 -1.93228740398449E-08  1.05402186182747E-08
 -3.75166126244014E-11  6.10481132811620E-11 -1.86837693643747E-09  1.03323847023478E-09  7.84742412465476E-11
 -2.75195598584181E-10  2.49554939080326E-09 -1.49439809546806E-09  1.30404698363825E-10 -4.85430950106960E-10
  2.43721809331764E-09 -1.04632029299062E-09 -5.20592587405956E-11  2.56413158032952E-10 -1.34902563837748E-09
  1.02250194690847E-09
* ORBITAL    1   25
  4.44706954604574E-14 -1.41971991376114E-12  6.00851796378626E-12 -5.04552950872403E-11  1.60318623749011E-10
 -9.71651514285027E-10  3.03319568919692E-09 -1.31091265098605E-08  3.23906135246457E-08 -3.26497487811569E-08
 -3.14424786880640E-08  1.20065813031513E-07 -9.79538686327460E-08  1.27465020547764E-08 -2.07104161469457E-04
 -1.18937986338193E-04 -9.50828486008362E-03  1.44291571798293E-02 -5.97998136829086E-02  2.69961349096593E-01
 -3.75222140978467E-01  2.01633178686931E-01 -5.35573952111882E-02  3.69771404310897E-06  2.12356276381877E-06
  1.69764422713701E-04 -2.57623489981494E-04  1.06768791525001E-03 -4.81998942917493E-03  6.69935440280014E-03
 -3.60003308932865E-03  9.56233471992947E-04  1.94601349144907E-03  1.11757651655447E-03  8.93427284820134E-02
 -1.35580746323801E-01  5.61897182805363E-01 -2.53663870744089E+00  3.52570100182799E+00 -1.89460648589773E+00
  5.03241563669104E-01 -4.61671236690588E-11  9.31414623383698E-11 -2.03845602270123E-09  1.10943279919818E-09
  4.34994173175173E-10 -8.79860923404191E-10  1.91960787339749E-08 -1.04536298409148E-08 -1.56209396866699E-10
  5.81672844862255E-10 -2.99713005376216E-09  1.32491259578698E-09  9.41929982797326E-11 -3.67329206327357E-10
  2.84162890917100E-09 -1.80901520726620E-09 -9.28811058874171E-12  3.49342351804096E-11 -3.08532023158982E-10
  1.98641424995811E-10
* ORBITAL    1   26
  8.99886481161596E-16  3.02191595639655E-15  2.59674613499849E-14  8.13874081311745E-14  4.20389014151378E-13
  8.43509764304944E-13  3.81528633029801E-12  9.94220903228912E-13  2.14205160600726E-11 -5.12013223402784E-11
  8.98968507851998E-11 -1.06586720709726E-10  5.05327298158624E-12 -5.83456136741277E-12  4.63644426562622E-11
  6.95466023463376E-11  2.03177038788874E-09 -2.34439665582646E-09  1.19966093832595E-08 -4.41374735913586E-08
  5.09990815073398E-08 -2.73132448141558E-08  7.15880154362586E-09  1.59509864660370E-11  3.33064049439122E-11
  6.77482136779286E-10 -6.36207427666296E-10  4.03372525609194E-09 -1.44303664081562E-08  1.65666086908722E-08
 -8.74902308793990E-09  2.29282472335891E-09 -1.47664777647571E-11 -1.84246336018875E-11 -6.54335595176012E-10
  8.10097699891714E-10 -3.88136461574355E-09  1.43597576965701E-08 -1.65975478338799E-08  8.93885042570780E-09
 -2.34292941907438E-09 -4.54765337061478E-02  1.49300435353844E-01 -1.30302491586003E+00  6.78706273647497E-01
  1.54763549823969E-02 -5.08092052932956E-02  4.43439165505300E-01 -2.30974051214483E-01  6.18357666756310E-03
 -2.03008148059143E-02  1.77176090922184E-01 -9.22856677590071E-02  2.97507794487344E-03 -9.76724469251514E-03
  8.52439791286101E-02 -4.44010108536103E-02  3.67236819899984E-03 -1.20564635469805E-02  1.05223218953514E-01
 -5.48075926767355E-02
* ORBITAL    1   27
  1.15948055307288E-15  1.29511895177801E-14  7.24041096605244E-14  2.40857285889076E-13  1.25873754113014E-12
  2.45098867601407E-12  1.14483184728006E-11  2.31226429819002E-12  6.52065760733141E-11 -1.56399629215001E-10
  2.79046326811154E-10 -3.30408832916790E-10  1.77243899604190E-11 -1.77866745922551E-11  1.02851316840724E-11
  1.66356664458165E-11  4.44910964850497E-10 -4.88287908213965E-10  2.70402663935590E-09 -9.70137653482660E-09
  1.11089466590257E-08 -5.93542052302590E-09  1.55549459476725E-09 -3.32242409280439E-11 -5.21998816906710E-11
 -1.45145372200687E-09  1.64005656683123E-09 -8.55646843577104E-09  3.14357393497830E-08 -3.63224203685115E-08
  1.94214000922242E-08 -5.09031987831345E-09  1.18082164539278E-11  2.85126762776797E-11  4.95789323194974E-10
 -4.10915054147191E-10  2.89292610842355E-09 -1.03665979535299E-08  1.19419953940152E-08 -6.25176132217189E-09
  1.63838923059817E-09 -3.53592132258023E-03  1.16085055262104E-02 -1.01313649220771E-01  5.27712160328886E-02
 -7.40729528263320E-03  2.43183092592519E-02 -2.12238918165661E-01  1.10548834127818E-01  1.98258507284383E-02
 -6.50886931047196E-02  5.68063908679909E-01 -2.95887311150488E-01 -2.93023847256704E-03  9.62003574231235E-03
 -8.39592077235670E-02  4.37318122790994E-02 -4.35796427361614E-02  1.43072901622362E-01 -1.24867389138368E+00
  6.50396468634616E-01
* ORBITAL    1   28
  2.26219582308304E-15  2.68543772772691E-14  1.62262326446928E-13  5.29427712733090E-13  2.73622883277829E-12
  5.45703292027060E-12  2.47823426018926E-11  6.27963214842387E-12  1.39524896990427E-10 -3.33167470324105E-10
  5.86054058581667E-10 -6.95365735055886E-10  3.36177955358201E-11 -3.79314335348602E-11 -8.78668629869802E-13
  6.81463447133936E-12 -5.50127321378997E-11  1.85146329372656E-10 -3.47480831878951E-10  1.49604970054123E-09
 -1.75972177980598E-09  1.05074182465384E-09 -2.75553944412279E-10  3.97406572034216E-11  5.28336851139428E-11
  1.75533077775053E-09 -2.12690747544385E-09  1.03825604543291E-08 -3.83822080073093E-08  4.43759524999517E-08
 -2.38564251017757E-08  6.25290025622203E-09  1.70556986466343E-11  4.64646267726726E-11  7.06815664258900E-10
 -5.06768863576016E-10  4.07410957548826E-09 -1.45406696667042E-08  1.67701813569940E-08 -8.70238504472582E-09
  2.28057592485858E-09  4.25579128811254E-03 -1.39718540592548E-02  1.21939858503411E-01 -6.35147846892998E-02
 -1.11054815863328E-02  3.64595342006759E-02 -3.18201895252071E-01  1.65741744452508E-01  4.01207640542284E-02
 -1.31717328772430E-01  1.14956772142515E+00 -5.98775061887294E-01  1.63583662351629E-02 -5.37048671481103E-02
  4.68711158422210E-01 -2.44137468064381E-01  1.86946875434633E-02 -6.13750600919122E-02  5.35653042949579E-01
 -2.79005471283376E-01
* ORBITAL    1   29
 -1.98070450670352E-16  4.06462811957475E-15  2.18069452281877E-14  7.45138187070882E-14  3.49646715305711E-13
  8.26620900877406E-13  3.11875034987213E-12  2.14054473948095E-12  1.50717633023784E-11 -3.74213322279857E-11
  5.79583246445841E-11 -6.47642215035817E-11 -6.29248750233851E-12 -2.69363749220078E-12 -1.14554445403712E-11
 -8.04427945163071E-12 -5.20898151268507E-10  7.38463331896576E-10 -3.09341698787664E-09  1.16469196809376E-08
 -1.35014512718149E-08  7.35234037351350E-09 -1.92723689864855E-09  1.89372324374800E-12  2.20428791139869E-11
  4.57084327225447E-11  2.31133301617757E-10  1.77734640551215E-10 -2.44495234921651E-10  2.54713034388713E-10
  1.20345410729279E-10 -3.18350241036829E-11 -4.32020482878734E-11 -6.10194087072656E-11 -1.89976485928045E-09
  2.24625801588845E-09 -1.12562432508360E-08  4.14386875776272E-08 -4.78612146522328E-08  2.56838486522890E-08
 -6.73175322227837E-09  1.56300464081831E-02 -5.13137775263165E-02  4.47842837732568E-01 -2.33267790870783E-01
  4.18099152194712E-02 -1.37262848262353E-01  1.19796644203397E+00 -6.23984491795371E-01  6.08321203200296E-03
 -1.99713155538403E-02  1.74300374369028E-01 -9.07877939717434E-02  1.71218307932253E-02 -5.62113376658653E-02
  4.90586469962500E-01 -2.55531656315923E-01 -6.75845824731791E-03  2.21881633544712E-02 -1.93647993188651E-01
  1.00865383507247E-01
* ORBITAL    1   30
  1.66837098480131E-15  1.07458960429082E-14  7.73207143528393E-14  2.26461849586567E-13  1.31943771092904E-12
  2.17239860822571E-12  1.20938424621467E-11 -1.60757882440839E-12  7.65103746552377E-11 -1.78630958676194E-10
  3.41844631343238E-10 -4.17995830843596E-10  5.15758539493616E-11 -2.53931574368495E-11 -1.20996533009767E-11
 -3.80096787586342E-11 -4.90725503118051E-10  2.70747862580577E-10 -2.82297695554729E-09  9.90603818600016E-09
 -1.13927944577136E-08  5.83655526588083E-09 -1.52941971660901E-09  1.95526175935903E-11  3.53078167462305E-11
  8.45266215368920E-10 -8.86997865230819E-10  4.96204388872198E-09 -1.81286158922080E-08  2.09387392938991E-08
 -1.11341875855713E-08  2.91818084395632E-09 -5.39490380744423E-12  3.79344316086711E-12 -2.62709987340921E-10
  4.85545584850460E-10 -1.53142199448930E-09  6.09395717230262E-09 -7.14975749678111E-09  3.98608507452914E-09
 -1.04508041853977E-09  5.01783931089961E-03 -1.64736740593179E-02  1.43774582467468E-01 -7.48878320917442E-02
  1.42274508790481E-02 -4.67090263378609E-02  4.07654706289818E-01 -2.12335008566567E-01  1.70359772931924E-02
 -5.59294787884589E-02  4.88126536503904E-01 -2.54250351379238E-01 -4.23085813450912E-02  1.38899979848932E-01
 -1.21225456680970E+00  6.31426743907076E-01  7.76962223375631E-03 -2.55078364053109E-02  2.22620559060181E-01
 -1.15956316906653E-01
* ORBITAL    1   31
 -7.94008200532484E-06  5.36607599411149E-06 -4.90585334961483E-04  7.63473443244031E-04 -1.06291445412405E-02
  1.60881982737237E-02 -1.57150533239636E-01  2.58401964833285E-01 -9.52538767476039E-01  3.85314113780628E+00
 -6.94587551151883E+00  6.04079794146177E+00 -2.73104592343728E+00  6.75978007222442E-01 -3.46842399651731E-10
 -5.06558597075298E-10 -1.18209525615042E-08  6.25618613110737E-09 -1.26700952730278E-07  1.82712713376471E-07
 -1.48401642028759E-07  6.48406424243621E-08 -1.68540842111088E-08 -2.86076320959497E-09 -1.57865684694323E-09
 -1.01489010270187E-07  9.21725255588291E-08 -1.14081392720955E-06  1.86271385251535E-06 -1.37869400737143E-06
  6.20031254594524E-07 -1.58687838726866E-07  1.47591284346764E-10  1.06089841275974E-09  3.80774684529400E-09
  9.95611242638762E-09  2.33991265690644E-08  3.05519007695311E-08  1.51088775778572E-08 -1.08918770145034E-09
  2.79839467100978E-10  5.50832003082436E-14  1.64309015805321E-13  1.08258665512623E-13 -2.72624653953532E-13
  1.34951670153732E-13 -1.80569115740798E-13  6.91038446099432E-13 -7.64441946586345E-13  7.80336870920699E-11
  1.40648578097024E-10  3.69711572262252E-11  1.67701422903633E-10 -5.88311161283315E-12  1.97428154826253E-12
 -2.62643603308409E-11  3.60178012778220E-11  2.98689837797520E-12 -5.03777123704743E-12  1.03098041448313E-11
 -4.96265564563793E-12
* ORBITAL    1   32
  2.63321046166247E-12 -6.41538439195366E-12  1.73862306573741E-10 -4.19456535840018E-10  3.97036193652454E-09
 -9.43811607571894E-09  5.99410363184182E-08 -9.78410935261539E-08  2.56542599079663E-07 -9.08271286931712E-07
  1.53356093251673E-06 -1.17374337812040E-06  4.01617716418689E-07 -6.64945422356272E-08  9.80397473891869E-04
 -5.30010678146814E-02  4.64590834422661E-02 -7.53368218142921E-01  2.53226699769431E+00 -2.82954631310290E+00
  1.69723707370475E+00 -7.52926981095281E-01  1.91780381792337E-01 -7.40994973192917E-04  4.00587779461540E-02
 -3.51142758133958E-02  5.69403814366460E-01 -1.91391467221614E+00  2.13860158167677E+00 -1.28279006146601E+00
  5.69070322321769E-01 -1.44949678507149E-01  1.59292757664651E-04 -8.61149443671127E-03  7.54856640248284E-03
 -1.22405573922239E-01  4.11437057239078E-01 -4.59738330249791E-01  2.75763270653042E-01 -1.22333885015642E-01
  3.11600428902155E-02  3.05433471618450E-09 -3.34820299371856E-08  2.70115698918414E-08 -1.03318834773789E-08
  2.65200804131327E-10 -2.57563023667081E-09  2.68494880619802E-09 -1.22111922573911E-09  1.37230131282066E-09
 -1.52515596865185E-08  1.20840301648937E-08 -4.57228659581996E-09  3.33002226717051E-10 -3.90158943010941E-09
  2.44800982891035E-09 -6.81456340154297E-10  2.43798351149456E-09 -2.58117158235744E-08  2.13272349022359E-08
 -8.16951982187845E-09
* ORBITAL    1   33
 -4.42025906135962E-12  9.35425112007168E-12 -2.88637372906801E-10  6.57602470294397E-10 -6.56733086886310E-09
  1.50006802849827E-08 -9.90397453708484E-08  1.53437676631663E-07 -3.98741686011380E-07  1.48335836488697E-06
 -2.55508537792918E-06  1.97805678580147E-06 -6.82434015296137E-07  1.09591149187272E-07  7.32082778089459E-04
 -3.95769777149668E-02  3.46919446319193E-02 -5.62555405181301E-01  1.89089538499030E+00 -2.11287990945561E+00
  1.26736151937372E+00 -5.62225924418191E-01  1.43206320355898E-01  9.93248074412139E-04 -5.36957813565718E-02
  4.70680478351057E-02 -7.63243021536237E-01  2.56545878425169E+00 -2.86663470065228E+00  1.71948367346844E+00
 -7.62796000423411E-01  1.94294150849634E-01  1.14629903122140E-04 -6.19698464482250E-03  5.43208271579854E-03
 -8.80852292913197E-02  2.96077428209758E-01 -3.30835883806836E-01  1.98444156951983E-01 -8.80336406679839E-02
  2.24233213815535E-02  2.41096911282631E-09 -2.55130644333150E-08  2.10879951551461E-08 -8.07783054218793E-09
  6.87966655428409E-10 -7.83977759043009E-09  5.59186553241682E-09 -1.88029982416662E-09 -1.81548034704587E-09
  1.93472407928401E-08 -1.59896821513557E-08  6.15710695776828E-09  2.48086259371773E-10 -2.90929894412848E-09
  1.82334700333641E-09 -5.07265142281473E-10 -3.09553786061753E-09  3.39208995803880E-08 -2.73723888550643E-08
  1.04704137037178E-08
* ORBITAL    1   34
 -1.24558355304218E-13  7.99613244759060E-12 -2.59395703157667E-11  2.74104955490638E-10 -7.34338428617536E-10
  5.07380593457082E-09 -1.30281646939804E-08  6.63482705251334E-08 -1.66297110869813E-07  1.86462089882647E-07
 -7.10468649992978E-08 -2.00722885935494E-08  1.26525141504570E-08  5.21739982840986E-09 -1.96220642102540E-04
  1.06078445500710E-02 -9.29850580077531E-03  1.50782110868501E-01 -5.06817984345099E-01  5.66316642954164E-01
 -3.39691770730488E-01  1.50693796655225E-01 -3.83836888271693E-02  3.41559345995904E-06 -1.84649709157256E-04
  1.61858178126198E-04 -2.62464940754766E-03  8.82213091485879E-03 -9.85781822705661E-03  5.91298131476703E-03
 -2.62311212888727E-03  6.68141105343478E-04  1.22356536418317E-03 -6.61469290944331E-02  5.79823273882802E-02
 -9.40226208288948E-01  3.16034548545615E+00 -3.53135897136635E+00  2.11820296585010E+00 -9.39675529051976E-01
  2.39347675141332E-01 -6.23457241725540E-10  6.74842948872125E-09 -5.49169213893833E-09  2.10171220387732E-09
  3.89078467508578E-09 -4.21042421990257E-08  3.42673998384133E-08 -1.31134124621699E-08  4.63605399018520E-10
 -5.51334084674563E-09  3.40140836289779E-09 -9.33035677911780E-10  3.90471935729511E-11  3.66083444721855E-10
  2.54921753998249E-10 -1.58078177215022E-10 -2.73185443740083E-11  1.81499604742277E-10 -2.11524887601657E-10
  8.24876349499062E-11
* ORBITAL    1   35
 -4.57831443614484E-16 -3.71851523495074E-15 -2.95065294637728E-14 -1.15927959310691E-13 -4.59106371070185E-13
 -1.31235365837766E-12 -3.79030560209911E-12 -5.63183412699823E-12 -1.32303571988929E-11 -1.54197535985382E-11
  7.48669864073271E-11 -7.34183062157974E-12  3.60464163323831E-11 -4.88640466141881E-12  3.03678020856219E-11
 -1.49313157623968E-09  1.34608904495468E-09 -2.10749773829578E-08  6.99821065211553E-08 -7.29446304145357E-08
  4.55940176141747E-08 -1.99038892426791E-08  5.08349705125840E-09 -2.93461855714431E-11  1.40283960730623E-09
 -1.28333974513911E-09  1.97712645091615E-08 -6.61699426676113E-08  6.89981866139458E-08 -4.30839913259934E-08
  1.87881863730559E-08 -4.79831062420545E-09 -5.43978408210714E-12  2.83955169355598E-10 -2.46658831256148E-10
  4.01454769389756E-09 -1.32204998824149E-08  1.37959290783800E-08 -8.59628160052672E-09  3.75455746040207E-09
 -9.58780576392085E-10 -8.58841826890676E-02  1.08417447896468E+00 -8.05406196713312E-01  2.79374546895653E-01
  1.76760198315578E-02 -2.23136426181498E-01  1.65762489200745E-01 -5.74987136940053E-02 -9.66517451648206E-03
  1.22010074696871E-01 -9.06382433190065E-02  3.14400587701090E-02 -2.70380823518997E-03  3.41320111890606E-02
 -2.53558203513603E-02  8.79527727835185E-03 -7.52489866191777E-02  9.49919162130149E-01 -7.05671268232438E-01
  2.44779083677604E-01
* ORBITAL    1   36
  6.71332440619484E-16  6.09639552634687E-16 -4.69768805880559E-15  2.31031755249233E-14 -9.16637960089414E-14
  3.52888741998697E-13 -1.52788492569316E-12  4.03772736084321E-12 -1.31433080189126E-11  5.13058140327219E-11
 -7.69838329296381E-11  4.28392587388204E-11 -2.61033279090425E-11  5.39544860750328E-12 -2.68813637457991E-11
  1.30852980902676E-09 -1.18372223948512E-09  1.84527850532974E-08 -6.15760720067553E-08  6.42265035299387E-08
 -4.00732281630041E-08  1.74792103552681E-08 -4.46384805749674E-09 -2.97822748222045E-11  1.44516223613292E-09
 -1.31346960977001E-09  2.03896921140754E-08 -6.78457772525645E-08  7.07019614941773E-08 -4.42187908042077E-08
  1.93005846370072E-08 -4.92955169545642E-09 -5.83782250506421E-12  2.76087185348649E-10 -2.54634795534112E-10
  3.89087828881375E-09 -1.30237698798595E-08  1.35724260205547E-08 -8.48827430949706E-09  3.70240211696451E-09
 -9.45626371087088E-10  7.70629366426785E-02 -9.72817887601675E-01  7.22682160620880E-01 -2.50679721607545E-01
  1.53974634201277E-02 -1.94372658131805E-01  1.44394602870746E-01 -5.00867474268523E-02  5.78421579290828E-03
 -7.30180918845900E-02  5.42433204424806E-02 -1.88156027759233E-02  5.59112285414401E-04 -7.05805483595189E-03
  5.24325301197727E-03 -1.81874865188171E-03 -8.51006629542994E-02  1.07428357619283E+00 -7.98058491580675E-01
  2.76825818315597E-01
* ORBITAL    1   37
  1.22800505475436E-15  9.38506555073393E-15  4.29857716525947E-14  2.14946681660554E-13  6.73640908326135E-13
  2.54598433186064E-12  4.74024173834466E-12  1.35399882362608E-11  8.52186783921159E-12  7.82567152944654E-11
 -2.03104811504955E-10  5.55796542952939E-11 -8.65069010930465E-11  1.36003722713426E-11 -1.66508128938170E-13
  1.31600375722930E-11 -9.33711703187042E-12  1.88709016743061E-10 -5.74877102380589E-10  5.99308315291882E-10
 -3.74396905832511E-10  1.65163420023789E-10 -4.21819768709887E-11  4.82848663263446E-12 -4.10947351670597E-10
  2.75405273876772E-10 -5.88027562858727E-09  1.81722895187384E-08 -1.90575749421165E-08  1.17130649083830E-08
 -5.14515511069042E-09  1.31303822941859E-09 -4.07727579747249E-11  1.96077400033384E-09 -1.78967154763654E-09
  2.76484205154334E-08 -9.22829101462288E-08  9.61945072315101E-08 -6.01199212513640E-08  2.62290512675705E-08
 -6.69892057838504E-09  9.01032299407738E-04 -1.13743438307440E-02  8.44971651938844E-03 -2.93098778435140E-03
  1.11637666880652E-01 -1.40927823414292E+00  1.04691767303837E+00 -3.63148622065004E-01  2.18234325983294E-02
 -2.75492039687750E-01  2.04656169480345E-01 -7.09899239048729E-02 -2.48967740779485E-03  3.14288920493495E-02
 -2.33477405195459E-02  8.09872640072531E-03  2.24817581309173E-02 -2.83802530854420E-01  2.10829826220592E-01
 -7.31314055104517E-02
* ORBITAL    1   38
  2.63638404599487E-16  1.96059430003906E-14  7.81626112096315E-14  4.57508312137933E-13  1.11098719933385E-12
  5.66204397967213E-12  5.95516468678926E-12  3.47346218396244E-11 -1.15208995897034E-11  2.63094517520898E-10
 -5.68256343325489E-10  2.10948691891588E-10 -2.28699348327084E-10  3.91868915427436E-11 -3.65013063173374E-12
  2.20152453845408E-11 -1.04864119956483E-10  2.34175939206301E-10 -2.08257977047057E-09  2.08602413220030E-09
 -1.45061308825465E-09  5.99658342149111E-10 -1.53924609436248E-10  1.14209991574206E-11 -5.47575296686941E-10
  5.00924625817650E-10 -7.72103933050311E-09  2.57730670243785E-08 -2.68614827948438E-08  1.67947923459474E-08
 -7.32759488325021E-09  1.87150933234140E-09 -1.76460858570108E-12 -1.23438862967835E-11 -4.49660781953707E-11
 -2.13748557402927E-10  5.14411596723835E-11 -1.50151865536547E-10 -6.96363589395587E-11  1.92396415175959E-11
 -5.77672964886934E-12 -8.09178632705496E-03  1.02148124955723E-01 -7.58832959246409E-02  2.63219497221480E-02
 -8.78091277184344E-03  1.10847436990310E-01 -8.23457980011103E-02  2.85636242916717E-02  6.07057700277393E-02
 -7.66330242981443E-01  5.69287636272070E-01 -1.97471134545199E-01  9.80138139850474E-02 -1.23729506853297E+00
  9.19155666090755E-01 -3.18831291323263E-01 -4.14620270549727E-03  5.23403380868308E-02 -3.88823325502516E-02
  1.34872739777739E-02
* ORBITAL    1   39
  4.82019167053645E-15  3.99350866622201E-14  1.86015840454665E-13  9.40848515450298E-13  2.85305406230781E-12
  1.12199584606765E-11  1.93930746438101E-11  6.12331153882891E-11  2.76572319276642E-11  3.72665108956124E-10
 -9.26063245185759E-10  2.65039167055032E-10 -3.89412704351839E-10  6.19307546547582E-11  7.17326359947019E-12
 -2.61846871536656E-10  2.86612819438495E-10 -3.65662906887566E-09  1.28017594183697E-08 -1.32700613132371E-08
  8.41994617352082E-09 -3.66205124538520E-09  9.35957179285850E-10  1.89036839122586E-11 -8.98586392779260E-10
  8.26217924078700E-10 -1.26664134207232E-08  4.23497304052111E-08 -4.41346382884530E-08  2.76005190025621E-08
 -1.20402300888635E-08  3.07517355400653E-09 -6.20917596976774E-13 -1.48617034654952E-10  3.74694108117378E-11
 -2.18543766504076E-09  5.76056605116377E-09 -6.09761900696584E-09  3.64965118426363E-09 -1.63220791635234E-09
  4.16021258569336E-10 -8.40195051762788E-03  1.06063538591586E-01 -7.87919591208000E-02  2.73308896407323E-02
 -1.90282428473241E-02  2.40206457444637E-01 -1.78443389945164E-01  6.18973896840116E-02  9.57253634244769E-02
 -1.20840639990295E+00  8.97694994236903E-01 -3.11387140160298E-01 -6.18962136762619E-02  7.81358023211075E-01
 -5.80451399625173E-01  2.01343554873548E-01 -4.95150582485285E-03  6.25062273314849E-02 -4.64343182786839E-02
  1.61068622049743E-02
* ORBITAL    1   40
 -1.21659752109307E-06  2.82186468534293E-04 -7.23961927187463E-04  9.44064178331259E-03 -2.19816990480879E-02
  1.67290351245390E-01 -3.36639804517676E-01  2.14680726571108E+00 -6.15754736608102E+00  8.44433775396297E+00
 -6.24780535812763E+00  3.17132133572080E+00 -1.40626022805835E+00  3.27000111914838E-01  4.80840805069148E-10
 -3.75987642934464E-09  3.24222818432273E-08 -1.28624199009125E-07  1.31870114791371E-07 -1.02312124816757E-07
  4.69659988954640E-08 -2.21710493645288E-08  5.85271723645892E-09  1.72131503766482E-10 -4.80178504516165E-09
  2.16659449283569E-08 -1.12637361478526E-07  5.22947969999045E-08 -1.76242781633247E-07 -4.10539568918471E-09
 -1.77079580768357E-08  4.29857911644934E-09 -1.70982582298301E-09  1.20335467399455E-08 -1.11636619268256E-07
  4.33390945684403E-07 -4.65456408742338E-07  3.17129844047561E-07 -1.72885970845209E-07  7.50986799280784E-08
 -1.93330081576248E-08 -6.50145781488069E-13  5.58564670299977E-13 -3.46501782300676E-13  2.57538196822604E-13
 -1.05319313683898E-12  6.31672588427602E-13 -4.21445100229284E-13  4.45829488633932E-13 -9.63870234658709E-10
  7.57113149006479E-10 -3.60824962739533E-10  2.16939389156449E-11  5.07423586420809E-11 -3.46871150412122E-11
  2.29700968521075E-11 -2.34493569945390E-11 -2.27962465853122E-11  1.22728041756018E-11 -5.18889484881132E-12
  2.63448822105812E-12
* ORBITAL    1   41
  6.36936962719977E-15  2.98947544661432E-13 -2.89787143767731E-13  9.33881795086808E-12 -1.34641200188281E-11
  1.57381851678244E-10 -2.50808817007038E-10  1.96969958063242E-09 -5.03977507143757E-09  5.96570122587935E-09
 -4.05141515506506E-09  2.26161192895926E-09 -8.56434376875828E-10  2.12736558298235E-10  8.35081471152354E-12
 -4.26951437562772E-11  5.02790754827356E-10 -1.56429788300435E-09  1.52888283743803E-09 -9.86562995528501E-10
  5.45756137244093E-10 -2.36472349636547E-10  6.13607892683362E-11  3.97666816035921E-11 -2.39068653382990E-10
  2.41914879978540E-09 -8.14249292673298E-09  7.95950687295675E-09 -5.34487947434973E-09  2.78058997121445E-09
 -1.24645349869156E-09  3.22273095419696E-10  2.18935522293194E-11 -3.50724505767383E-11  1.27607176210647E-09
 -2.44379755117173E-09  2.12715958505261E-09 -1.38359515723736E-09  7.85225163882453E-10 -3.29766696172125E-10
  8.61008786849007E-11 -2.26637264329351E-02  1.85767484215619E-02 -8.85207932726594E-03  2.90480977811160E-03
  1.57894912518808E-02 -1.29421526311603E-02  6.16711596452048E-03 -2.02373906672205E-03  1.35241365000854E+00
 -1.10853121229083E+00  5.28230560351228E-01 -1.73338855206013E-01 -3.00171307953651E-01  2.46041042175719E-01
 -1.17241983027773E-01  3.84729560263585E-02  3.26870834098267E-02 -2.67925809522710E-02  1.27670379435281E-02
 -4.18950342456803E-03
* ORBITAL    1   42
  3.30961879347305E-16  3.29446006267893E-14 -4.07937807273358E-14  1.06001737862119E-12 -1.71128387313333E-12
  1.80592460451937E-11 -3.07086107588435E-11  2.28661566957579E-10 -5.87061460829430E-10  6.93637792667479E-10
 -4.70779050588828E-10  2.67770933405061E-10 -9.85949080261699E-11  2.48360719210167E-11  1.47639261341659E-11
 -2.35340028789642E-11  8.60326010576263E-10 -1.64740275532364E-09  1.43645040134215E-09 -9.29083073017315E-10
  5.31456735275734E-10 -2.22301064068652E-10  5.80655121420874E-11  7.64253073252642E-12  4.59551377687587E-12
  4.35972753212810E-10 -4.94206618362955E-10  3.41015040921143E-10 -2.14770807797890E-10  1.39074433558548E-10
 -5.23343356860181E-11  1.39309634512344E-11 -5.59661012166878E-11  3.19888088749077E-10 -3.39383932613894E-09
  1.11257692410553E-08 -1.08562458316776E-08  7.23611372923700E-09 -3.81036999956580E-09  1.69611858325587E-09
 -4.38875264537063E-10  2.73014048150033E-02 -2.23781084853373E-02  1.06634803358568E-02 -3.49922100824286E-03
  9.23549646956737E-01 -7.57004788989875E-01  3.60723324196090E-01 -1.18371356668457E-01  2.14697099105480E-01
 -1.75980503853217E-01  8.38571608362670E-02 -2.75177268246845E-02  9.94020081702016E-01 -8.14767202477932E-01
  3.88247918637735E-01 -1.27403552169103E-01 -1.81925282765463E-01  1.49118469966290E-01 -7.10570275995157E-02
  2.33173631802235E-02
* ORBITAL    1   43
 -4.12950049255672E-16 -3.44614769064046E-14  4.27304433504956E-14 -1.07925089490512E-12  1.72490275806289E-12
 -1.83493507818889E-11  3.10426550569547E-11 -2.32137957509788E-10  5.95840110917411E-10 -7.04107827245645E-10
  4.77913136491300E-10 -2.71364884338095E-10  1.00171335569410E-10 -2.51995525258118E-11 -9.54560168630185E-12
 -1.16004341571870E-12 -5.46684194350903E-10  7.20034380789373E-10 -5.48340108176319E-10  3.35234960627358E-10
 -2.18425624996511E-10  8.34139992147536E-11 -2.20998111500394E-11  1.59294619894773E-11 -3.51748918974564E-11
  9.34110380471651E-10 -1.98040600735173E-09  1.76926107678579E-09 -1.16432110644474E-09  6.43508254576046E-10
 -2.75287306383760E-10  7.16834171940197E-11 -3.99903650358987E-11  2.57287486306131E-10 -2.44349539593183E-09
  8.52919785465043E-09 -8.35953074967774E-09  5.66460587499546E-09 -2.90308748813685E-09  1.31287107052684E-09
 -3.39115384781550E-10 -1.03629499699334E-01  8.49418629649344E-02 -4.04759806242818E-02  1.32821927988688E-02
  1.03159213578970E+00 -8.45563841262298E-01  4.02922945899977E-01 -1.32219162277135E-01 -2.12860037501171E-01
  1.74474721855834E-01 -8.31396347445857E-02  2.72822706419990E-02 -8.78306313304712E-01  7.19920242038449E-01
 -3.43052021125218E-01  1.12572518671824E-01  1.71184430986803E-01 -1.40314529364601E-01  6.68618272968518E-02
 -2.19407082260887E-02
* ORBITAL    1   44
  2.83824835128721E-16  1.69336280554137E-15 -6.92242183370035E-17  4.10579731951752E-14 -4.18527332683851E-14
  6.86699290688027E-13 -9.03147853620088E-13  8.34214137027469E-12 -2.09931624686522E-11  2.49963715514347E-11
 -1.71303680986077E-11  8.78738382963083E-12 -3.76196193104869E-12  8.81839825321514E-13 -6.68981137722736E-11
  4.01106982946511E-10 -4.06906495908494E-09  1.36731845040525E-08 -1.33601450525261E-08  8.97622954508910E-09
 -4.66654121763287E-09  2.09255328668692E-09 -5.41021540383955E-10 -2.20520278230913E-11  9.13127537750477E-11
 -1.31610190675777E-09  3.66628409973563E-09 -3.50672162352914E-09  2.27248796281580E-09 -1.25748701983829E-09
  5.43073320630046E-10 -1.41037238405232E-10 -1.36425257800011E-12  1.17545967221153E-11 -8.51762793079285E-11
  3.52672647998887E-10 -3.51729776995578E-10  2.42643935296262E-10 -1.20224709356837E-10  5.55563524744729E-11
 -1.43132250490149E-11  1.37945059189642E+00 -1.13069254877870E+00  5.38790745792075E-01 -1.76804179997674E-01
  5.97068236535272E-02 -4.89398177887445E-02  2.33205047241894E-02 -7.65262348523185E-03  6.79330251890969E-04
 -5.56825781306994E-04  2.65335239264530E-04 -8.70697571658409E-05 -1.04477285882992E-01  8.56367668100092E-02
 -4.08071119844762E-02  1.33908535526173E-02 -5.99340284726917E-02  4.91260504800762E-02 -2.34092471950015E-02
  7.68174432653261E-03
* ORBITAL    1   45
 -8.84651354970604E-16  9.92960579545613E-15 -1.17377195664898E-14  2.80130417239045E-13 -4.41228715933915E-13
  4.72186746234439E-12 -7.74284385787046E-12  5.98053498342364E-11 -1.56640184412689E-10  1.84884816154214E-10
 -1.23666748322583E-10  7.32251637808406E-11 -2.54192719785885E-11  6.57608141930942E-12 -2.03041960567381E-11
  9.21964439174716E-11 -1.21627605415900E-09  3.54891273013801E-09 -3.42299460801513E-09  2.22135185366761E-09
 -1.22331801445111E-09  5.30345456859246E-10 -1.37648062987425E-10  6.51816020660572E-11 -3.97301109750322E-10
  3.96836492149282E-09 -1.34593998569017E-08  1.31689679797295E-08 -8.85064309973968E-09  4.59694033702090E-09
 -2.06281055891229E-09  5.33274569551858E-10 -3.03479176765558E-12  1.17494005294243E-11 -1.80560753477251E-10
  4.88200192117900E-10 -4.65889185416828E-10  2.98417598059841E-10 -1.68202241224885E-10  7.18947592259470E-11
 -1.86931309537902E-11  7.79414710292159E-02 -6.38861884952278E-02  3.04426585125731E-02 -9.98975820817292E-03
 -4.04906871054638E-03  3.31889510775171E-03 -1.58149973872776E-03  5.18969129764454E-04  2.30110984388912E-02
 -1.88614784008323E-02  8.98775712741547E-03 -2.94933244741461E-03  2.45846847849187E-01 -2.01512979613640E-01
  9.60237411066901E-02 -3.15101900674813E-02  1.36157829069273E+00 -1.11604318190762E+00  5.31810118467154E-01
 -1.74513487182903E-01
* ORBITAL    1   46
  5.52682877926753E-13  3.38624626762242E-11 -4.48080931875568E-11  1.08028663568400E-09 -1.72401032561026E-09
  1.82745406479996E-08 -2.03144079118048E-08  2.31700656710335E-07 -7.61844321420822E-07  1.09683475423527E-06
 -8.43207446318093E-07  4.51359512639764E-07 -2.02316009414306E-07  4.23144005975223E-08  2.53774202969676E-04
 -7.72617410396835E-04  1.49205399568761E-02 -3.44138947490811E-02  3.13787344389597E-02 -1.93812634517169E-02
  1.11320626771855E-02 -4.66410830188033E-03  1.21637899491610E-03 -4.06475018622019E-06  1.23751632065985E-05
 -2.38985161794514E-04  5.51213977019615E-04 -5.02599232855591E-04  3.10433419515650E-04 -1.78304383862150E-04
  7.47059153382592E-05 -1.94829790690757E-05  2.51932480921326E-02 -7.67009903233837E-02  1.48122554241245E+00
 -3.41641396158952E+00  3.11510059586397E+00 -1.92406079245500E+00  1.10512745037718E+00 -4.63026023261096E-01
  1.20755067686264E-01  5.90685049259182E-11 -5.36981263561432E-11  1.53472994806677E-11  1.09566871445462E-12
  5.89062047744930E-09 -5.34990844782312E-09  1.52722145284288E-09  1.10440454930541E-10 -7.59430660294798E-10
  8.36464294561205E-10 -2.71601537274066E-11 -2.07769091196645E-10  1.30180055150540E-09 -1.11060564581666E-09
  3.66612967915034E-10 -1.02620539577644E-10  1.40493872154285E-11 -1.21156229356396E-11  4.01348260997069E-12
 -1.06368975407188E-12
* ORBITAL    1   47
  5.67697205887211E-13 -1.48397849295647E-11  6.87826674041481E-11 -5.41266610198677E-10  1.88198669572325E-09
 -1.03033948631530E-08  2.83751021155174E-08 -1.12265805133366E-07  2.84797053914622E-07 -4.15916099296161E-07
  3.65427226154256E-07 -2.10666140218432E-07  7.82461622689815E-08 -1.03824743810633E-08  2.51929877119831E-02
 -7.67001982613510E-02  1.48121024482757E+00 -3.41637860240302E+00  3.11506834544254E+00 -1.92404083084266E+00
  1.10511600303950E+00 -4.63021216655021E-01  1.20753804616583E-01 -1.14678314347191E-04  3.49138802417568E-04
 -6.74245930633935E-03  1.55513329509162E-02 -1.41797706510724E-02  8.75822119647982E-03 -5.03048076394260E-03
  2.10766952059394E-03 -5.49670533123137E-04 -2.53790110363083E-04  7.72665117633034E-04 -1.49214726483202E-02
  3.44160467006346E-02 -3.13806950851665E-02  1.93824785236559E-02 -1.11327619270075E-02  4.66440216697738E-03
 -1.21645367801220E-03  5.88439359772441E-09 -5.34462589260864E-09  1.52564690322210E-09  1.10816359739143E-10
 -5.67699889402174E-11  5.08267485901524E-11 -1.53202434014621E-11 -3.48239720300369E-13 -7.32335485127739E-10
  6.22989129374146E-10 -2.07563469853376E-10  6.06183309051406E-11 -6.64890624193365E-10  7.30513218431892E-10
 -2.54620691543966E-11 -1.79486576270133E-10  1.33510486759572E-09 -1.14220183109448E-09  3.73850803679095E-10
 -1.00374305193670E-10
* ORBITAL    1   48
  6.30116864098149E-12 -4.88301702142406E-11  4.95185643848518E-10 -2.15530501143914E-09  1.23749437335770E-08
 -4.69042105743653E-08  1.96989914062778E-07 -4.07746496094995E-07  6.38111970645168E-07 -1.02261686380694E-06
  1.23004149611216E-06 -7.79452289504688E-07  1.82710607206636E-07  1.09024801101541E-08  1.14713440750449E-04
 -3.49245736352628E-04  6.74452451804792E-03 -1.55560963222962E-02  1.41841138916421E-02 -8.76090387675417E-03
  5.03202164033866E-03 -2.10831512839862E-03  5.49838880288276E-04  2.51942656868445E-02 -7.67040891134414E-02
  1.48128538311632E+00 -3.41655190476009E+00  3.11522636306587E+00 -1.92413842958283E+00  1.10517206196507E+00
 -4.63044703882550E-01  1.20759929878063E-01  2.90939439745499E-06 -8.85766267124530E-06  1.71056498280502E-04
 -3.94538034477524E-04  3.59741424671780E-04 -2.22196502584493E-04  1.27623555861419E-04 -5.34716913459274E-05
  1.39451561658458E-05  1.33523091750657E-09 -1.14227483458714E-09  3.73808321826670E-10 -1.00346396187485E-10
 -6.50522229761034E-10  7.18437553118649E-10 -2.16742886648827E-11 -1.80337897563566E-10 -3.40538424786665E-09
  3.09253823752877E-09 -8.83046896503444E-10 -6.34190579007705E-11 -2.73566148242098E-12  3.18544232346746E-12
 -8.94704813074181E-14 -7.41084617477140E-13 -5.88676634316264E-09  5.34621257793518E-09 -1.52605106638228E-09
 -1.10901994418566E-10
* ORBITAL    1   49
  1.03136461204511E-04 -4.50028735255393E-04  7.28192036023622E-03 -2.28690073830745E-02  1.73231304479201E-01
 -4.84537009583106E-01  3.20348200594394E+00 -7.03717130746567E+00  7.58337623789407E+00 -5.09963972573540E+00
  2.95336829737640E+00 -1.56507824636071E+00  6.00212084377416E-01 -1.51730344437278E-01 -8.62068428778111E-10
  1.58968976659926E-08 -4.63162804156060E-08  3.65538540014039E-08 -2.73120753577622E-08  9.03635631217451E-09
 -1.07609750163686E-08  3.36384300134875E-09 -8.26642642138053E-10 -1.15467521614883E-08  2.13592032563919E-07
 -6.18495559736735E-07  4.86301536724864E-07 -3.80975799906890E-07  9.17506474674260E-08 -1.63507545083312E-07
  4.70199537754623E-08 -1.28727955217064E-08 -2.21668713676886E-09  4.14119716251299E-08 -1.18755487822600E-07
  9.38926032116682E-08 -7.42094951017746E-08  1.77249987585214E-08 -3.31228617461839E-08  9.50091715328953E-09
 -2.57453243288611E-09  8.97743444199868E-14 -5.79676873860749E-14 -1.90339352582625E-14  8.35144664619622E-14
  1.52570924961044E-13 -1.98697794419195E-13  1.13427992965328E-14  1.62613706538751E-13  1.39287198002739E-10
 -1.24635144439325E-10  5.64563687946539E-11 -7.42858643569952E-11 -7.15055764849656E-12  7.82442380958332E-12
  5.40528804095154E-13 -8.78791454820513E-12  3.14717597220165E-12 -4.79267199008092E-12  2.18800009812488E-12
 -2.67262781797150E-13
* ORBITAL    1   50
 -3.56856816756299E-12  2.18243570955430E-11 -2.67019083739724E-10  1.00401979045645E-09 -6.56099896993517E-09
  1.98663666745406E-08 -1.13051100358433E-07  2.81498571740155E-07 -3.96435036899423E-07  3.79523832061136E-07
 -2.71185000690825E-07  1.53737413668805E-07 -6.44476195196345E-08  1.20111331583205E-08  1.07697423996027E-02
 -2.87719741602494E-01  4.71313889010667E-01 -3.60764973010630E-01  2.32923199097845E-01 -1.46921448746097E-01
  7.50017017467462E-02 -3.41483681437734E-02  8.96641543166592E-03 -1.89713893607123E-04  5.06831365301253E-03
 -8.30240777032326E-03  6.35503850966358E-03 -4.10304771975305E-03  2.58808790905338E-03 -1.32118896923841E-03
  6.01538981937063E-04 -1.57947471892774E-04 -6.20845645501412E-02  1.65862415843681E+00 -2.71699328757344E+00
  2.07970960174431E+00 -1.34273738624036E+00  8.46961237112937E-01 -4.32363928720870E-01  1.96855831598124E-01
 -5.16888791922766E-02 -1.35578798382995E-10  1.33736771505835E-10  4.93631854557993E-11 -7.45178865291222E-11
  7.83166949760434E-10 -7.72277042695071E-10 -2.85093553265545E-10  4.29550433117556E-10  1.06740512189339E-10
  1.70341271972449E-11  1.63576613956844E-10 -1.66691256124459E-10  6.08131323715629E-11 -7.96200584072519E-11
 -8.23200920147312E-11  5.34746131171335E-11 -1.55637985976912E-11  1.55469874949303E-11  1.07938993810186E-11
 -6.22298995002955E-12
* ORBITAL    1   51
 -3.69205998033010E-12  7.67292452952586E-13 -2.24167364282627E-10  2.70032644882454E-10 -4.82120851450680E-09
  4.06145698067591E-09 -1.07640708485477E-07  2.71295401737135E-07 -2.79388394086155E-07  1.19996405740387E-07
  4.25445481118056E-09 -1.59523514413697E-08 -9.49263577255804E-09  1.09354066039366E-08 -6.15155270152800E-02
  1.64342198672434E+00 -2.69209057694337E+00  2.06064791917505E+00 -1.33043045040817E+00  8.39198373620589E-01
 -4.28401077180719E-01  1.95051544028650E-01 -5.12151285017646E-02 -8.54647722994086E-03  2.28323957711475E-01
 -3.74017616843802E-01  2.86290004594466E-01 -1.84839407133042E-01  1.16591536095415E-01 -5.95186325307985E-02
  2.70989075316582E-02 -7.11542194869826E-03 -1.06449162539847E-02  2.84384940190735E-01 -4.65851149459055E-01
  3.56583548921830E-01 -2.30223518697664E-01  1.45218565274040E-01 -7.41324012000779E-02  3.37525740127717E-02
 -8.86248879401666E-03  7.86167946218242E-10 -7.75774414995460E-10 -2.90677677017651E-10  4.29878388200340E-10
  1.46200935131923E-10 -1.29673265339592E-10 -2.88046934708263E-11  5.35678711068511E-11 -8.84233434740271E-11
  1.08939154469044E-10  8.41955029937254E-11 -7.91755049851535E-11  9.92660028802556E-11  6.92320752713971E-12
  1.35091906074913E-10 -1.40006824736548E-10 -3.25707466828559E-11  3.08565336585956E-11 -1.70609475829365E-11
 -3.14011986468518E-11
* ORBITAL    1   52
 -1.49780698985569E-11  4.70503856358093E-12 -9.13198708236990E-10  1.15081928675325E-09 -1.97040519991849E-08
  1.71187823962323E-08 -4.37445626221511E-07  1.11563270338566E-06 -1.18438490983140E-06  5.61903039978271E-07
 -4.54338412687706E-08 -2.22455622066611E-08 -6.01225467243749E-08  4.60100095195296E-08  8.38863294372967E-03
 -2.24107058590527E-01  3.67109911812668E-01 -2.81002534747232E-01  1.81425621227609E-01 -1.14438215263635E-01
  5.84193871717649E-02 -2.65984197439178E-02  6.98400768964824E-03 -6.24294667305994E-02  1.66783840136107E+00
 -2.73208712029014E+00  2.09126308227503E+00 -1.35019673087447E+00  8.51666391572859E-01 -4.34765856165495E-01
  1.97949435894662E-01 -5.19760347335063E-02  1.64593491565078E-03 -4.39720793791798E-02  7.20306908925452E-02
 -5.51355500989771E-02  3.55975489822295E-02 -2.24539396322406E-02  1.14624769814246E-02 -5.21887995580599E-03
  1.37033297259363E-03 -2.94459319227949E-11  2.78015563663920E-11 -1.87021916668670E-11 -2.98440180515913E-11
  6.68009936096863E-11  4.08182555455760E-11  1.54445607250995E-10 -1.58263180386545E-10 -4.51306933394478E-10
  4.41869727027153E-10  1.56845921015218E-10 -2.42973131891108E-10 -1.37725886538962E-11 -6.60585759309254E-13
 -1.82698103468567E-11  1.90588739630639E-11 -7.97608849673413E-10  7.86875316882958E-10  2.94913419690937E-10
 -4.36297995227376E-10
* ORBITAL    1   53
 -1.12822505066226E-04  3.55117976975942E-03 -1.51999162276204E-02  1.32582745186706E-01 -4.61295402008277E-01
  3.27049290741525E+00 -5.68543154798400E+00  5.32605898616213E+00 -3.73863968234269E+00  2.42688923323829E+00
 -1.38747762025432E+00  6.77930689400030E-01 -3.03072474114739E-01  7.22912720545471E-02 -1.13924995541453E-09
  1.13937739174808E-08 -1.63406361046239E-09  3.98441780299657E-09 -1.12951943936835E-09  4.17528011796141E-09
  9.99210208505321E-10  3.22778180302665E-10 -3.58628143364109E-11 -1.13615147306897E-08  1.13282825214093E-07
 -1.58823640846110E-08  3.81621186321348E-08 -1.64798990162409E-08  3.01256067741970E-08  3.40734648632429E-09
  3.61918692781241E-09 -7.81930569780301E-10 -2.84649511068199E-10  2.68493282891591E-09 -3.95982763439722E-10
  5.51696701200857E-10 -1.98984210008119E-09 -2.42493954516939E-09 -1.85662965397748E-09  2.00820209657619E-10
 -5.14839380024556E-11  2.55151596226759E-14 -1.65022613459311E-14 -7.55328501221452E-15  2.72343277507849E-14
  4.34586057432261E-14 -5.90140128646265E-14  1.16937035399704E-15  5.26497564139220E-14  3.70043870281286E-11
 -3.43168046802101E-11  1.47405720268398E-11 -2.24283993862838E-11 -2.03254719607134E-12  2.30319896505678E-12
  2.85971010090064E-13 -2.83873819568098E-12  9.02930776363195E-13 -1.42903776702284E-12  6.15418540063343E-13
 -5.43964582419134E-14
* ORBITAL    1   54
 -4.14203857002213E-13  4.18945326247239E-12 -3.56094334705733E-11  1.81606056354614E-10 -1.07097357268815E-09
  3.11250798882466E-09 -8.98368027239187E-09  2.16377882539591E-08 -3.61883933003891E-08  4.07339976526945E-08
 -3.11240786640892E-08  1.81584901947175E-08 -7.88776555165169E-09  1.31837342391425E-09 -1.06050361787714E-01
  1.06038065172987E-01 -8.22827512293170E-02  5.95307364911504E-02 -3.90040036639841E-02  2.33410931194356E-02
 -1.35287492701478E-02  5.87057452662657E-03 -1.55881512542980E-03  2.00636381529357E-03 -2.00613117600534E-03
  1.55670505889715E-03 -1.12626033122806E-03  7.37915649582451E-04 -4.41589484979033E-04  2.55950027418854E-04
 -1.11065234567810E-04  2.94911795650243E-05  1.30264129291606E+00 -1.30249024977971E+00  1.01069819339518E+00
 -7.31229895036545E-01  4.79095255989115E-01 -2.86704079776059E-01  1.66176774949853E-01 -7.21096331283699E-02
  1.91472911376933E-02 -1.02499096493733E-11  1.06465495624618E-11  3.99696110477019E-12 -6.09026810134665E-12
  1.26153064422295E-10 -1.31044215034963E-10 -4.91874845925403E-11  7.48045918039614E-11  1.78603410347938E-11
  5.43749299788587E-13  3.11295957735110E-11 -3.03868052573603E-11  1.02803121513099E-11 -1.18874156458246E-11
 -1.27082359089275E-11  7.18842930507520E-12 -1.13137575051528E-12  1.15996764634599E-12  9.38005414504991E-13
 -5.31623764699531E-13
* ORBITAL    1   55
 -2.48329757159245E-13  6.84772955484028E-12 -3.09094897112873E-11  2.51233657264945E-10 -8.79205869767093E-10
  6.77918313265525E-09 -1.46124274955379E-08  1.73386631032412E-08 -1.07460346308225E-08 -2.01006096878544E-09
  9.80350024416193E-09 -6.98872360513527E-09  1.01447716828515E-09  7.80649864320319E-10  1.30147317062678E+00
 -1.30132225696758E+00  1.00979186834005E+00 -7.30574179033350E-01  4.78665638377597E-01 -2.86446982513286E-01
  1.66027759148774E-01 -7.20449694247513E-02  1.91301200263595E-02  5.55358578494847E-02 -5.55294181326985E-02
  4.30893689770246E-02 -3.11747216001106E-02  2.04253975097910E-02 -1.22231324195888E-02  7.08465932727560E-03
 -3.07426943041456E-03  8.16311582955454E-04  1.05869724997880E-01 -1.05857448704455E-01  8.21425976763017E-02
 -5.94293363498825E-02  3.89375671504366E-02 -2.33013354816468E-02  1.35057051133453E-02 -5.86057490098322E-03
  1.55616020682452E-03  1.26506487624424E-10 -1.31435953920413E-10 -4.96195773442785E-11  7.49869517966665E-11
  1.08922476244101E-11 -1.06211410479754E-11 -2.82522951452404E-12  4.94473336796513E-12 -8.32677116663817E-12
  1.01233801114102E-11  9.82068410904231E-12 -7.22682799252298E-12  1.60163682704454E-11 -1.12917011069812E-13
  2.64769492101178E-11 -2.60354967216741E-11  6.12058980254963E-12 -6.22620551885251E-12 -8.36354862713029E-12
  1.82919347513159E-12
* ORBITAL    1   56
 -2.03121055790965E-12  5.03564472099096E-11 -2.40255764891115E-10  1.87460967970328E-09 -6.93713901129707E-09
  4.87353890814384E-08 -1.05617198796018E-07  1.34948799069762E-07 -1.07878095397890E-07  3.08198106617586E-08
  3.03533366055768E-08 -2.44214768719177E-08 -3.77266513767774E-09  6.38117288633289E-09 -5.51901344148137E-02
  5.51837347788942E-02 -4.28211277807154E-02  3.09806518075862E-02 -2.02982447243180E-02  1.21470406153015E-02
 -7.04055569232472E-03  3.05513139554350E-03 -8.11229859115619E-04  1.30577057214126E+00 -1.30561916001723E+00
  1.01312615234235E+00 -7.32986499739914E-01  4.80246169284112E-01 -2.87392816577860E-01  1.66575974824839E-01
 -7.22828584278921E-02  1.91932867378597E-02 -6.50431135110489E-03  6.50355713243065E-03 -5.04658938588448E-03
  3.65115623927629E-03 -2.39220475913973E-03  1.43156261944541E-03 -8.29749118956185E-04  3.60055755636882E-04
 -9.56057126161814E-05  6.19224847088929E-12 -6.29519204934170E-12 -8.42189570735429E-12  1.87109719327565E-12
  1.45044363376551E-11  1.51644533739216E-12  2.76433863726482E-11 -2.68854062163785E-11 -7.28085245293468E-11
  7.55533123187598E-11  2.80741758967634E-11 -4.30399312584058E-11 -6.96082840026830E-13  2.97582588198555E-14
 -1.11068199355740E-12  1.10599996645218E-12 -1.26935404281178E-10  1.31851518578408E-10  4.98097906968777E-11
 -7.52595171649343E-11
* ORBITAL    1   57
  9.90302176002948E-04 -7.64007350933351E-03  8.11517114672439E-02 -3.75317963731508E-01  2.87988581659575E+00
 -4.33910305001576E+00  3.84109285849499E+00 -2.88805553787259E+00  1.99836467156356E+00 -1.25342269504428E+00
  7.25894429671540E-01 -3.74833212168670E-01  1.56977287619585E-01 -3.87586762237850E-02 -1.91755038240361E-10
 -6.63727306744262E-10 -5.24939699345663E-10 -7.28130595697274E-11 -2.44385854886264E-10 -5.66970899230243E-10
 -3.04341148547060E-10 -8.90312487360866E-12  1.99050211649956E-12 -7.36234590715720E-10 -2.53377439790681E-09
 -2.15628179585521E-09 -5.92695625813418E-10 -2.32616693298124E-09 -5.30768384870258E-09 -2.81674821087800E-09
 -3.36785261725578E-11 -1.95102043102130E-11  4.70964607053166E-10  1.61861380306587E-09  1.21044446570288E-09
  7.52263824666765E-11  1.23571722534879E-10  3.42592925491399E-10  1.96318948727306E-10  1.64882193337183E-11
  3.06607952458008E-13  2.00919359323295E-15 -1.70310334267580E-15 -3.55715469794558E-16  2.15716973277050E-15
  4.12309943510921E-15 -5.47061927079267E-15 -1.87209138719517E-16  6.13202319115768E-15  3.89130369487580E-12
 -3.62530045364632E-12  1.59512092362487E-12 -2.51682352262900E-12 -2.10446582747748E-13  2.38858020289741E-13
  4.02164512317619E-14 -3.21687307024975E-13  9.45682079623008E-14 -1.53981615781448E-13  6.72287472957886E-14
 -6.25597089472650E-15
* ORBITAL    1   58
 -2.40814468153743E-03  4.11734096014996E-02 -2.73155696497522E-01  2.43386791019094E+00 -3.32187536645007E+00
  2.76101924744780E+00 -2.05044873039952E+00  1.49924897237926E+00 -1.03959893193275E+00  6.64201717928832E-01
 -3.87364762038942E-01  1.99177941111512E-01 -8.47168447194542E-02  2.08154781043678E-02  2.83081770117609E-11
  1.76967733737910E-10  1.32783375306591E-10  1.30375004564211E-11  2.21249232410519E-11  5.35484715268732E-11
  3.25436146145383E-11  1.02152799213315E-13  4.87492228167242E-13  2.49047334125864E-10  1.55266567556440E-09
  1.15993541321383E-09  7.82785178503719E-11  4.62244438842876E-11  1.15401965523464E-10  8.97676485452160E-11
 -8.40845628799906E-13  1.37200103086171E-12 -2.18513212717807E-12 -1.58485854753422E-11 -1.27199215999436E-11
 -9.07993068353705E-12 -3.39165311100914E-11 -7.98701603654360E-11 -4.49104934058972E-11 -1.89996330529457E-13
 -3.89272819732110E-13  3.87760781464334E-16  1.76380936740033E-17 -5.62516373632794E-17 -1.88982124356112E-16
  1.47942856816585E-15 -1.29930502736124E-15  1.20069163442426E-15 -7.73789929621795E-16  1.72581277268060E-13
 -1.61951433537841E-13  6.64483464511143E-14 -1.05497687487654E-13 -9.58277354890637E-15  1.07537864773308E-14
  1.83481691095684E-15 -1.41233424966892E-14  5.61515939872904E-15 -8.01344571411959E-15  3.82907351853536E-15
 -2.38812713489476E-16
* ORBITAL    1   59
  1.43014330128837E-02 -1.67612239295102E-01  1.99481102001293E+00 -2.44593875698634E+00  1.90058505342440E+00
 -1.37220961650551E+00  1.00873554325314E+00 -7.46756859676720E-01  5.23384153752220E-01 -3.36317769932315E-01
  1.96825164055908E-01 -1.01459931720343E-01  4.31485339935381E-02 -1.06115582197786E-02  2.05357093708292E-12
  1.44995158379454E-11  1.11233266554304E-11  6.26273877926076E-13 -2.00355295002308E-13 -5.06058836613387E-13
 -8.54169800050933E-14 -3.81827205216309E-14  8.52084413545689E-15  1.28878922687113E-11  9.18825522081988E-11
  6.68793104636768E-11 -6.06043656194937E-12 -4.82452288559835E-11 -1.15270672004527E-10 -6.29578011154001E-11
 -1.38558622307329E-12 -4.02603822024751E-13  3.60418396362603E-12  2.56150393766566E-11  1.96095057344502E-11
  1.35929949399838E-12  2.83623107752598E-13  9.43516543068304E-13  7.59797907521022E-13 -1.47688648386018E-14
  1.31786855414427E-14 -8.25630686791189E-16  3.95953842668210E-16 -9.55798391824908E-16  1.51945275425715E-16
 -1.60269366690146E-16  3.95510569922435E-16 -9.16979440737494E-16  3.83842687940473E-16  1.62390432241852E-15
 -2.51462699350732E-15  2.15611970112329E-15 -2.46838812925296E-15 -3.11520813343460E-16 -6.60712420113716E-16
  6.81800866721499E-16 -1.15331657561677E-16  7.38930975108350E-16 -1.32156383633231E-15  7.62397604320849E-16
 -3.93793245066469E-16
* ORBITAL    1   60
 -7.52030486256578E-02  1.59431656401949E+00 -1.67601116320899E+00  1.20590918762436E+00 -8.47601718001638E-01
  6.14661920313392E-01 -4.58314945832464E-01  3.42416125714777E-01 -2.41174348591430E-01  1.55383753734706E-01
 -9.10555989483708E-02  4.69681466168740E-02 -1.99813462502838E-02  4.91471792921759E-03  8.04757637715571E-13
  5.84812246993488E-12  4.59415332248121E-12  3.93747102703764E-13  5.92294070265574E-13  1.40139604354401E-12
  8.52479555698528E-13  4.31208272796113E-15  8.51359288945850E-15  1.07195044023803E-11  7.78038142908766E-11
  6.10063818672391E-11  4.69735748592888E-12  5.67821418775709E-12  1.31844735513189E-11  8.34777423725500E-12
 -1.44829216354230E-14  9.62038755142925E-14  5.79308115858840E-13  4.18332067902339E-12  3.25998834787702E-12
  1.18023743946948E-13 -2.21845959570491E-13 -6.00411622974419E-13 -2.64774172492807E-13 -1.92902669789058E-14
  1.53550388045815E-15  2.67982947539567E-16 -5.48895891732997E-16  4.00986900043442E-16 -4.74171379374869E-16
  4.50751042450531E-16 -9.08224766920907E-16  1.11459092631120E-15  1.22055583095026E-17 -2.45593894440013E-16
 -1.30169741842766E-16 -4.25135143742028E-16 -2.70871706058412E-16  6.20278134519789E-16 -6.11472782808822E-16
  1.61079936863094E-15 -3.88194651129408E-16  1.10848853644526E-15 -5.69807958273561E-16 -3.54563374378308E-17
  3.40950867010929E-16
* ORBITAL    1   61
  1.25985250155515E+00 -9.86150306318426E-01  6.37220275919521E-01 -4.34670734447539E-01  3.10456688757637E-01
 -2.28339399456315E-01  1.71541407024648E-01 -1.28626112288895E-01  9.07515533447425E-02 -5.85193094721018E-02
  3.43067229011066E-02 -1.76997025739854E-02  7.53053976736953E-03 -1.85233848320584E-03  1.38235750659107E-13
  1.01864586396769E-12  8.05601161205981E-13  9.27730815206081E-14  2.06822471342939E-13  4.96903254996522E-13
  2.87182012656245E-13  3.88286767787719E-15  2.68635258470298E-15  2.40308548771192E-12  1.76015609656001E-11
  1.39517917645306E-11  1.49939520995744E-12  3.18473941685367E-12  7.57716753106935E-12  4.43495537555003E-12
  4.72341310405803E-14  3.86395177327949E-14  1.52092485486348E-13  1.10738663783957E-12  8.63664123534330E-13
  4.22943755113836E-14 -2.55947576838104E-14 -7.92470694556620E-14 -2.39554011380258E-14 -5.83355129846635E-15
  1.64214585567860E-15  4.37199359603381E-16 -8.58327928402190E-16 -8.19719830242814E-17  1.99113172305266E-18
 -3.09700490968599E-16  5.73519259376485E-16 -6.22504443049527E-16  1.11466871525092E-15  4.28462660278832E-16
 -5.62801486829142E-16 -1.67098842759274E-16  1.48447787395607E-15  4.66359382841473E-16 -5.37465185857761E-16
 -2.37671710722161E-16 -2.60021926653082E-17 -8.58700653310261E-16  1.34199935105391E-15 -4.60852634777784E-16
  4.55541950574944E-16
#OCC
* OCCUPATION NUMBERS
  1.99686922216556E+00  1.80732972645529E+00  6.30260874973532E-04  6.30260874594502E-04  6.30260862288123E-04
  1.25087521475942E-03  6.42197971588947E-02  6.42197972254905E-02  6.42197991681438E-02  0.00000000000000E+00
  0.00000000000000E+00  0.00000000000000E+00  0.00000000000000E+00  0.00000000000000E+00  0.00000000000000E+00
  0.00000000000000E+00  0.00000000000000E+00  0.00000000000000E+00  0.00000000000000E+00  0.00000000000000E+00
  0.00000000000000E+00  0.00000000000000E+00  0.00000000000000E+00  0.00000000000000E+00  0.00000000000000E+00
  0.00000000000000E+00  0.00000000000000E+00  0.00000000000000E+00  0.00000000000000E+00  0.00000000000000E+00
  0.00000000000000E+00  0.00000000000000E+00  0.00000000000000E+00  0.00000000000000E+00  0.00000000000000E+00
  0.00000000000000E+00  0.00000000000000E+00  0.00000000000000E+00  0.00000000000000E+00  0.00000000000000E+00
  0.00000000000000E+00  0.00000000000000E+00  0.00000000000000E+00  0.00000000000000E+00  0.00000000000000E+00
  0.00000000000000E+00  0.00000000000000E+00  0.00000000000000E+00  0.00000000000000E+00  0.00000000000000E+00
  0.00000000000000E+00  0.00000000000000E+00  0.00000000000000E+00  0.00000000000000E+00  0.00000000000000E+00
  0.00000000000000E+00  0.00000000000000E+00  0.00000000000000E+00  0.00000000000000E+00  0.00000000000000E+00
  0.00000000000000E+00
#OCHR
* OCCUPATION NUMBERS (HUMAN-READABLE)
  1.9969  1.8073  0.0006  0.0006  0.0006  0.0013  0.0642  0.0642  0.0642  0.0000
  0.0000  0.0000  0.0000  0.0000  0.0000  0.0000  0.0000  0.0000  0.0000  0.0000
  0.0000  0.0000  0.0000  0.0000  0.0000  0.0000  0.0000  0.0000  0.0000  0.0000
  0.0000  0.0000  0.0000  0.0000  0.0000  0.0000  0.0000  0.0000  0.0000  0.0000
  0.0000  0.0000  0.0000  0.0000  0.0000  0.0000  0.0000  0.0000  0.0000  0.0000
  0.0000  0.0000  0.0000  0.0000  0.0000  0.0000  0.0000  0.0000  0.0000  0.0000
  0.0000
#ONE
* ONE ELECTRON ENERGIES
  0.0000E+00  0.0000E+00  0.0000E+00  0.0000E+00  0.0000E+00  0.0000E+00  0.0000E+00  0.0000E+00  0.0000E+00  2.7470E-02
  2.7470E-02  2.7470E-02  3.8626E-02  1.3524E-01  1.3524E-01  1.3524E-01  1.8410E-01  1.8410E-01  1.8410E-01  1.8410E-01
  1.8410E-01  2.5470E-01  5.1156E-01  5.1156E-01  5.1156E-01  6.0297E-01  6.0297E-01  6.0297E-01  6.0297E-01  6.0297E-01
  1.0941E+00  1.6734E+00  1.6734E+00  1.6734E+00  1.7498E+00  1.7498E+00  1.7498E+00  1.7498E+00  1.7498E+00  4.2789E+00
  5.1856E+00  5.1856E+00  5.1856E+00  5.1856E+00  5.1856E+00  5.6386E+00  5.6386E+00  5.6386E+00  1.6663E+01  2.1883E+01
  2.1883E+01  2.1883E+01  5.5754E+01  9.3765E+01  9.3765E+01  9.3765E+01  1.6909E+02  5.3638E+02  1.8756E+03  7.7651E+03
  4.5495E+04
#INDEX
* 1234567890
0 222222222s
1 ssssssssss
2 ssssssssss
3 ssssssssss
4 ssssssssss
5 ssssssssss
6 s
