#INPORB 2.2
#INFO
* RASSCF natural orbitals for root number  1 E=      -14.653837150299
       0       1       0
      61
      61
*BC:HOST dzemail-jasarevic-compchemp-comp PID 257628 DATE Fri Feb 13 17:18:26 2026
#ORB
* ORBITAL    1    1
  5.30275003611854E-05  4.15868571991981E-04  2.21437054348518E-03  9.51271317882195E-03  3.46616452035013E-02
  1.05607129457937E-01  2.44969294369757E-01  3.86142603513833E-01  3.13429705522491E-01  6.63528342934415E-02
 -4.70642815223925E-03 -5.90554054941874E-03 -2.92227474230764E-03  9.54030853548930E-05 -9.18403068872629E-12
 -3.18488510861138E-11 -1.14143381392587E-10 -3.29349622912896E-10  1.14244200401973E-10 -7.64513132239445E-11
  1.54914309990123E-10  1.07217558692045E-11 -2.66205198426093E-12 -6.06238168291583E-12 -4.20630587600338E-11
 -1.81736505683221E-10 -2.84621965311440E-10  3.88577538802385E-11  1.92074270908949E-12  1.62294631001824E-10
  2.69153535096786E-11 -6.60280253713196E-12  8.55672553946314E-13 -9.68103123697950E-12 -6.12094357757856E-11
 -1.45819931971636E-11 -3.70708102049640E-11  4.32646494351341E-11  2.72738052384038E-11  1.25336707062565E-11
 -2.33856425578864E-12  1.53300477120950E-12  1.14275941383152E-13  1.11392905557915E-13 -3.30476818478805E-13
  3.19360601534916E-12  2.02848771178749E-13  4.24900825735991E-13 -7.81163728272863E-13 -1.67160159177507E-11
 -8.02258931927828E-12 -1.65958849985524E-12 -7.75239033652683E-12  2.43765435556065E-12  1.50695590535066E-13
  3.14028259127256E-13 -6.07483479940912E-13 -2.97501268188979E-11 -1.00069753747461E-11 -2.80719754368055E-12
 -7.64013306604756E-12
* ORBITAL    1    2
 -9.32043632820650E-06 -7.31265523468093E-05 -3.89810081233064E-04 -1.68204412759391E-03 -6.20439377785881E-03
 -1.95340208464583E-02 -4.87088508650598E-02 -9.26936506981626E-02 -1.30247648984750E-01 -6.23094716698799E-02
  2.87449724231524E-01  6.24244579566798E-01  2.34306193334641E-01 -1.82463247887624E-03  5.25804606369205E-11
  4.27463814516847E-10  1.22986557693102E-09  9.41826260043151E-10  6.99093372035187E-09  1.04325556697525E-09
 -5.88568242773037E-09 -3.40411113182399E-09  6.92642472351482E-10  5.18663806668234E-11  3.92415194417399E-10
  1.10290938607211E-09  1.79328157290801E-09  6.34355342497774E-09  4.36789126041390E-09 -9.47385098310961E-09
 -2.68324414861902E-09  4.86812037352211E-10  2.10797043552157E-12 -1.84198840211443E-12  3.19608228742558E-11
  6.67561491383437E-10  5.32603683227668E-10  2.53878401012300E-09 -3.26980278874768E-09  3.07750273752458E-11
 -8.89037550859413E-11  1.65134669460600E-11  1.18205710662033E-11 -2.46325060588048E-11  3.14349098329228E-11
  3.43448268507595E-11  2.46581228940698E-11 -5.13078174400024E-11  6.55321464438338E-11 -2.40758274188729E-10
 -1.78968255079456E-10  3.74345561613709E-10  5.20783934373523E-10  2.62258692449524E-11  1.83028678273982E-11
 -3.85036383602995E-11  5.11846204748764E-11 -3.89884972580062E-10 -2.37142216669895E-10  5.20470297812990E-10
  4.75539582027691E-10
* ORBITAL    1    3
 -5.63571822748270E-12 -6.39617143294873E-12 -2.90967275657760E-10  2.12745039771006E-10 -6.15083309763306E-09
  1.03983702452457E-08 -8.05174417984066E-08  1.60631433190650E-07 -1.75074284386556E-07  1.67168860432979E-07
 -1.40848299778841E-07  6.58263170254586E-08 -1.05102308354417E-08  4.56542100558270E-09  2.87578408730610E-02
  2.11104736145500E-01  1.63897823270712E-01  5.98803535618814E-03 -1.54447218317571E-02 -3.83497648429565E-02
 -1.85440395711366E-02 -8.67767021405353E-04 -2.21668095919653E-06 -1.26591598165512E-02 -9.29279969940416E-02
 -7.21475854121047E-02 -2.63592264494137E-03  6.79874521997358E-03  1.68815159214022E-02  8.16305885228748E-03
  3.81990820831572E-04  9.73696143200960E-07  7.28871246158841E-02  5.35047719047701E-01  4.15401181180156E-01
  1.51767524884896E-02 -3.91448445735712E-02 -9.71979796735290E-02 -4.70001089714884E-02 -2.19936761749535E-03
 -5.61975071607208E-06 -2.26812517773579E-10  2.59087533620116E-10 -9.42785523951091E-11 -1.36439279648462E-10
 -8.20731062634364E-10  8.48934435387125E-10 -2.16219129570045E-10 -3.70180011267511E-10 -1.98235902605847E-10
  3.76582009633999E-10 -1.58470700177484E-10 -3.21499857361139E-10 -7.36206541364551E-10  7.22014029799396E-10
 -4.02660965321386E-11 -2.71789545149589E-10 -4.04838217664573E-10  3.87079312983181E-10 -3.87389691759015E-11
 -1.36954954521575E-10
* ORBITAL    1    4
 -6.14312618331358E-12 -1.73452174897692E-10  1.13216829733955E-10 -5.31203650831867E-09  6.36622046964443E-09
 -9.07951971810057E-08  1.23521783120406E-07 -2.28501486256041E-07  3.62910832422966E-07 -2.46905355588585E-07
  3.64781905427473E-08 -2.83686437470978E-08  6.75829567238889E-08 -1.70398201937948E-08  5.30521276454369E-03
  3.89443558644582E-02  3.02356806556989E-02  1.10466619662482E-03 -2.84922488193411E-03 -7.07471965181409E-03
 -3.42098327934388E-03 -1.60084839103929E-04 -4.08668202705210E-07  7.83521293884527E-02  5.75165087038297E-01
  4.46547597020144E-01  1.63146875943944E-02 -4.20799093574687E-02 -1.04485821984960E-01 -5.05241394737177E-02
 -2.36428258679959E-03 -6.02266300492297E-06  1.15151429258129E-02  8.45300353666184E-02  6.56275628512054E-02
  2.39771492521040E-03 -6.18433769659630E-03 -1.53559168834691E-02 -7.42535901216076E-03 -3.47469648275609E-04
 -8.87271783396420E-07 -7.58602905684247E-10  6.89589079747844E-10 -1.09260969060760E-11 -2.05794121895007E-10
 -3.77416080088939E-10  5.32460758584843E-10 -1.61540484334739E-10 -3.60847041086068E-10  5.19828848170362E-10
 -5.24441867475514E-10  1.24976520895574E-10  2.15899718970689E-10 -1.18667565949794E-10  1.17836202924485E-10
 -7.44433500843015E-12 -4.58184771514313E-11  8.77176574052742E-10 -9.37834660949023E-10  2.54560256418301E-10
  4.37189842240171E-10
* ORBITAL    1    5
  2.13026248325735E-11 -5.67893016358852E-10  2.70604394004538E-09 -2.01853369862324E-08  7.01924527411970E-08
 -4.00944088945319E-07  1.08500885449275E-06 -2.10919071537310E-06  2.71317106862390E-06 -2.25946289853593E-06
  1.31139817225646E-06 -6.59687505322395E-07  3.29902399459100E-07 -9.34291798595545E-08  7.37878183250726E-02
  5.41659500595486E-01  4.20534440793232E-01  1.53642971529563E-02 -3.96285747983033E-02 -9.83990938323680E-02
 -4.75809070370958E-02 -2.22654450946712E-03 -5.68868033671409E-06 -6.99636667085172E-04 -5.13587269917347E-03
 -3.98739693368247E-03 -1.45680119247797E-04  3.75747772301860E-04  9.32994582939834E-04  4.51149609360226E-04
  2.11115661295167E-05  5.38240298682714E-08 -2.92347265831510E-02 -2.14605441825953E-01 -1.66615705303369E-01
 -6.08733242202242E-03  1.57008354131571E-02  3.89857108066071E-02  1.88515498802621E-02  8.82157013663151E-04
  2.25447505958056E-06 -8.64134453879294E-10  9.17345051324882E-10 -2.39313101354259E-10 -4.21341265436178E-10
  3.47052496741332E-10 -3.69058557359808E-10  9.60727411379981E-11  1.70359599636383E-10  4.77787007419677E-10
 -5.01091671246853E-10  4.88522571945724E-11  2.20049635084205E-10  3.22113795604293E-11  1.33397272868851E-10
 -1.18996934842675E-10 -2.12043321367504E-10 -6.63852502451486E-10  5.95630810770600E-10  3.56174746676766E-12
 -1.69293177466359E-10
* ORBITAL    1    6
  8.45008375260192E-05  6.89847425713675E-04  3.51794532852408E-03  1.69082157053026E-02  6.80333268166783E-02
  3.39483595795977E-01  7.41157069735981E-01 -1.87390344415878E-01 -7.94394824793560E-01 -1.83468472930285E-01
  7.89655727864720E-02  1.93481212049522E-01  7.07831548975190E-02 -2.40373378130134E-04  3.75675194523314E-09
  3.10399528716217E-08  3.21144594498347E-08  5.31751509959390E-09  7.58222389993938E-09  1.59227072961868E-08
  5.88193691527852E-09 -7.94230768401946E-10 -1.84393260022478E-10  2.28745388938555E-09  1.84160151752673E-08
  1.91367399574487E-08  7.45287214136836E-09  1.97987177726390E-08  4.49273281634601E-08  1.95925296560594E-08
 -6.19081829957522E-11 -5.53711518373568E-11 -4.30424265147925E-10 -3.86201204453456E-09 -3.74407641577188E-09
  2.25132936574131E-09  9.69529541324230E-09  2.26424017093184E-08  1.04749041072318E-08  4.07474772320621E-10
  6.98882022333751E-11  1.25355099645111E-11 -7.30860673837977E-12  1.54930148970704E-11  2.93672922391859E-11
  2.61178007889996E-11 -1.51857550307125E-11  3.21556547038494E-11  6.12166770691580E-11 -5.22219307799932E-11
  6.50021014355122E-11 -2.07115569287500E-10  2.60656127223332E-10  1.97742259486978E-11 -1.15926424174840E-11
  2.48773699268550E-11  4.72948921112381E-11 -1.20416212601971E-10  1.40611886931749E-10 -3.94292381480859E-10
  1.87691706689203E-10
* ORBITAL    1    7
 -9.36853626061557E-12  7.39610665567414E-11 -7.36466241118304E-10  3.09615055888827E-09 -1.74454860882223E-08
  6.67898830902792E-08 -2.64663169607486E-07  4.83142448848603E-07 -6.49727102231228E-07  5.82686657751931E-07
 -2.46500907926729E-07  1.60199246097731E-07 -1.75871055974666E-07  3.10614859878877E-08  1.58754045777230E-04
  1.00702305580736E-03  2.87025428748893E-03  6.94235072714302E-03  3.10438167125259E-02  7.47323749702978E-02
  4.15101898445881E-02  8.17884712968487E-04  2.84697034417552E-04  8.14853141514506E-05  5.16884058486060E-04
  1.47324347661733E-03  3.56336594250498E-03  1.59341479208603E-02  3.83585714762192E-02  2.13063146006493E-02
  4.19803501383856E-04  1.46128019850574E-04  1.13269844416936E-03  7.18503815905982E-03  2.04790575737246E-02
  4.95331768813525E-02  2.21495429753785E-01  5.33210215854229E-01  2.96172276868758E-01  5.83554840014863E-03
  2.03129515630126E-03  6.69023748307971E-11 -7.45749516999039E-10  1.40024326429116E-10  1.59214690402689E-10
  1.60346757787579E-10 -3.56121548261990E-09  3.90149658439217E-10  1.29644067253349E-09 -3.03365500116470E-10
 -2.23734173182195E-10 -5.16759798655157E-10  1.20524317363934E-09  5.57242868013377E-10 -3.58589001622792E-09
  1.08615769949201E-09 -1.02741570599621E-11  6.96734740397022E-11 -2.38181170930858E-10  1.29202237100027E-10
 -1.10370206323637E-10
* ORBITAL    1    8
  5.68009214423403E-13 -8.71988921898820E-11  2.79931346546681E-10 -2.97838572842990E-09  8.30012651398809E-09
 -5.40583029048507E-08  1.02486810607636E-07 -2.50995329384815E-07  2.24233253879700E-07 -1.51656163191053E-07
  2.85096554383067E-07 -5.89344273763626E-08 -1.53264426041506E-07 -1.76167121278624E-09 -5.35691852296585E-05
 -3.39805300026378E-04 -9.68524805408815E-04 -2.34259342749509E-03 -1.04752768638589E-02 -2.52173369971619E-02
 -1.40070010525835E-02 -2.75982487388353E-04 -9.60670842880336E-05  1.14297918208161E-03  7.25024369274982E-03
  2.06649157018599E-02  4.99826788807966E-02  2.23505379616917E-01  5.38048716701273E-01  2.98859808680379E-01
  5.88849378898715E-03  2.04971706047402E-03 -7.47164859349231E-05 -4.73949101859035E-04 -1.35086589293702E-03
 -3.26737097032988E-03 -1.46105668040020E-02 -3.51723021025957E-02 -1.95364990796251E-02 -3.84931102943208E-04
 -1.33991298424011E-04  5.84388095742548E-10 -3.37171068776732E-09  1.12587444684149E-09 -2.20772992158112E-10
 -2.28792731588194E-10 -3.38992137857680E-10 -3.83627501143029E-10  1.00554502833318E-09 -6.99860884925434E-11
  1.99830387706004E-09 -1.83989311097354E-10 -7.96247994491710E-10 -2.85718489825238E-11  2.58080228065658E-10
 -5.81564795666196E-11 -4.03276966346929E-11 -2.05210689657028E-10  3.71823079314807E-09 -4.73283107507332E-10
 -1.22241079111370E-09
* ORBITAL    1    9
  2.69677257251351E-11 -3.81778104428825E-10  2.56491641078905E-09 -1.45130491808263E-08  6.39286223674761E-08
 -2.91739297684327E-07  9.26046993355413E-07 -1.82882477193023E-06  2.22664154818713E-06 -1.89638663007047E-06
  1.26713817254810E-06 -5.55337607601827E-07  1.51792363102735E-07 -8.84279671076209E-08  1.13436172343384E-03
  7.19558936105032E-03  2.05091276566179E-02  4.96059034548443E-02  2.21820630019112E-01  5.33993072493233E-01
  2.96607111537509E-01  5.84411207754630E-03  2.03427780008768E-03  4.25722907849727E-05  2.70048025171377E-04
  7.69701361575811E-04  1.86169336147178E-03  8.32485315994268E-03  2.00405749717134E-02  1.11315614768631E-02
  2.19327663797085E-04  7.63451992922440E-05 -1.62049635377847E-04 -1.02792878650802E-03 -2.92983911962180E-03
 -7.08647058405546E-03 -3.16882741065108E-02 -7.62837954606089E-02 -4.23719290915012E-02 -8.34862806902421E-04
 -2.90607851133195E-04  1.98174532363698E-10 -3.65738781182884E-09  4.59082305665618E-10  1.21466843766175E-09
 -3.32426659322817E-11  4.82409632175903E-10 -7.28916810600491E-11 -1.34113179313581E-10 -3.07893282400219E-10
  2.19728321368910E-09 -6.07403923690749E-10 -1.10738162700062E-10 -2.99595424283361E-10 -6.52379832419079E-11
 -5.16002170580969E-10  1.10074298849403E-09  5.81620577818927E-10 -3.37926633097045E-09  1.12130343751521E-09
 -2.07616426344351E-10
* ORBITAL    1   10
  8.25373585017401E-14  4.50490452868545E-13  3.92920867490312E-12  8.99106347065913E-12  7.47803887759213E-11
  1.48574569691052E-10  1.18119275159163E-09  4.90988680316031E-10  6.30369722771298E-11 -1.96434466792056E-08
  2.61849191080012E-08 -3.28542464732125E-08  1.53364047566728E-07 -1.98821836643081E-07 -1.71288165644189E-06
 -4.04800429251866E-06 -7.74958491715281E-05  8.73381640049512E-05 -3.33149897795951E-04  1.51863293557773E-03
 -2.44093440155068E-03  8.38189065793657E-03 -1.70306899123360E-02 -1.36264463377148E-04 -3.22029922252041E-04
 -6.16500839149840E-03  6.94799247658218E-03 -2.65029932177239E-02  1.20811437385915E-01 -1.94183061343781E-01
  6.66802496373888E-01 -1.35483836286637E+00 -5.24494071282306E-07 -1.23949970645682E-06 -2.37297099509661E-05
  2.67437487773176E-05 -1.02012850169804E-04  4.65016794145465E-04 -7.47432732026947E-04  2.56659763576408E-03
 -5.21492463600422E-03  1.80587122306826E-11 -8.55045458708315E-11  1.18722739336855E-10 -3.23500448477665E-10
  3.28179923143685E-12 -2.31871141921548E-11  1.95818087460585E-12  4.30212678197412E-11 -1.15334623258969E-11
  5.87834277372105E-11 -6.84212195688258E-11  1.45996863093806E-10  1.09468286757195E-13 -6.10433644460963E-13
  4.66663064309205E-13 -6.93942324855311E-13 -1.95529378125479E-11  9.98570352012094E-11 -1.15605137722896E-10
  2.44231929675594E-10
* ORBITAL    1   11
  3.02259360436644E-14  6.33059113333075E-13  3.56407553941578E-13  1.91241014859816E-11 -8.50944834445649E-12
  3.77177803251371E-10 -1.62778964391289E-10  3.13037821932615E-09 -5.02494280662386E-09 -9.65839803939893E-09
  1.71219469887230E-08 -2.18239375355669E-08  1.10929351667262E-07 -1.47218602375607E-07 -1.35132262170188E-04
 -3.19355182311708E-04 -6.11378267874356E-03  6.89024857712569E-03 -2.62827644981023E-02  1.19807513738040E-01
 -1.92569423049330E-01  6.61261499053924E-01 -1.34357984631506E+00  1.76613622282938E-06  4.17387481880075E-06
  7.99052103145107E-05 -9.00533525047462E-05  3.43507410243310E-04 -1.56584617555116E-03  2.51682117768789E-03
 -8.64247769093227E-03  1.75601624659080E-02 -1.75329364496295E-05 -4.14352070226031E-05 -7.93241848245353E-04
  8.93985621011201E-04 -3.41009653169853E-03  1.55446049102151E-02 -2.49852077380442E-02  8.57963618211076E-02
 -1.74324774642250E-01  1.93815039606684E-11 -9.89878845477821E-11  1.14584107521437E-10 -2.42061402046509E-10
  2.50356869377926E-12 -1.26951688124012E-11  1.50378008544706E-11 -3.25901369566931E-11 -9.57236671414048E-12
  4.40868429121037E-11 -6.60441844051453E-11  1.88115721483522E-10  5.47102614613846E-12 -3.34469291452498E-11
  1.65804243939208E-11  2.40121497936673E-12  1.79185302182160E-11 -8.48391647339179E-11  1.17792481170472E-10
 -3.20888360148907E-10
* ORBITAL    1   12
  4.12343446557848E-14 -1.13489855932870E-13  2.80154042213895E-12 -7.11487526451286E-12  6.45921782106944E-11
 -1.63757715291946E-10  1.03520684453979E-09 -1.93831472014587E-09  3.79369037398490E-09 -7.91449735938787E-09
  7.37827297485763E-09 -9.49849334573379E-09  3.65390674836244E-08 -4.42463051456992E-08  1.75382226038326E-05
  4.14477253897602E-05  7.93480955582378E-04 -8.94254819063780E-04  3.41112413050700E-03 -1.55492883688558E-02
  2.49927352056077E-02 -8.58222112356650E-02  1.74377297530596E-01  2.99722583829671E-07  7.08350195790450E-07
  1.35602929185670E-05 -1.52822243071799E-05  5.82945546027119E-05 -2.65729590929491E-04  4.27113055140292E-04
 -1.46665892419198E-03  2.98002158509858E-03 -1.35142800480077E-04 -3.19380185035542E-04 -6.11425930681653E-03
  6.89078436573662E-03 -2.62848122081596E-02  1.19816844065532E-01 -1.92584419700762E-01  6.61313000887044E-01
 -1.34368447795714E+00 -2.58375143842968E-12  1.31723892309542E-11 -1.53266747879779E-11  3.26528568184303E-11
  1.96062145894896E-11 -1.00034693029019E-10  1.16099003245071E-10 -2.46282320578136E-10  5.01998753485857E-12
 -3.24946414495210E-11  1.05931879425026E-11  2.62815659735964E-11  1.72504791943913E-11 -8.05906495545427E-11
  1.16109891659140E-10 -3.23136834427524E-10 -2.24957252644957E-12  1.06191662718960E-11 -1.48333477695637E-11
  4.06689617152451E-11
* ORBITAL    1   13
  6.42174068798022E-07  1.59425046417055E-06  3.49967932998719E-05  5.29602325449412E-06  7.12757483349085E-04
 -1.30957629480604E-04  1.04705525475522E-02 -7.83242673711610E-03  3.45786891606355E-02 -1.77803290979791E-01
  2.81350195159444E-01 -6.50795121034083E-01  1.84007903061410E+00 -1.93697116054061E+00 -7.67958555176384E-11
 -7.78840017482013E-10 -2.01542014209920E-09 -6.14277453129031E-09 -4.17637330653366E-09 -2.60159270973757E-08
  1.66471672048223E-08 -1.06399343179458E-07  1.31693707986708E-07  1.23545188064275E-11  1.04013204218732E-11
  1.01948946410027E-09 -1.93927102555070E-09  1.67088855130496E-09 -3.00385284319470E-08  2.40694455930703E-08
 -1.47812715758215E-07  1.81522342971324E-07  5.86017033041832E-11  5.04073168538889E-10  2.09081314836420E-09
  2.39228638402011E-09  3.92926051103029E-09 -7.14499272895173E-09  8.09281771027567E-09 -4.84984644060645E-08
  5.87046607913353E-08  1.64717180138320E-13  1.85258914280580E-12 -3.47886783518285E-12  3.13901916940009E-11
  3.42421897233153E-13  3.86587350383461E-12 -7.27231022211415E-12  6.54027451623196E-11 -7.79455852957453E-12
  2.38191379883087E-11 -1.08961090272028E-10  3.00115028660946E-10  2.48910972461047E-13  2.99590224264346E-12
 -5.67600559446317E-12  5.07843134251001E-11 -1.05407237057362E-11  2.16671348076504E-11 -1.23609030437837E-10
  1.96431198819379E-10
* ORBITAL    1   14
 -9.12454785519669E-14 -2.09961023930154E-12 -6.61226671969459E-13 -6.31210895553935E-11  3.11854888909404E-11
 -1.11427904518550E-09  2.60024993182168E-10 -9.92233390142403E-09  2.49185361761236E-08 -2.09073165707334E-08
  9.21976338319401E-08 -3.28969435741947E-07  4.13183270658779E-07 -1.82810488153847E-07 -1.42823101486591E-07
 -1.46160037890658E-04 -1.76840762494863E-05 -1.43131812923315E-03  4.11418759097858E-03 -8.25930222324850E-03
  3.92071617823423E-02 -6.26564111740208E-02  2.47546181205619E-02  5.84369512293717E-06  5.98017949481162E-03
  7.23551284685877E-04  5.85627895810166E-02 -1.68333141012886E-01  3.37931677436704E-01 -1.60417204556085E+00
  2.56360469840679E+00 -1.01284220432847E+00 -2.32837678799319E-07 -2.38277933430651E-04 -2.88295174128032E-05
 -2.33341157719594E-03  6.70716935776290E-03 -1.34647576522764E-02  6.39176188676113E-02 -1.02145843194271E-01
  4.03563065005003E-02 -8.04118869410738E-11  4.20992835579813E-10 -7.46745833021071E-10  3.21113329172774E-09
 -2.37842762602463E-12  2.74334073401470E-11  1.35220127295328E-10 -8.85040172108835E-10  4.59746068477261E-11
 -2.46925709527605E-10  3.34041035268011E-10 -1.08372107126924E-09  3.41815777595647E-12 -1.82741460538090E-11
  2.76108969475817E-11 -1.09930595202049E-10  8.31906479506099E-11 -4.45022630090319E-10  6.24427375293694E-10
 -2.09736297879257E-09
* ORBITAL    1   15
  4.05156601917099E-14 -3.32307178721440E-12  1.01655207178057E-11 -1.14676637078746E-10  3.04541255237666E-10
 -2.21210384474584E-09  4.92215199281463E-09 -2.13908570463609E-08  4.34536141563843E-08 -3.87933958845317E-08
  8.32395341559594E-08 -2.64905695085763E-07  3.26928774469845E-07 -1.38949882625492E-07  5.81667882333277E-06
  5.95253765160020E-03  7.20206421786580E-04  5.82920973491074E-02 -1.67555064030403E-01  3.36369677197252E-01
 -1.59675718557159E+00  2.55175506273807E+00 -1.00816055600213E+00  1.17742152182044E-07  1.20491249330056E-04
  1.45784623868036E-05  1.17994849063844E-03 -3.39164882775101E-03  6.80879358342426E-03 -3.23215516793407E-02
  5.16526148049437E-02 -2.04071823135888E-02 -6.12949976089294E-07 -6.27267216985448E-04 -7.58939586770491E-05
 -6.14271149249438E-03  1.76566376076406E-02 -3.54460040391910E-02  1.68263270112340E-01 -2.68899150494773E-01
  1.06238063092401E-01 -8.24605147780228E-11  4.41179951491673E-10 -6.18375742014149E-10  2.07426881594414E-09
  8.39590684592387E-12 -4.46072630228456E-11  6.56837343013672E-11 -2.26819689480520E-10  4.89768907172317E-11
 -2.58509931692767E-10  4.31293358012509E-10 -1.79972967918324E-09  3.05197444687889E-12 -6.92864839526361E-13
  1.90400705461641E-10 -1.14225806248412E-09 -8.03779134797646E-11  4.20823324740212E-10 -7.45754761684702E-10
  3.20413001199055E-09
* ORBITAL    1   16
 -8.50316783930253E-14 -1.79251205503842E-13 -4.73955731479879E-12  7.13420650535786E-13 -1.03884643526174E-10
  9.08762070720932E-11 -1.85975621349718E-09  1.51908383185162E-09  5.31359240032249E-10  2.67956864575643E-10
  3.46418500126625E-08 -1.35613320327480E-07  1.73065175895886E-07 -7.98060115857657E-08  6.07597739356601E-07
  6.21787407185593E-04  7.52310665580798E-05  6.08904880083081E-03 -1.75023882807528E-02  3.51363463702948E-02
 -1.66793314100345E-01  2.66550033627019E-01 -1.05309962669907E-01  2.46477838060315E-07  2.52232074875367E-04
  3.05180596646854E-05  2.47006200598174E-03 -7.09995622738195E-03  1.42532848431346E-02 -6.76607794668023E-02
  1.08127734663714E-01 -4.27196647812177E-02  5.81322007795116E-06  5.94898712375271E-03  7.19777229542049E-04
  5.82573275999472E-02 -1.67455118510353E-01  3.36169037883775E-01 -1.59580474133694E+00  2.55023295828769E+00
 -1.00755918986231E+00 -1.19175433127311E-11  6.33929804823533E-11 -9.51244363368948E-11  3.47435687893844E-10
 -8.09862298458532E-11  4.34090514695187E-10 -5.97895406300952E-10  1.97310674287774E-09  4.80079198438763E-13
  1.48712596121031E-11  1.88136167129893E-10 -1.16975369983403E-09 -8.25289828758045E-11  4.33806486975760E-10
 -7.45715053421219E-10  3.15647202925564E-09 -5.14435608846283E-12  2.65583527845726E-11 -5.36374880523429E-11
  2.54007804059005E-10
* ORBITAL    1   17
  8.76864648315273E-15  7.65127947528529E-14  2.80232394262457E-13  1.94478475977257E-12  3.89875040975851E-12
  2.60609287537673E-11  2.58867312777022E-11  1.84154780097132E-10 -1.97848712741756E-10  5.41705456829713E-10
 -2.07452307340734E-09  4.73177548191619E-09 -6.04818365037352E-09  2.16326914293685E-09  1.26746580071607E-12
 -6.68091899418874E-12  3.84498581236618E-11 -9.39882069703889E-11  5.29442423946553E-10 -1.10946794942396E-09
  3.64617944124367E-09 -5.21985620493798E-09  1.82943732942115E-09 -4.81974150918152E-12 -2.64056565837709E-11
 -1.69547333562722E-10 -7.65090285818014E-11 -7.97200971644001E-10  1.42314942444259E-09 -2.15078433194676E-09
  4.68232255210922E-09 -1.65779540784178E-09  1.82266284061414E-12  1.81722080083077E-11  6.66972395378927E-11
  1.01770160282847E-10  9.77429291135347E-11 -6.30882250787008E-11 -1.07778529071734E-09  6.54190522140295E-10
 -2.16224137852591E-10 -8.53283095646774E-06  5.40002467085463E-05 -1.65254027612063E-04  8.73765717935427E-04
 -1.81114755145285E-03  1.14618952600528E-02 -3.50762166905141E-02  1.85462321794555E-01 -4.21266576551086E-03
  2.66599669019940E-02 -8.15860514338872E-02  4.31378864365235E-01  1.43325398746199E-04 -9.07038582321843E-04
  2.77576100048506E-03 -1.46765851265867E-02 -9.83767169149407E-03  6.22579659218541E-02 -1.90524678006634E-01
  1.00738199474598E+00
* ORBITAL    1   18
 -5.04722482455199E-15 -2.66592941828343E-14 -1.79227572580608E-13 -5.90205875956826E-13 -3.01985393496735E-12
 -6.37362292266362E-12 -2.80767646552573E-11 -1.93514403318580E-11 -1.04091958310993E-10  1.71358788127542E-10
 -2.67584915750421E-10  1.23659094010445E-09 -1.50280291540314E-09  5.57994037465348E-10 -4.66345825053143E-13
  3.32552098636492E-12 -1.39035026643241E-11  4.23936108821750E-11 -2.16736530666193E-10  4.59401663737306E-10
 -1.54390067146989E-09  2.17913502543842E-09 -7.62922666953265E-10  3.03920650234636E-12  3.41817647733779E-11
  1.12512289568633E-10  2.04002230656052E-10  6.72774564987601E-11  1.17839156026162E-10 -2.68915843623645E-09
  2.23460181023626E-09 -7.58349925417456E-10  4.81503025608437E-12  2.85556436961032E-11  1.69838092740746E-10
  9.66710943235115E-11  7.39979531596017E-10 -1.28864822500452E-09  1.63914832554199E-09 -4.02836835591950E-09
  1.43117920579247E-09  4.34791519594597E-04 -2.75158964984190E-03  8.42054063711519E-03 -4.45228466659745E-02
 -1.05619832213120E-02  6.68417906252052E-02 -2.04552308210757E-01  1.08155182023915E+00 -6.86284473710597E-04
  4.34316947185006E-03 -1.32911660677875E-02  7.02758379503607E-02 -8.09765681902882E-04  5.12462356969944E-03
 -1.56826076874362E-02  8.29203690872812E-02  2.22620024830811E-03 -1.40885672482530E-02  4.31144785780530E-02
 -2.27963904159753E-01
* ORBITAL    1   19
 -2.12867061413581E-16 -7.21730688068554E-15 -6.13462249463634E-14 -1.52588528940979E-13 -1.05377588597604E-12
 -1.40185369139584E-12 -1.02917049053439E-11  6.24528540484439E-13 -5.18225640465171E-11  9.53445657433879E-11
 -2.05987690790441E-10  7.26391929240814E-10 -8.96457124085654E-10  3.28963871319835E-10  4.49952898157770E-12
  2.69232228516931E-11  1.59028634664748E-10  9.15078601404182E-11  6.88028304362371E-10 -1.19775065096956E-09
  1.48418513587859E-09 -3.69877865894499E-09  1.31369657809503E-09  2.02246393750730E-12 -7.83913487395920E-12
  6.25628967768876E-11 -1.25930860042779E-10  7.77996631367004E-10 -1.61587975119932E-09  5.17993458692954E-09
 -7.50746251410051E-09  2.63261988983759E-09  1.49628144225480E-13  1.74828446999086E-12  5.64881586598594E-12
  1.02990332383484E-11  2.54316358614933E-12  7.04088964020011E-12 -1.44963535956922E-10  1.27779870859315E-10
 -4.38214097642824E-11 -1.08386985807099E-02  6.85929911077414E-02 -2.09911412129453E-01  1.10988759723613E+00
 -4.37348469843066E-04  2.76777137811646E-03 -8.47006070086237E-03  4.47846795190065E-02 -1.04483159689473E-04
  6.61224443630753E-04 -2.02350931759610E-03  1.06991224212497E-02  3.57862594118035E-04 -2.26474290652492E-03
  6.93066993816559E-03 -3.66452901737039E-02  1.39873627106835E-04 -8.85193954674196E-04  2.70891107090894E-03
 -1.43231221659310E-02
* ORBITAL    1   20
 -6.76722615605554E-16 -7.63431639425575E-15 -7.54598413088011E-14 -1.40414606760415E-13 -1.34554066254580E-12
 -1.01943172843962E-12 -1.35663077046561E-11  7.62474891314200E-12 -8.02670776766317E-11  1.54176295959640E-10
 -3.66158772998005E-10  1.19667065985153E-09 -1.48449060508438E-09  5.42698780804263E-10  2.56852340520787E-12
  3.07503129096094E-11  9.55636762954856E-11  1.89448173578478E-10  9.21359252356828E-12  2.11303152841908E-10
 -2.70816950735603E-09  2.44421477153323E-09 -8.33694814004042E-10 -2.49870531299299E-13 -3.36860174277737E-12
 -9.51217339259765E-12 -2.14032144473654E-11  7.45985558909827E-12 -3.95234870398324E-11  3.46804675130307E-10
 -3.46902486210911E-10  1.19404246058336E-10  1.62098151581052E-12 -1.03886442659225E-11  4.83022599304985E-11
 -1.35348718802634E-10  7.20168877105437E-10 -1.51689187316844E-09  5.08310949583884E-09 -7.22120739349612E-09
  2.53060693392221E-09 -3.89113341281236E-04  2.46251408925746E-03 -7.53589836903672E-03  3.98453807170851E-02
  7.86148433776222E-04 -4.97516118963583E-03  1.52252160743281E-02 -8.05019523060366E-02 -2.36137573479710E-04
  1.49440288965038E-03 -4.57324014796001E-03  2.41805934588561E-02 -1.08148819601118E-02  6.84422669842547E-02
 -2.09450159163656E-01  1.10744876428994E+00 -2.00839104076043E-04  1.27101559142861E-03 -3.88962011031708E-03
  2.05660143652996E-02
* ORBITAL    1   21
  1.77959036314196E-15 -4.81419763302281E-15  7.57698627785798E-14 -2.33446878006562E-13  1.66848020743129E-12
 -4.88987192886716E-12  2.03560413384004E-11 -6.43101312385203E-11  2.13888331263087E-10 -4.53973096347408E-10
  1.28707661492649E-09 -3.66091999904268E-09  4.59217166665718E-09 -1.66745416190985E-09  1.79863393153237E-12
 -7.40684446558148E-12  5.55091375784780E-11 -1.15788260236270E-10  7.02706562326653E-10 -1.46207539250451E-09
  4.70754010728565E-09 -6.80721117210072E-09  2.38679826180088E-09  1.08758806573896E-12  8.43823475149847E-12
  3.90269970421460E-11  3.94067472087804E-11  1.18001079710684E-10 -1.76786751872503E-10 -8.87581481570794E-11
 -3.22011032554626E-10  1.18789388259732E-10 -1.87708188411413E-12 -2.82067409248279E-11 -7.17066353205413E-11
 -1.89257907469824E-10  1.35292179532760E-10 -4.85433788400788E-10  3.30063241888650E-09 -3.48178810307348E-09
  1.19899273402905E-09 -9.64106601335274E-05  6.10137417149261E-04 -1.86717046048850E-03  9.87249485175550E-03
 -1.47721344150099E-03  9.34858439851465E-03 -2.86089660282038E-02  1.51267319124161E-01  9.97712336969604E-03
 -6.31404895525805E-02  1.93225417117852E-01 -1.02166190882475E+00 -2.47401669940613E-04  1.56568802220129E-03
 -4.79139017283336E-03  2.53340419875364E-02 -4.00394240393529E-03  2.53390555710693E-02 -7.75437380415360E-02
  4.10005498313049E-01
* ORBITAL    1   22
  7.90233583352993E-07  2.27341292888101E-05 -4.74968380937220E-06  6.92034078448914E-04 -6.00723565066129E-04
  1.16234690346559E-02 -7.80093295102097E-03  1.16175761065529E-01 -2.87261490907840E-01  4.65324800458596E-01
 -1.78187048827797E+00  4.46641469061079E+00 -4.43929643463348E+00  1.40354502139712E+00  1.77922087673641E-10
  2.85859782783820E-09  5.63680117226808E-09  2.54859107079518E-08 -2.21733187649699E-08  1.11980687273108E-07
 -3.62991392598635E-07  3.00011761482962E-07 -9.06657655357257E-08  9.64653943293316E-11  2.49248425446775E-09
  3.08501715708661E-09  2.37899509540091E-08 -3.78449323444841E-08  1.28518589033124E-07 -4.50966807677127E-07
  3.69028345771243E-07 -1.11936660280221E-07 -2.45532381492194E-11  2.39692963923833E-10 -7.53052828054643E-10
  3.16932628869653E-09 -1.43441036305610E-08  3.00084106617412E-08 -1.20988302260251E-07  9.73247407192867E-08
 -2.97077440066147E-08  4.09561155942713E-12 -1.54948788737881E-11  5.92938846619020E-11 -2.28607550950168E-10
  8.52918173958940E-12 -3.22601072326577E-11  1.23389592723977E-10 -4.76148692858866E-10  5.43109944230225E-13
 -8.34323266586816E-11  5.93969337755954E-11 -1.49761839902139E-09  6.56471195819017E-12 -2.50525606415273E-11
  9.55652566743981E-11 -3.69143741267762E-10 -2.28445106639639E-11 -4.37916181955188E-12 -3.01667934258115E-10
 -5.49952207574405E-10
* ORBITAL    1   23
 -2.10531008723605E-13  8.54198495476236E-13 -1.46927324018370E-11  4.19810889057543E-11 -3.32149348315554E-10
  6.08012094823302E-10 -4.98073933700507E-09  1.20790061750166E-08 -3.78651907327570E-08  1.71307113771198E-07
 -4.56599853400970E-07  6.81182484622132E-07 -5.01705081730473E-07  1.30159717610006E-07 -2.33106200902842E-05
 -1.33834937095117E-05 -1.07022202888400E-03  1.62412284933580E-03 -6.73061695365639E-03  3.03857714501390E-02
 -4.22339101863968E-02  2.26948995478411E-02 -6.02759836886323E-03  1.95637871345192E-03  1.12322968242029E-03
  8.98199907479641E-02 -1.36306924463944E-01  5.64877112288477E-01 -2.55017137951877E+00  3.54454419715156E+00
 -1.90470341263423E+00  5.05875180335951E-01 -4.12143518796130E-05 -2.36626910365548E-05 -1.89220650760383E-03
  2.87153116064555E-03 -1.19000702033011E-02  5.37235762630428E-02 -7.46716828569880E-02  4.01257268636364E-02
 -1.06570979828774E-02  1.15185947780272E-11  9.22077888966594E-11  3.26957915130356E-09 -1.91515510461156E-09
  1.67056946660249E-11  1.06178690674051E-10  1.29884281058152E-09 -1.79729594507315E-10 -6.57124279933637E-12
 -1.47222514523313E-10 -2.27063905123528E-09  9.32119049070008E-10 -4.22075078559361E-13 -3.42166002686348E-12
 -8.56039319679742E-11  4.28255029447795E-11 -1.07165546977143E-11 -2.53240885132083E-10 -3.94708091717702E-09
  1.64685300885300E-09
* ORBITAL    1   24
 -2.02224037803473E-13  5.43049730093328E-12 -2.49367999968607E-11  2.00858870309597E-10 -7.07034629224749E-10
  4.30195158837698E-09 -1.25912763208766E-08  3.95302322266739E-08 -5.46267080644617E-08 -7.08679219585686E-08
  3.70543242223729E-07 -5.92147537300297E-07  4.40744335823180E-07 -1.21795445195490E-07 -1.95111452440942E-03
 -1.12020762241660E-03 -8.95783037243162E-02  1.35940152085517E-01 -5.63357150791085E-01  2.54330939810364E+00
 -3.53500650554217E+00  1.89957821278688E+00 -5.04513980411200E-01 -2.00943510215206E-05 -1.15369156076502E-05
 -9.22558840280923E-04  1.40003506755919E-03 -5.80196406765687E-03  2.61933120542167E-02 -3.64067106069370E-02
  1.95635829052005E-02 -5.19594315142737E-03  1.49693688629781E-04  8.59447265827564E-05  6.87263942800114E-03
 -1.04296201480965E-02  4.32219681994778E-02 -1.95128148845799E-01  2.71213276208511E-01 -1.45739712589697E-01
  3.87073945386082E-02 -1.06941502912738E-11 -2.52368918455082E-10 -3.93163907911499E-09  1.63967290978223E-09
  5.71635552778953E-13  1.83233179579102E-11  2.83077677552465E-10 -1.20744920054976E-10  8.23701798600037E-12
  6.62192807117671E-11  2.05392936984448E-09 -1.14205713565573E-09 -1.60347961935797E-11 -1.03774006575107E-10
 -1.12492936683693E-09  6.62057325662803E-11 -1.14655554858799E-11 -9.24331108569471E-11 -3.26625328014846E-09
  1.91194377983846E-09
* ORBITAL    1   25
  2.42275494586629E-13 -3.07599111715834E-12  2.18342374104495E-11 -1.21136653747901E-10  5.58853756386713E-10
 -2.38395471426766E-09  9.28006646384801E-09 -2.65750411721976E-08  5.16951420784386E-08 -9.01715028574704E-08
  1.59382441256316E-07 -2.21340100527165E-07  1.61077279378827E-07 -3.76818207441533E-08 -1.49226668172422E-04
 -8.56766008527773E-05 -6.85119798998459E-03  1.03970807296065E-02 -4.30871225578209E-02  1.94519379236865E-01
 -2.70367132621602E-01  1.45285025788892E-01 -3.85866322553531E-02 -4.28745253632417E-05 -2.46158633405826E-05
 -1.96842747486184E-03  2.98719960050715E-03 -1.23794222316849E-02  5.58876381659796E-02 -7.76795642255573E-02
  4.17420459781961E-02 -1.10863790793974E-02 -1.95078268923048E-03 -1.12001712108937E-03 -8.95630687642587E-02
  1.35917030834732E-01 -5.63261338266707E-01  2.54287683682138E+00 -3.53440526264830E+00  1.89925512160827E+00
 -5.04428170561746E-01 -1.06687669712445E-12 -2.13108226690749E-11 -3.70980533251793E-10  1.66445102143666E-10
 -1.09471908371799E-11 -2.53772838112093E-10 -3.92737786153462E-09  1.62415815897043E-09 -1.88128458082747E-11
 -1.21076116715904E-10 -1.39390625816083E-09  1.39895353415635E-10 -1.26971200867187E-11 -1.04022219533635E-10
 -3.40627635772122E-09  1.94098179440685E-09 -6.66129411985520E-13 -1.70636746781127E-12 -1.67579447498879E-10
  1.12159659243032E-10
* ORBITAL    1   26
  1.35953285035005E-14  1.32734684412005E-13  5.26480250201952E-13  3.26921831109509E-12  7.59809152847682E-12
  4.24500640549706E-11  5.12670706617515E-11  2.86428339783704E-10 -1.84412494823668E-10  7.83437693940752E-10
 -3.07689727315686E-09  3.84843275865391E-09 -2.65265652527884E-09  6.42871043152241E-10 -5.40960133661673E-12
 -1.60386461727456E-12 -2.66238477842217E-10  4.49921193588722E-10 -1.73747267212978E-09  6.13265406337599E-09
 -6.82923006933183E-09  3.73091300225254E-09 -9.73389726511436E-10  9.15370431574673E-12 -1.00737118236540E-11
  4.48699641649005E-10 -8.69401379315637E-10  2.76771173424928E-09 -1.15526157115390E-08  1.30810822881738E-08
 -7.28433693499190E-09  1.91483629729717E-09 -1.61517259211369E-12  9.23842318975476E-13 -7.20639396534190E-11
  1.17044248804321E-10 -3.74666640826045E-10  1.92915473302491E-09 -2.26218691599701E-09  1.25124838068639E-09
 -3.31402390836496E-10  4.92255182463171E-04 -1.61609959539535E-03  1.41043998700380E-02 -7.34653481449078E-03
  3.19929306034895E-03 -1.05034470007947E-02  9.16681230177566E-02 -4.77470196067072E-02  1.87687028555970E-02
 -6.16186363584251E-02  5.37772479559394E-01 -2.80108638410043E-01 -1.90029029713386E-03  6.23875276484532E-03
 -5.44482926346659E-02  2.83603897474034E-02  4.47422532535230E-02 -1.46891165279674E-01  1.28198270600366E+00
 -6.67744155565640E-01
* ORBITAL    1   27
 -2.14123031272431E-15 -2.05893483238720E-14 -7.73296295090098E-14 -5.16266033867793E-13 -1.09045920280367E-12
 -6.73265200580745E-12 -6.54849208871683E-12 -4.67335923589309E-11  3.56173327297640E-11 -1.64929457369466E-10
  5.85663630748261E-10 -7.00254759621018E-10  4.36160914593171E-10 -1.09205246481797E-10  4.50635350537371E-13
 -5.76987270794938E-13  2.42954632686888E-11 -5.23577753140336E-11  1.73146910530795E-10 -5.86353678109975E-10
  6.37771467494731E-10 -3.56013513415663E-10  9.26636573584648E-11 -2.99465527734034E-12  1.35548397704896E-12
 -1.31194288363019E-10  2.03920501116010E-10 -6.56139694922049E-10  3.53458479269783E-09 -4.17271470693248E-09
  2.30438522599632E-09 -6.11174477920686E-10 -9.09120974715107E-12  8.36545120925113E-12 -4.45580713515545E-10
  8.48338048875836E-10 -2.76520632171391E-09  1.13236412217329E-08 -1.28012729933853E-08  7.11285492995693E-09
 -1.86832447630566E-09 -3.87753468728034E-03  1.27301498532488E-02 -1.11101521496188E-01  5.78692608783504E-02
  4.79514085501748E-02 -1.57426990516741E-01  1.37393340797578E+00 -7.15638361614941E-01 -1.69925968242694E-03
  5.57875870680567E-03 -4.86882391437504E-02  2.53601604624405E-02  6.72767297775651E-03 -2.20873034209409E-02
  1.92765446169233E-01 -1.00405410686139E-01 -2.38755164510780E-03  7.83845733625896E-03 -6.84096060359619E-02
  3.56323953515537E-02
* ORBITAL    1   28
  1.83300567138846E-16 -7.67184637330565E-15 -2.75516174477914E-14 -1.95599572550646E-13 -3.65721040314271E-13
 -2.57191400028737E-12 -1.92758275642388E-12 -1.83577024269707E-11  1.63003541182294E-11 -7.60685295803369E-11
  2.55873969540847E-10 -3.00917107450776E-10  1.74321870474193E-10 -4.46994591825669E-11 -7.47489849396906E-12
  8.93880886063703E-12 -3.66101762203794E-10  7.15104425917023E-10 -2.24666982160421E-09  9.49917099954019E-09
 -1.07697070851545E-08  6.00400482574340E-09 -1.57907578871065E-09 -8.10312279289687E-12 -2.26187583767974E-12
 -3.96566448535294E-10  6.66020430421360E-10 -2.56142900239666E-09  9.19120042508741E-09 -1.02663410138416E-08
  5.61031932953945E-09 -1.46496053956991E-09 -6.22645763107050E-13  8.82722765078596E-13 -2.92730566791606E-11
  5.60218794931644E-11 -1.65124973511260E-10  7.97652323807139E-10 -9.20785535868749E-10  5.14585986777221E-10
 -1.35995688820489E-10  4.83177611794622E-02 -1.58629745426525E-01  1.38443037002724E+00 -7.21105896408105E-01
  4.16440213339318E-03 -1.36719507294641E-02  1.19321024927839E-01 -6.21505396766160E-02  2.88724624632681E-03
 -9.47898093611855E-03  8.27271647667958E-02 -4.30899578661587E-02 -1.85637350951172E-03  6.09457164667352E-03
 -5.31899616813352E-02  2.77049650401852E-02 -2.11936859990847E-03  6.95799832758436E-03 -6.07254596185330E-02
  3.16299670563111E-02
* ORBITAL    1   29
  1.49764776586594E-15  1.47847842617063E-14  6.61314356901172E-14  3.26036568678266E-13  1.05869851276196E-12
  4.01870159717321E-12  8.98448585776795E-12  2.27400754517769E-11  4.88939868421905E-12 -1.90254835099799E-11
 -5.76205185625854E-11  1.01493920106317E-10 -1.80980267002275E-10  3.60135004368444E-11  8.41223810913007E-12
  1.30347187087471E-12  4.09256329832461E-10 -6.91113017032943E-10  2.60594265433785E-09 -9.62661621343506E-09
  1.07980538315226E-08 -5.91220662722189E-09  1.54598715532330E-09  1.59807288448693E-12 -8.80103427773061E-13
  7.87822766277410E-11 -1.45667638102159E-10  5.00814064705554E-10 -1.93727130303566E-09  2.17601403397080E-09
 -1.20340161604983E-09  3.15330362026240E-10 -1.68253803761438E-12  1.46785681634906E-12 -6.61331927210103E-11
  9.03863174149571E-11 -2.29589582741102E-10  2.01906399899197E-09 -2.48660720592570E-09  1.38025351137526E-09
 -3.69992112855837E-10 -3.99838630449111E-03  1.31269120519643E-02 -1.14564236744128E-01  5.96728794903964E-02
  1.85579209498676E-03 -6.09266282939073E-03  5.31733026059641E-02 -2.76962878532162E-02  4.32670245224742E-02
 -1.42047911949466E-01  1.23971354049268E+00 -6.45727487163800E-01 -1.12454466540050E-02  3.69193914717364E-02
 -3.22211491081343E-01  1.67829752338835E-01 -1.87161905194492E-02  6.14462356126980E-02 -5.36267863825913E-01
  2.79324931807617E-01
* ORBITAL    1   30
  4.36134449516778E-16  1.63213601397783E-15  1.19268906770698E-14  3.51125345746187E-14  2.33064321804892E-13
  3.80719490814817E-13  2.55153521658668E-12  6.05542610987670E-13  8.26963711064449E-12 -4.30616429330185E-11
  9.51459801340881E-11 -9.10267740248233E-11  4.26460985175571E-12 -5.30018626335268E-12 -1.77767541730353E-12
  1.26177199327245E-12 -7.17981325050717E-11  1.00757899863798E-10 -2.79683786617494E-10  2.11346829904524E-09
 -2.57614493112045E-09  1.42721299153002E-09 -3.81573119745705E-10  8.61658685939498E-13 -9.12292479419973E-13
  4.01993678231174E-11 -7.31976539244254E-11  2.25042705608563E-10 -1.07694956599985E-09  1.24519213912899E-09
 -6.92950224840732E-10  1.83082803444462E-10 -7.30137072788944E-12 -3.21425711374654E-12 -3.54516255131098E-10
  5.78218512473508E-10 -2.27233015809987E-09  8.16046733918936E-09 -9.13247686900565E-09  4.97805773668019E-09
 -1.29994128819301E-09  1.53349223530348E-03 -5.03453547746106E-03  4.39385677354382E-02 -2.28862071791390E-02
 -6.15329665897167E-03  2.02015958262997E-02 -1.76308060698726E-01  9.18332802495873E-02  1.15195066893897E-02
 -3.78191449477694E-02  3.30064028663105E-01 -1.71919890254977E-01  4.67914890379284E-02 -1.53618913901579E-01
  1.34069867713487E+00 -6.98327443843428E-01 -2.42181489986479E-03  7.95094540361969E-03 -6.93913380545588E-02
  3.61437484507706E-02
* ORBITAL    1   31
 -7.94461740029694E-06  5.46344404939089E-06 -4.91074367650433E-04  7.67033218102980E-04 -1.06412521517680E-02
  1.61607792967340E-02 -1.57329429094281E-01  2.58580847847639E-01 -9.56506588722376E-01  3.86280211622516E+00
 -6.95181151719243E+00  6.03819048869040E+00 -2.72804537352096E+00  6.75275321144324E-01 -7.20660256310685E-10
  1.89582334042797E-10 -2.62017040148444E-08  2.87471247025275E-08 -3.08060923612357E-07  5.21675763082418E-07
 -3.72314542744370E-07  1.69032230704394E-07 -4.35151498477226E-08 -5.05663310344674E-10  9.75774242304630E-10
 -1.96622559314951E-08  3.36922315751398E-08 -2.46889681310593E-07  4.81326117641018E-07 -3.13580654910834E-07
  1.47810813959550E-07 -3.78603565428986E-08  3.77543621055206E-11  5.79682365752882E-10  4.74760224569691E-10
  7.88483808882673E-09 -5.25610023631791E-09  5.30181301911188E-08 -1.69085974448585E-08  1.14962126842281E-08
 -2.81275248029724E-09 -3.04710894598630E-12 -2.77914915155303E-13  3.40441218396180E-11  2.33495264364283E-11
 -6.35449100224724E-12 -5.89559385901127E-13  7.07671941678877E-11  4.87061234295726E-11 -1.20645042489564E-11
  2.10561068461078E-10 -4.15440037757347E-10  3.89203002466079E-10 -4.83093894682021E-12  6.65487810989170E-15
  5.44814746060049E-11  3.77206471675864E-11 -6.19255611668017E-13  2.20275887829011E-10 -7.40927830777719E-10
  3.81240088547653E-10
* ORBITAL    1   32
 -9.57143393325494E-13  6.14956266596010E-12 -7.19428199789075E-11  2.79170568611666E-10 -1.69188626632942E-09
  5.69657701560956E-09 -2.51753749305478E-08  6.35210959981441E-08 -1.98424334706918E-07  5.20345094637183E-07
 -7.36947519743627E-07  5.11397668203624E-07 -1.73920167544664E-07  4.23985822827219E-08 -1.91927619789678E-05
  1.03746822914590E-03 -9.09424488125662E-04  1.47467653011966E-02 -4.95696553196070E-02  5.53898787045997E-02
 -3.32247811716107E-02  1.47395739848900E-02 -3.75492535347105E-03  1.23881211460778E-03 -6.69641920440607E-02
  5.86995172277083E-02 -9.51841489644802E-01  3.19951203975413E+00 -3.57518291924306E+00  2.14451938834458E+00
 -9.51377312988723E-01  2.42364610983682E-01 -2.76842164142948E-05  1.49647551208345E-03 -1.31178128586829E-03
  2.12711791736401E-02 -7.15007670550588E-02  7.98960328844885E-02 -4.79244273772413E-02  2.12608063143561E-02
 -5.41621751434635E-03  1.30880786508556E-09 -1.40517337461778E-08  1.10074742962754E-08 -4.04409632375803E-09
  6.61087799341276E-10 -7.94649324589449E-09  6.01028471055210E-09 -2.41854327610676E-09 -1.10161583062961E-09
  1.23377291967722E-08 -9.43817132568902E-09  3.62753223736373E-09 -4.07923367407756E-11  4.51743801439964E-10
 -3.50143877884757E-10  1.32119347815593E-10 -1.91753490455388E-09  2.14320559191887E-08 -1.64052673554469E-08
  6.29532627463103E-09
* ORBITAL    1   33
 -2.71055315252129E-12  2.96500936382464E-11 -2.32399757593142E-10  1.20047837004936E-09 -5.81889933526195E-09
  2.41764931332266E-08 -9.37438942381842E-08  2.68803343910492E-07 -6.12807445843585E-07  1.08050253779405E-06
 -1.24552460171334E-06  8.33327906398109E-07 -3.08505408569545E-07  6.67906072962604E-08  1.23714077164630E-03
 -6.68738524488396E-02  5.86203252056931E-02 -9.50557365249949E-01  3.19519560622646E+00 -3.57035963314662E+00
  2.14162621709551E+00 -9.50093802612922E-01  2.42037623466035E-01  1.75924932047050E-05 -9.50964873495176E-04
  8.33597520388515E-04 -1.35171925299401E-02  4.54365769499426E-02 -5.07715148934451E-02  3.04545248470750E-02
 -1.35106004328483E-02  3.44184322282735E-03 -7.04504777225276E-05  3.80821283764425E-03 -3.33820553427071E-03
  5.41306435993443E-02 -1.81954296053584E-01  2.03318467259308E-01 -1.21957507445549E-01  5.41042457372479E-02
 -1.37831261763541E-02  1.91332324438240E-09 -2.13862752065946E-08  1.63699888050963E-08 -6.28194471220463E-09
 -9.77211083884533E-11  1.08451456600519E-09 -8.30707922932443E-10  3.17556657324419E-10 -8.33225407193823E-10
  9.01695109951411E-09 -7.04219354325003E-09  2.60604446012947E-09  6.26490479772501E-10 -7.59208437041547E-09
  5.72489897943470E-09 -2.31907618298951E-09  1.30930900742422E-09 -1.40574090834933E-08  1.10113683978990E-08
 -4.04600607733696E-09
* ORBITAL    1   34
  5.94042928368987E-13 -9.56483624070135E-12  5.82012404123972E-11 -3.66025056541854E-10  1.53657907971895E-09
 -7.31860520229130E-09  2.62604023031888E-08 -8.12793665926751E-08  1.45580453734309E-07 -1.32881080406254E-07
  5.45351461948907E-08 -2.41874556023236E-08  2.03886088519456E-08 -3.93582809421545E-10  7.00314580991930E-05
 -3.78556182139700E-03  3.31835039899117E-03 -5.38086806609831E-02  1.80872048533808E-01 -2.02109147347491E-01
  1.21232114201403E-01 -5.37824390104383E-02  1.37011460732039E-02  2.87277493695021E-05 -1.55288264061822E-03
  1.36122712451001E-03 -2.20729648682303E-02  7.41958769612094E-02 -8.29075893895989E-02  4.97308625698870E-02
 -2.20622000537246E-02  5.62037458355220E-03  1.23695609288810E-03 -6.68638694683021E-02  5.86115741358340E-02
 -9.50415468582066E-01  3.19471862715705E+00 -3.56982664000522E+00  2.14130650800179E+00 -9.49951970678667E-01
  2.42001490783739E-01  1.38342210216124E-10 -1.53328104215497E-09  1.17929137421266E-09 -4.48472588395270E-10
  1.91033046548265E-09 -2.13737634090697E-08  1.63551627197375E-08 -6.28153045459132E-09  7.41920779244182E-10
 -8.95401858251964E-09  6.76203435930808E-09 -2.73021590954577E-09  1.37539329782722E-09 -1.48276660618678E-08
  1.15960414231932E-08 -4.27733355649384E-09  3.16831246967391E-11 -3.21337325586096E-10  2.60325621975254E-10
 -8.96396404550806E-11
* ORBITAL    1   35
 -2.15313994477746E-15 -2.57032102844442E-14 -6.79984703359335E-14 -7.01959279988809E-13 -6.70543099898628E-13
 -9.46230001926624E-12  3.17529101625371E-12 -6.78231866301735E-11  6.78739623276088E-11 -5.64962872498894E-10
  1.14094884873313E-09 -5.34178729941044E-10  4.48556927830299E-10 -8.26182484693073E-11  1.13469220253075E-11
 -4.96044494414343E-10  4.55571962445620E-10 -6.92860380997288E-09  2.36998541839624E-08 -2.45850049203120E-08
  1.55265728473178E-08 -6.74211558698197E-09  1.72318378270519E-09 -2.27270734606394E-11  1.09824822150291E-09
 -1.00950631836761E-09  1.54899048786819E-08 -5.17000728454246E-08  5.41498921627940E-08 -3.36349091166466E-08
  1.46903762756923E-08 -3.75114282906276E-09  2.96255273886467E-12 -1.73695776748034E-10  1.51339818500902E-10
 -2.47365538949291E-09  7.98898147187405E-09 -8.47640538537723E-09  5.14694214997593E-09 -2.26348254414474E-09
  5.77296096776369E-10 -1.84327761070005E-03  2.32688017221536E-02 -1.72857804526141E-02  5.99598574302556E-03
 -4.64920590636428E-03  5.86897219236709E-02 -4.35990499258315E-02  1.51233716337677E-02 -3.84313469505850E-02
  4.85142002988574E-01 -3.60399226918802E-01  1.25013078369252E-01  3.90936422054493E-03 -4.93502554248786E-02
  3.66610060435433E-02 -1.27167454291896E-02 -1.09245518638590E-01  1.37907187583563E+00 -1.02447620460974E+00
  3.55364036568295E-01
* ORBITAL    1   36
 -8.44202794131445E-16 -2.86823001659134E-15 -3.46830525410110E-15 -3.89093450175034E-14 -2.17702798257046E-14
 -5.27391375250203E-13  3.65691508563135E-13 -3.63429980920360E-12  7.00357024647465E-12 -5.83330069075461E-11
  9.09094206302614E-11 -1.32707518551607E-11  3.11651304169686E-11 -4.81036667093330E-12 -9.60077651153489E-13
  6.45705483984291E-11 -5.40274572842780E-11  9.24269247562665E-10 -2.92815180182402E-09  3.13067253686099E-09
 -1.87537193429661E-09  8.28038772857367E-10 -2.11042632660408E-10 -6.99258563451901E-12  4.11727061539236E-10
 -3.57370815057928E-10  5.86285696398913E-09 -1.89309784071982E-08  2.00873700580270E-08 -1.21955796670896E-08
  5.36310367122403E-09 -1.36784380505486E-09 -2.32756288770733E-11  1.10752782909893E-09 -1.01770830312420E-09
  1.55980937164081E-08 -5.22524399077621E-08  5.46491512750532E-08 -3.40301842673530E-08  1.48498716725150E-08
 -3.79240550755626E-09 -3.86287780157059E-03  4.87634294022177E-02 -3.62250684336939E-02  1.25655300590292E-02
  1.12320735504740E-01 -1.41789218762709E+00  1.05331479264482E+00 -3.65367389505458E-01 -3.58785777700303E-03
  4.52916862527377E-02 -3.36460018115002E-02  1.16709192115235E-02  2.83223541810840E-02 -3.57530108298848E-01
  2.65599708622738E-01 -9.21296015866051E-02 -2.43921461439844E-03  3.07916728847934E-02 -2.28743234661525E-02
  7.93450534428915E-03
* ORBITAL    1   37
  2.11828061212029E-16 -3.12381797608398E-16  2.68961923609283E-15  1.07482438595176E-14  3.18229751776484E-14
  1.49299379644912E-13  1.76461128782676E-13  6.99340966509291E-13 -5.17392037605228E-13  1.62171547414657E-11
 -2.47505432612634E-11 -4.34006836292802E-12 -8.29596601260968E-12  9.49660024476334E-13  1.97431805321102E-11
 -9.56423149678768E-10  8.78940934158564E-10 -1.34921821434513E-08  4.50085040897259E-08 -4.71510570960314E-08
  2.92770320310563E-08 -1.27885911188967E-08  3.26546289597294E-09  1.55604415109466E-11 -6.88787724233473E-10
  6.30712734704768E-10 -9.62942636517351E-09  3.28494357136886E-08 -3.41118186965779E-08  2.15044524883074E-08
 -9.34315367724020E-09  2.38774559776577E-09  6.15194676096977E-13 -3.30475772876947E-11  2.98860897888573E-11
 -4.69533586348244E-10  1.53413572871474E-09 -1.62035708054121E-09  9.91857033714928E-10 -4.35289796828929E-10
  1.11062535421243E-10 -1.15788637023784E-01  1.46166959388235E+00 -1.08583587569159E+00  3.76648103781571E-01
 -4.71685458382969E-03  5.95436918641993E-02 -4.42334417222767E-02  1.53434255775738E-02 -2.22839023271970E-03
  2.81303099350094E-02 -2.08972669677732E-02  7.24871608479904E-03  2.89339889777352E-03 -3.65251142110074E-02
  2.71335461446767E-02 -9.41191844287094E-03  3.04187872256720E-03 -3.83994643290726E-02  2.85259515218672E-02
 -9.89490749912836E-03
* ORBITAL    1   38
 -1.30938176656745E-15 -4.44521832550156E-15  1.02828049731311E-14 -2.07655135669996E-13  4.38690068464820E-13
 -3.20679293853955E-12  9.13766646179566E-12 -3.15618472486290E-11  7.54865132920035E-11 -3.18560642406706E-10
  5.40087494181237E-10 -3.28228255233083E-10  1.96855275037049E-10 -4.06204898396750E-11 -1.55087119655290E-11
  7.17473548731909E-10 -6.51291795886297E-10  1.00633572274065E-08 -3.40028695755420E-08  3.54407457101014E-08
 -2.21992035404682E-08  9.66479983006167E-09 -2.46909996886311E-09 -3.65386420939588E-12  1.67089023654378E-10
 -1.55515148882526E-10  2.34804974734428E-09 -7.92513572423333E-09  8.26460458911007E-09 -5.17258497127398E-09
  2.25380329916324E-09 -5.75731463297919E-10  4.33785303165034E-12 -3.06233436111992E-10  2.59632272940322E-10
 -4.40284495138658E-09  1.38141880058336E-08 -1.48288417385895E-08  8.82086210935311E-09 -3.90551961369484E-09
  9.94978895183647E-10  4.36101356386093E-03 -5.50516966855123E-02  4.08964567160785E-02 -1.41859126394159E-02
 -1.16100253906125E-02  1.46560332121351E-01 -1.08875813821268E-01  3.77661760318428E-02 -1.02503249647818E-01
  1.29396015999846E+00 -9.61248950751508E-01  3.33432153662838E-01  3.69082935960382E-02 -4.65915584634160E-01
  3.46116426698089E-01 -1.20058748029715E-01  3.78007702705821E-02 -4.77181854383892E-01  3.54485842011016E-01
 -1.22961879596388E-01
* ORBITAL    1   39
 -1.69859487798750E-16 -4.54639174209474E-15  3.47334460008713E-15 -1.01104703239892E-13  1.40819927502635E-13
 -1.49542704888224E-12  3.44285420985759E-12 -1.39807209298761E-11  2.89009326711187E-11 -1.24128865327796E-10
  2.24566222285718E-10 -1.47314898020834E-10  8.46262090594160E-11 -1.76654940364008E-11  2.86483991649317E-12
 -2.23406334056872E-10  1.85784894830754E-10 -3.22394083434441E-09  9.98757514548315E-09 -1.07766068846485E-08
  6.35175392998170E-09 -2.82048272220653E-09  7.18201843271238E-10 -3.55079978961397E-12  1.89663829474092E-10
 -1.69446624064930E-10  2.68926490475013E-09 -8.81707443020075E-09  9.29955772693126E-09 -5.70618999162142E-09
  2.50146264552581E-09 -6.38337244866557E-10  1.18059039622858E-11 -5.37209256243537E-10  4.84434375119781E-10
 -7.51707670607967E-09  2.55280283436771E-08 -2.65541766463803E-08  1.66900301019078E-08 -7.25660258984934E-09
  1.85424849478374E-09 -2.73884774604042E-03  3.45741220879252E-02 -2.56842054395823E-02  8.90918000811602E-03
  2.56367615030802E-02 -3.23628256952648E-01  2.40414915421604E-01 -8.33936546408486E-02 -3.80805018784330E-02
  4.80713074685741E-01 -3.57109092643690E-01  1.23871816723197E-01 -1.06131121346282E-01  1.33975696604203E+00
 -9.95270192764173E-01  3.45233233899031E-01  8.55355584981553E-03 -1.07976679119025E-01  8.02130333826497E-02
 -2.78238061550581E-02
* ORBITAL    1   40
 -1.25516063629748E-06  2.82648313474710E-04 -7.27336069559481E-04  9.45860039872698E-03 -2.20662672057213E-02
  1.67605765863016E-01 -3.38022514355146E-01  2.15410241905689E+00 -6.16709073714407E+00  8.44480121135461E+00
 -6.24188919629824E+00  3.16776645826894E+00 -1.40504642254221E+00  3.26651676710095E-01 -4.41793267176678E-09
  2.94078690370178E-08 -2.86555123955591E-07  1.09404875232993E-06 -1.15520980050366E-06  8.11045929686854E-07
 -4.19382136923232E-07  1.86491612993686E-07 -4.78580177304411E-08 -1.27172642761950E-09  7.34233483303934E-09
 -7.90273931026521E-08  2.92478268669163E-07 -3.31334357553491E-07  1.84767771039919E-07 -1.28587790672374E-07
  5.02691211139371E-08 -1.29695719307783E-08  1.50754385363784E-09 -1.08416627133622E-08  1.00242462831838E-07
 -3.89185337534414E-07  3.95186383167289E-07 -3.11029700399201E-07  1.37625366056651E-07 -6.60744728674487E-08
  1.68985938448369E-08  3.71515853253414E-11 -3.26131446710811E-11  5.95650166478908E-12 -2.38881704447139E-11
  7.74145388011292E-11 -6.79950869292531E-11  1.25085911671551E-11 -4.97967721327886E-11 -1.98536777240045E-10
  1.52009920048729E-10  4.72579904992097E-11 -1.40233101889013E-10  5.84286602390770E-11 -5.11981681517132E-11
  8.94104104571043E-12 -3.82369665608745E-11 -3.94538584044795E-10  2.90578941793205E-10  9.62336568377432E-11
 -7.20366033841602E-11
* ORBITAL    1   41
  4.23565091555005E-16 -2.90290512910575E-16  9.15659667373157E-15 -5.72496324822904E-14  2.62132582518955E-13
 -1.13234117852626E-12  3.42784356547989E-12 -1.61844955899607E-11  5.10358895141830E-11 -6.73567640338114E-11
  4.87566139008180E-11 -3.84984424989076E-11  9.33403926134202E-12 -2.84617548694190E-12 -1.36950116920571E-11
  9.19509869964659E-11 -8.43539788421307E-10  3.07295984569627E-09 -3.13268468204914E-09  1.89917364581907E-09
 -1.13483651082558E-09  4.73416267305341E-10 -1.23174562105157E-10  3.76312515025023E-12 -1.98436653763420E-11
  2.28604641642062E-10 -7.17815624151789E-10  7.22496954820957E-10 -4.23931742498240E-10  2.66403166803830E-10
 -1.08060318206427E-10  2.82073650460349E-11 -2.25714634019238E-11  1.00994076556659E-10 -1.36156498642196E-09
  3.87674699374111E-09 -3.87047392866612E-09  2.20234949126546E-09 -1.44808723842662E-09  5.73216748085322E-10
 -1.50053267662733E-10 -1.59349720914734E-01  1.30613892566639E-01 -6.22393107553616E-02  2.04238276646059E-02
  6.43428094394592E-02 -5.27397522337835E-02  2.51312150946505E-02 -8.24680736121250E-03 -8.33994877184310E-01
  6.83599046581839E-01 -3.25744319051707E-01  1.06892986991879E-01  9.62291674599826E-01 -7.88759846476040E-01
  3.75854882141965E-01 -1.23336766530966E-01  5.19491718610657E-01 -4.25810821222072E-01  2.02904694933182E-01
 -6.65831686007517E-02
* ORBITAL    1   42
 -1.06389479000909E-16 -3.51488731414876E-14  3.63760651424558E-14 -1.13328616441447E-12  1.69941762180353E-12
 -1.91307923317448E-11  3.14892867006337E-11 -2.42723652330840E-10  6.20157243447397E-10 -7.19421782971434E-10
  4.74840469846210E-10 -2.80530433340350E-10  9.54527220397126E-11 -2.51283908728004E-11  2.42577525528946E-11
 -1.09033340461922E-10  1.46357032630245E-09 -4.17755494950196E-09  4.17212550846560E-09 -2.37515250293591E-09
  1.56048101596601E-09 -6.17976659024535E-10  1.61762352760440E-10 -2.90322254604381E-12  1.84591661607027E-11
 -1.77644857044422E-10  6.31726155702744E-10 -6.39369588163385E-10  3.92460792509804E-10 -2.31064541802740E-10
  9.71056522853951E-11 -2.52522912111581E-11 -1.36927617056083E-11  8.87575245875779E-11 -8.41594086663033E-10
  2.99740397627004E-09 -3.05079446313743E-09  1.83985210109397E-09 -1.10817977638027E-09  4.60247709991204E-10
 -1.19808333197960E-10 -3.89780677470004E-02  3.19490810773581E-02 -1.52241752117603E-02  4.99581256744632E-03
 -1.60798474878528E-01  1.31801390062974E-01 -6.28051695951580E-02  2.06095142232077E-02  7.17415245670263E-01
 -5.88042434504655E-01  2.80210283146829E-01 -9.19509946898161E-02  9.77408664933916E-01 -8.01150762130652E-01
  3.81759323352851E-01 -1.25274308709407E-01 -6.50821731555104E-01  5.33457851307768E-01 -2.54199980799745E-01
  8.34157148779446E-02
* ORBITAL    1   43
  2.49371857285194E-16  1.43076707148746E-14 -3.58574223840189E-14  4.79834994987290E-13 -1.09286562822029E-12
  8.49236408330583E-12 -1.70269870761095E-11  1.12356716803105E-10 -3.14532170232946E-10  3.78389983879212E-10
 -2.51336157225602E-10  1.82019771112722E-10 -4.68016181851293E-11  1.40844015788885E-11 -2.13024158088040E-11
  1.55886555595295E-10 -1.31595905583948E-09  5.11113379798710E-09 -5.21254771221775E-09  3.24558346460128E-09
 -1.86725835597858E-09  7.95240838850111E-10 -2.06474470255893E-10 -2.11085742791818E-11  1.02744790474863E-10
 -1.27868655343841E-09  3.81397080931691E-09 -3.82929244779375E-09  2.19967226003436E-09 -1.42468501083282E-09
  5.68678744493843E-10 -1.48709348092852E-10 -1.97612989108922E-12  1.21701770242076E-11 -1.21157973937669E-10
  4.17016704985106E-10 -4.23713628553726E-10  2.52788543616470E-10 -1.54670440546926E-10  6.36865544292785E-11
 -1.65940563612057E-11  1.33948741816141E+00 -1.09793518762454E+00  5.23181171532884E-01 -1.71681883283428E-01
 -5.10299460886511E-02  4.18276220243400E-02 -1.99314354253380E-02  6.54049984317738E-03  1.08836776687207E-01
 -8.92100405065881E-02  4.25098075281654E-02 -1.39495918652914E-02  1.60863699001992E-01 -1.31854852201041E-01
  6.28306450373078E-02 -2.06178739884521E-02  2.93944767146060E-01 -2.40937166480041E-01  1.14809863501235E-01
 -3.76748527239381E-02
* ORBITAL    1   44
 -1.20214696116161E-15 -9.35594716092823E-15 -6.68215642599517E-15 -2.91435778346823E-13  1.16196818306182E-13
 -4.57986331833421E-12  4.99942981316192E-12 -5.40793428389145E-11  1.13366223949300E-10 -1.20850395112143E-10
  8.00268406100878E-11 -1.59875390896189E-11  1.98383383781927E-11 -3.51991209491168E-12  1.56829566955918E-12
 -6.31694261009510E-12  9.43284917885798E-11 -2.52870091178714E-10  2.51068832763224E-10 -1.39890754666732E-10
  9.48425737416228E-11 -3.69372570156863E-11  9.68766538542553E-12  7.66095058439842E-12 -1.59292610693087E-11
  4.51535146998763E-10 -8.86295647574350E-10  8.45186422453381E-10 -4.13814388561653E-10  3.37969365709574E-10
 -1.19762571217538E-10  3.17917825532658E-11 -1.83360386716426E-11  1.43534126305974E-10 -1.13746034918360E-09
  4.62376854577606E-09 -4.72755300677941E-09  2.97407825837444E-09 -1.68449781081288E-09  7.23781870232292E-10
 -1.87741082437730E-10  2.46958139406266E-03 -2.02423723784657E-03  9.64576799507010E-04 -3.16525843271791E-04
  1.35671383947361E+00 -1.11205513668967E+00  5.29909520872436E-01 -1.73889790885349E-01  2.56727771261296E-01
 -2.10431579936859E-01  1.00273533229095E-01 -3.29047564492683E-02  8.86134220560945E-02 -7.26336006241525E-02
  3.46109066326972E-02 -1.13575678103466E-02  8.07258967309971E-02 -6.61684472514849E-02  3.15301724009272E-02
 -1.03466249793959E-02
* ORBITAL    1   45
  1.15818858437912E-15  1.18196893962211E-13 -2.11665698367747E-13  3.84586082964046E-12 -7.35403900389337E-12
  6.65056463580025E-11 -1.22752591992087E-10  8.62633116762737E-10 -2.31403759800574E-09  2.74633352950373E-09
 -1.82753122516626E-09  1.20901848120507E-09 -3.54400071925599E-10  9.98215147191970E-11 -7.19635146355912E-12
  3.18160578343237E-11 -4.34605217476624E-10  1.22124612354282E-09 -1.22209117588674E-09  6.84032675423481E-10
 -4.59587747448180E-10  1.79951751088367E-10 -4.71591890864800E-11  2.51396884761198E-11 -1.83056926916630E-10
  1.55258653950007E-09 -6.00934349047306E-09  6.12778510719064E-09 -3.81152255783546E-09  2.19616776585606E-09
 -9.34528316236240E-10  2.42659074460606E-10  4.58004417411455E-12 -9.26690388934865E-12  2.69552200337696E-10
 -5.25021098060990E-10  4.99043455146303E-10 -2.45235861825041E-10  1.99561527415105E-10 -7.08084229964271E-11
  1.87954091023415E-11 -3.15931057342368E-01  2.58958628514668E-01 -1.23397337267116E-01  4.04928319421436E-02
 -2.18366788438430E-01  1.78988303723511E-01 -8.52903809698342E-02  2.79880355554891E-02  7.95594127790361E-01
 -6.52123174974433E-01  3.10745634635280E-01 -1.01971169222079E-01  7.67741170181385E-02 -6.29292992458814E-02
  2.99866739627989E-02 -9.84012602020066E-03  1.06517413132983E+00 -8.73089320493723E-01  4.16039032808392E-01
 -1.36523194179433E-01
* ORBITAL    1   46
  6.17360909581436E-12  5.86035777108181E-11  2.39433762937192E-10  1.42901146653039E-09  4.38083256232551E-09
  1.63985964713770E-08  9.04949629730889E-08  3.45882803362719E-07 -1.72269526505530E-06  2.56514189457441E-06
 -1.82094550014358E-06  8.88988624982874E-07 -4.35809862806294E-07  1.08051602619826E-07  2.30488263800558E-02
 -7.01753344827201E-02  1.35514856412764E+00 -3.12566911686966E+00  2.85003857098736E+00 -1.76035655160292E+00
  1.01108827687581E+00 -4.23608284785420E-01  1.10450426091917E-01 -1.16360419758207E-04  3.54275372031945E-04
 -6.84137461665254E-03  1.57797262246562E-02 -1.43882243499383E-02  8.88703929917091E-03 -5.10440983254164E-03
  2.13855736536818E-03 -5.57601368948367E-04 -1.01725916070591E-02  3.09718598003533E-02 -5.98094353381785E-01
  1.37951299089819E+00 -1.25786354303974E+00  7.76932759378786E-01 -4.46243463255586E-01  1.86959370742653E-01
 -4.87472579551926E-02  1.77690688434959E-09 -1.68072989165756E-09  7.64454920816090E-10  2.14512000966053E-11
 -7.89090275182976E-10  7.46680732496497E-10 -3.39565345624233E-10 -9.95263837650377E-12 -1.14017600672188E-09
  1.05219277406235E-09 -4.31719924011330E-10  2.62906000061594E-12 -8.96895883710494E-10  5.77596026169420E-10
 -2.24510104608460E-10  2.06512666560730E-10  2.00688830325161E-09 -1.69352455800313E-09  6.87447420500549E-10
 -1.34321100913534E-10
* ORBITAL    1   47
 -3.14210799526331E-13  4.24702978755285E-12 -2.88815170624909E-11  1.63355063597662E-10 -7.52740333803247E-10
  3.02987469551614E-09 -1.35914529482211E-08  4.65987172214028E-08 -8.09386675776429E-08  6.46790107089425E-08
 -1.59730950979563E-08  7.00509153499060E-09 -1.35206023737284E-08  2.40429530879263E-09  9.97679103445836E-03
 -3.03757181335386E-02  5.86582320509138E-01 -1.35296032365106E+00  1.23365236718443E+00 -7.61978468816588E-01
  4.37654233634530E-01 -1.83360803552249E-01  4.78089771409454E-02 -4.66857484038123E-03  1.42141211363626E-02
 -2.74487403174536E-01  6.33109032638151E-01 -5.77279647597598E-01  3.56562893979395E-01 -2.04797467589399E-01
  8.58025014355594E-02 -2.23719002476328E-02  2.26585879646441E-02 -6.89872003479789E-02  1.33220461991105E+00
 -3.07274858139486E+00  2.80178471721585E+00 -1.73055204834838E+00  9.93969594584619E-01 -4.16436194394341E-01
  1.08580396008339E-01  3.69428673965636E-10 -3.90388220079696E-10  1.94165661652324E-10  3.61352820664222E-11
  1.76011338436311E-09 -1.62728546239859E-09  7.39311891434975E-10 -9.40493898976754E-12 -3.07364553249300E-10
  3.50576923102287E-11  6.84217146998647E-12  2.03227895237487E-10  1.95701098983917E-09 -1.72775256760142E-09
  7.05544994429687E-10 -6.81853077450670E-11  1.22683323627860E-09 -1.07159446356109E-09  4.51438829582637E-10
 -5.39984846360409E-11
* ORBITAL    1   48
  5.29502395842817E-13  2.22666757922842E-11 -1.93449110004761E-11  6.85085969641357E-10 -8.86685221711563E-10
  1.06094568646721E-08 -1.39628120534882E-08  1.84000142109601E-07 -5.50076459021186E-07  6.79670396419042E-07
 -4.04329909046582E-07  1.93783604069946E-07 -1.21405449227286E-07  2.86517275807767E-08  1.98967350679107E-03
 -6.05783592910575E-03  1.16982234444942E-01 -2.69821157512249E-01  2.46027546558859E-01 -1.51961523376636E-01
  8.72814743604339E-02 -3.65676827743166E-02  9.53455402650091E-03  2.47575127023839E-02 -7.53776700080171E-02
  1.45561025218672E+00 -3.35738537258556E+00  3.06132141694366E+00 -1.89085762394125E+00  1.08604361324599E+00
 -4.55011769606499E-01  1.18638473492371E-01  4.22496511415048E-03 -1.28634901165829E-02  2.48405508657570E-01
 -5.72950774772745E-01  5.22426315971045E-01 -3.22682154986936E-01  1.85337535336363E-01 -7.76495155016475E-02
  2.02461148914485E-02  2.29935380441251E-09 -1.95513332886487E-09  8.00187254501994E-10 -1.42567727168565E-10
  3.11152002898048E-10 -4.87817175535856E-10  2.23793974615871E-10  1.62010494722993E-10 -1.21126070302491E-09
  1.09679508893420E-09 -4.93797793758065E-10  2.51269897515832E-11  3.64920054883715E-10 -3.23160280627934E-10
  1.31949987726344E-10 -1.18869000072382E-11 -1.74790544553896E-09  1.66968794746972E-09 -7.66185185349452E-10
 -3.38165526090319E-11
* ORBITAL    1   49
  1.03221573932829E-04 -4.51303037176671E-04  7.28995119573881E-03 -2.29184053546243E-02  1.73448168188040E-01
 -4.85656201650696E-01  3.20845413428990E+00 -7.03851071177803E+00  7.57620120636944E+00 -5.09222728576592E+00
  2.94949109114680E+00 -1.56273599403897E+00  5.99172383852705E-01 -1.51509644962777E-01 -1.45460421069494E-08
  2.74247255241049E-07 -7.80303900383786E-07  6.19125482417003E-07 -4.55674555273557E-07  1.67158160520597E-07
 -1.83114773332379E-07  5.96643700223835E-08 -1.60793950292329E-08 -5.85058221297167E-10  8.43653079676051E-09
 -2.82042763215093E-08  1.81021774495087E-08 -2.72093525921172E-08 -1.98215021052651E-08 -1.82495126672314E-08
  1.93264223896018E-09 -5.62687691835773E-10  7.62721811862719E-09 -1.45726796805352E-07  4.11470362085710E-07
 -3.29545301426865E-07  2.32650887274471E-07 -1.06619673395824E-07  8.82423647317729E-08 -3.16332183140572E-08
  8.48998459159851E-09 -6.00382356511174E-12  3.68337614876457E-12 -6.19086318568941E-12 -1.01992077090476E-11
 -1.25136250158217E-11  7.66130091498414E-12 -1.28527884237257E-11 -2.12608349534212E-11  2.30741145915719E-11
 -2.65197067039760E-11  7.72537822264560E-11 -9.44091132422256E-11 -9.46749241102523E-12  5.83285972652920E-12
 -9.92627166614361E-12 -1.64301712238147E-11  5.44387682948186E-11 -5.92505268595492E-11  1.48606663373011E-10
 -7.03442143942554E-11
* ORBITAL    1   50
 -2.46526219644886E-11  7.63531369359739E-11 -1.66591326272463E-09  4.31825309009868E-09 -3.84659484128425E-08
  8.22142436113809E-08 -7.53247708445079E-07  1.86287006368438E-06 -2.25908359754194E-06  1.71852791626447E-06
 -1.00809373419875E-06  5.18264476072637E-07 -2.25720816513809E-07  5.98516648060114E-08 -5.89921785988221E-02
  1.57600353277174E+00 -2.58165312512483E+00  1.97612226353164E+00 -1.27584896805379E+00  8.04765183172418E-01
 -4.10830650620404E-01  1.87061381292424E-01 -4.91314569327423E-02  5.20516607557504E-04 -1.39058436936240E-02
  2.27791779110747E-02 -1.74362853970501E-02  1.12574343658254E-02 -7.10083368789296E-03  3.62495814916106E-03
 -1.65053332616787E-03  4.33510707963929E-04  2.21407626704971E-02 -5.91500789192454E-01  9.68938095175998E-01
 -7.41672118426163E-01  4.78847703602920E-01 -3.02041988475822E-01  1.54191693991492E-01 -7.02073012572121E-02
  1.84398668174582E-02  3.26206213495624E-10 -3.24937149484039E-10  8.89565839982737E-11  1.30698287997278E-10
 -1.24026314128854E-10  1.23755316897679E-10 -3.38342438928491E-11 -5.00390400320300E-11 -1.77847087951003E-10
  1.73661897711755E-10 -2.10587902879930E-11 -6.66278200994543E-11 -7.37007558539495E-12 -5.06227216643455E-11
  3.99949369846738E-11  6.69976467569570E-11  2.49838312257807E-10 -2.10208349852450E-10  6.37937614066644E-12
  5.28744978322307E-11
* ORBITAL    1   51
  3.56310785711074E-12 -1.50668402489614E-11  2.50167113314279E-10 -7.75387230170433E-10  5.89776859585096E-09
 -1.64632904588122E-08  1.10781804833776E-07 -2.42564332689679E-07  2.65875055715483E-07 -1.96017279890946E-07
  1.30136437045767E-07 -6.68800955270426E-08  2.03117662790183E-08 -5.81002698788520E-09 -2.19463279291144E-02
  5.86306373549120E-01 -9.60429115077852E-01  7.35158932366073E-01 -4.74642577561433E-01  2.99389528407786E-01
 -1.52837619230667E-01  6.95907576644086E-02 -1.82779326741477E-02  7.08456497705680E-03 -1.89267454009278E-01
  3.10039224764897E-01 -2.37319029848494E-01  1.53220903423538E-01 -9.66469017190328E-02  4.93380057996993E-02
 -2.24648174391813E-02  5.90035888310599E-03 -5.86406777892796E-02  1.56661302329784E+00 -2.56627051592257E+00
  1.96434766867593E+00 -1.26824690638495E+00  7.99970041815811E-01 -4.08382743088552E-01  1.85946788779233E-01
 -4.88387102057923E-02  9.25412004651207E-11 -9.66985498483200E-11  3.24534905382212E-11  4.25676290774025E-11
  3.16198283573917E-10 -3.09417764384245E-10  8.33990806640897E-11  1.20011541560014E-10  6.76588379514672E-11
 -1.25497661807935E-10  5.34077250246192E-11  9.72469112657186E-11  2.77176848903606E-10 -2.53755791372858E-10
  2.13861923920441E-11  8.36688628130260E-11  1.31304046280816E-10 -1.16374826070961E-10  1.27564241945235E-11
  3.49858159244428E-11
* ORBITAL    1   52
  5.08861843832213E-14 -8.47017553716496E-12  2.28735628144992E-11 -3.20513035201966E-10  7.84629377980873E-10
 -9.50303935893216E-09  5.40164185102314E-09  4.95809543073424E-08 -1.15950198984048E-07  9.87148386896570E-08
 -2.53930628216702E-08  1.26273587454603E-08 -2.37491535595889E-08  5.87010181967531E-09 -2.97371862151131E-03
  7.94442776999266E-02 -1.30137757384634E-01  9.96137381729407E-02 -6.43138772514112E-02  4.05671599865674E-02
 -2.07094354949286E-02  9.42951959609310E-03 -2.47665257212755E-03 -6.26106981907579E-02  1.67267396194850E+00
 -2.74000903203027E+00  2.09733553290222E+00 -1.35410820020657E+00  8.54128641814588E-01 -4.36030570723722E-01
  1.98535533362233E-01 -5.21451346201669E-02 -6.45127874111518E-03  1.72348915686724E-01 -2.82324945558244E-01
  2.16105177918591E-01 -1.39524549079774E-01  8.80076732675646E-02 -4.49277010387028E-02  2.04566965303822E-02
 -5.37292796015664E-03  2.78584830352203E-10 -2.36518590531200E-10  1.03904229927405E-11  6.14655521260187E-11
  1.26447371872721E-10 -1.72008144606926E-10  5.45032004509697E-11  1.06096353887046E-10 -1.97650796248160E-10
  1.90118513482596E-10 -4.92542607620550E-11 -7.08965642662081E-11  3.13064340530905E-11 -2.91316905904134E-11
  2.71244832464970E-12  1.00290010532383E-11 -3.36130614447071E-10  3.36376599021769E-10 -9.42134831864667E-11
 -1.36591399295503E-10
* ORBITAL    1   53
 -1.13100248035814E-04  3.55097240072011E-03 -1.52161903232079E-02  1.32599134311254E-01 -4.61712814008418E-01
  3.27164031007503E+00 -5.68315089619346E+00  5.32196183442957E+00 -3.73634553368852E+00  2.42529276847040E+00
 -1.38636744533486E+00  6.77592028198029E-01 -3.02898225575669E-01  7.22455010843779E-02 -8.74498061795643E-09
  8.57790505347526E-08 -1.20587068268476E-08  2.95544005610154E-08 -9.83915893935132E-09  2.84574931003474E-08
  4.84562774482339E-09  2.81119525469591E-09 -5.64299771647401E-10 -2.60323270544757E-09  2.50557708623672E-08
 -3.93951468384138E-09  7.82391417726529E-09 -5.82207433403469E-09  1.52384631651244E-09 -1.80706372546733E-09
  7.74305274690080E-10 -1.72059965715444E-10  2.94038344361471E-09 -2.92074289180866E-08  3.77245145663865E-09
 -1.06328568941784E-08  1.19948719380033E-09 -1.46306115459288E-08 -4.01634751641512E-09 -9.93750662197444E-10
  1.85260192906917E-10 -1.56110797994225E-12  9.36876481620627E-13 -1.82006327975335E-12 -3.28301357211429E-12
 -3.25267376406092E-12  1.94771707035853E-12 -3.77670927966988E-12 -6.84460176548086E-12  6.37062402559550E-12
 -7.53664043939704E-12  2.35059216157731E-11 -2.94214343934032E-11 -2.46318081173652E-12  1.48592487030019E-12
 -2.92014627050269E-12 -5.28823987777716E-12  1.48089537912038E-11 -1.66781901356565E-11  4.50795326684227E-11
 -2.13737002441266E-11
* ORBITAL    1   54
 -2.63713291233771E-12  4.92728882863080E-11 -2.75589742611127E-10  1.89880057254196E-09 -7.89994340638926E-09
  4.54705591111546E-08 -1.08706643567326E-07  1.71356212901723E-07 -1.94563667244405E-07  1.57789609739650E-07
 -9.18575021184135E-08  4.56191558021036E-08 -2.24274730310081E-08  6.15148915357678E-09  1.19527232908370E+00
 -1.19513247925387E+00  9.27390451755654E-01 -6.70956213397273E-01  4.39605977150076E-01 -2.63073324272109E-01
  1.52478821169272E-01 -6.61639532061810E-02  1.75660744522206E-02 -5.21738778914594E-03  5.21677734000213E-03
 -4.04807799618605E-03  2.92873738164252E-03 -1.91888894427704E-03  1.14832035342292E-03 -6.65573123567730E-04
  2.88806986791133E-04 -7.66762658661611E-05 -5.28603780691034E-01  5.28541932715683E-01 -4.10134232180461E-01
  2.96727350242678E-01 -1.94413754714382E-01  1.16342987643611E-01 -6.74330688895169E-02  2.92607089901319E-02
 -7.76851700082252E-03  5.05481590597080E-11 -5.34270412794755E-11  1.51097746789857E-11  2.21642573626966E-11
 -2.24887179089032E-11  2.37805583447114E-11 -6.72381510418366E-12 -9.89295148561746E-12 -2.85779612130188E-11
  3.04354427423451E-11 -4.12206148766912E-12 -1.24254202355674E-11 -3.27761465168428E-12 -5.53092792954881E-12
  6.75284376838075E-12  1.10209904761120E-11  3.80509034377689E-11 -3.47889390080142E-11  9.42026810103894E-13
  8.62851770502047E-12
* ORBITAL    1   55
  8.54617146954522E-15  1.81805686651444E-12 -4.08648309435371E-12  6.24014153856969E-11 -2.14443876055167E-10
  1.46780730940551E-09  2.42635368205022E-10 -3.57560998585138E-09  4.12815934840250E-09 -4.23694866568327E-09
  4.91535279312613E-09 -2.34570912798286E-09 -1.58713584799581E-10 -5.15754257516998E-11  5.20987686650401E-01
 -5.20926729365178E-01  4.04225040834072E-01 -2.92452118968085E-01  1.91612652164806E-01 -1.14666724355144E-01
  6.64614969849459E-02 -2.88391223094087E-02  7.65658857770925E-03 -2.09785923904524E-01  2.09761378184096E-01
 -1.62769151285129E-01  1.17761589167179E-01 -7.71565975646108E-02  4.61728083316008E-02 -2.67620269517897E-02
  1.16126389201805E-02 -3.08307564350583E-03  1.18012152570455E+00 -1.17998344753071E+00  9.15635213848389E-01
 -6.62451435272921E-01  4.34033703832755E-01 -2.59738710079105E-01  1.50546059334066E-01 -6.53252847763542E-02
  1.73434138005497E-02  1.54699354240584E-11 -1.72939249269470E-11  6.43652182969223E-12  8.17886332093270E-12
  4.77128064079533E-11 -4.92515829806358E-11  1.36640389231198E-11  1.93264467416367E-11  1.09559270071347E-11
 -2.04504053968521E-11  9.47029388301244E-12  1.69853542953888E-11  4.32071774965474E-11 -4.31691723996940E-11
  4.00777693959210E-12  1.48916071970071E-11  2.53897110697238E-11 -2.44664404983470E-11  3.03384415523844E-12
  7.61336373624504E-12
* ORBITAL    1   56
 -4.83524121241224E-13  1.36761885775849E-11 -6.20418045600626E-11  5.08258151154771E-10 -1.99477385463501E-09
  1.21829265185738E-08 -2.05815196794695E-08  2.50080702856259E-08 -2.80263532160616E-08  2.03428303640638E-08
 -5.83501594211123E-09  3.01624597967447E-09 -4.62728266625964E-09  1.13391842800195E-09  8.95600831159568E-02
 -8.95496040118009E-02  6.94880688516600E-02 -5.02738101722071E-02  3.29390607173798E-02 -1.97117161162512E-02
  1.14250247061078E-02 -4.95757241305400E-03  1.31620135840109E-03  1.28999525756326E+00 -1.28984431940695E+00
  1.00088427882379E+00 -7.24128142618722E-01  4.74443866564970E-01 -2.83921355435738E-01  1.64562460598325E-01
 -7.14073127913959E-02  1.89581495038880E-02  1.89779731621319E-01 -1.89757526168453E-01  1.47246704086227E-01
 -1.06531278988799E-01  6.97985741166754E-02 -4.17695480434381E-02  2.42098716980317E-02 -1.05052019676283E-02
  2.78905884170371E-03  4.46187417105452E-11 -4.13096067843871E-11  2.07350352834839E-12  1.08633376115462E-11
  2.25684865740197E-11 -3.09602495118196E-11  1.01215568039919E-11  1.95032984232856E-11 -3.07722177777738E-11
  3.10760718710387E-11 -8.12291176771278E-12 -1.14782808118072E-11  7.01403442363681E-12 -7.04187098828966E-12
  6.72946342240334E-13  2.46676756850355E-12 -5.19054584444782E-11  5.52377320130026E-11 -1.62525966618182E-11
 -2.33226349413678E-11
* ORBITAL    1   57
  9.90024778350650E-04 -7.64715386118683E-03  8.11507680349548E-02 -3.75574771563312E-01  2.88023223483960E+00
 -4.33854379843277E+00  3.84038557849972E+00 -2.88749054421283E+00  1.99780886531016E+00 -1.25312711090363E+00
  7.25747177261101E-01 -3.74721227470903E-01  1.56941859329828E-01 -3.87494672327976E-02  3.33918931264688E-10
  1.08547296819464E-09  6.76213151159702E-10 -1.09498423426860E-10 -5.23362350624698E-10 -1.24923600785482E-09
 -6.32025949408454E-10 -5.42896705359525E-12 -3.75156484107935E-13  3.33238004046173E-10  1.12529590710197E-09
  7.45511227431690E-10 -1.05766394238866E-10 -5.29230521905329E-10 -1.24873883962682E-09 -6.05052133851329E-10
 -1.00266497366254E-11 -8.03846061800713E-13  7.69587625726994E-11  2.84020619934604E-10  2.15996882474811E-10
 -9.78759998403760E-12 -7.87889882916611E-11 -1.79711599704444E-10 -7.04527088076741E-11 -4.43459623459858E-12
 -3.30030195047549E-13 -1.61503566932661E-13  9.34970986712352E-14 -1.95340001678472E-13 -3.71709384812572E-13
 -3.36093380612497E-13  1.94336414397286E-13 -4.08658957113695E-13 -7.74571963654954E-13  6.74421990602195E-13
 -8.46373185020936E-13  2.65148392931412E-12 -3.31208237566178E-12 -2.54564070642002E-13  1.49204776099084E-13
 -3.17573598002709E-13 -5.97194834249398E-13  1.54853840044427E-12 -1.81277209085348E-12  5.03335746270007E-12
 -2.39476686767349E-12
* ORBITAL    1   58
 -2.40986476378234E-03  4.11719098427769E-02 -2.73276133716103E-01  2.43398974974880E+00 -3.32161451011372E+00
  2.76065952515187E+00 -2.05014806158233E+00  1.49902629264425E+00 -1.03945279062655E+00  6.64106613619766E-01
 -3.87308690559893E-01  1.99150865948169E-01 -8.47048098850714E-02  2.08125503083627E-02  1.34158418562855E-10
  8.37224214450124E-10  6.24095534927997E-10  4.74594698882232E-11  4.63511137473239E-11  1.13246625793257E-10
  7.40653265928640E-11  2.72345459221414E-13  1.04949461378439E-12  8.14202072950569E-11  5.06328196323766E-10
  3.75371117596954E-10  1.51694987408576E-11 -2.67904442741373E-11 -6.45605887335601E-11 -2.66801081611519E-11
 -1.38891988910474E-12  1.93766190755788E-13 -1.48404174866775E-11 -9.37619373970955E-11 -7.15709012896339E-11
 -1.50443586050916E-11 -4.50711115247510E-11 -1.09373074898309E-10 -6.03398672456671E-11 -1.17325543474989E-12
 -4.45608358030467E-13 -7.11840307321961E-15  3.85903848990306E-15 -8.57458423327504E-15 -1.57092400171264E-14
 -1.41706694968656E-14  9.25327427499693E-15 -1.86146042339314E-14 -3.23068163765307E-14  2.83476799505937E-14
 -3.37866364143539E-14  1.08840678790524E-13 -1.39733124305586E-13 -1.14633737476085E-14  5.84893361526079E-15
 -1.07129895155676E-14 -2.77503199235752E-14  6.86041541627180E-14 -7.64638832451436E-14  2.11727482260635E-13
 -9.99450424572240E-14
* ORBITAL    1   59
  1.43003937894189E-02 -1.67659437523898E-01  1.99484650174932E+00 -2.44580678889590E+00  1.90043011120787E+00
 -1.37208923114047E+00  1.00864688307076E+00 -7.46691515523194E-01  5.23338300724380E-01 -3.36288519758037E-01
  1.96808091336390E-01 -1.01451085366448E-01  4.31448033299405E-02 -1.06106383321845E-02  8.92955378550459E-12
  6.32299470398592E-11  4.73535489494529E-11 -6.03653260279138E-13 -1.63385816150583E-11 -3.91399252782365E-11
 -2.10004101316096E-11 -5.31629254560272E-13 -1.09394322207363E-13  1.14699470759056E-11  8.12509966184356E-11
  6.15610804976248E-11  1.49004303472898E-12 -1.08680277544226E-11 -2.58882729707601E-11 -1.34273954817940E-11
 -4.21128582336812E-13 -4.88719407632168E-14  3.47436035882209E-12  2.46143053151598E-11  1.89532687855843E-11
  1.38042698256818E-12  8.93656217561016E-13  2.23629686540021E-12  1.53074484015021E-12 -1.89384812078326E-14
  2.23146858339013E-14  3.05279860732431E-16 -1.26447559689964E-16  2.33799758354854E-16 -4.60501844141142E-16
 -4.11313285508949E-16  1.31540369503222E-16 -8.09855978369049E-17 -2.62526969708727E-17 -5.81527622218753E-16
  1.18831929543135E-15  5.81090585075898E-16 -1.57853136159751E-15 -4.35544876404168E-16  8.75830293268413E-16
 -1.35616772197371E-15  2.85147497947687E-16  3.67148557321564E-16  1.16011675196910E-16  2.57823975658156E-15
 -6.29108711664955E-16
* ORBITAL    1   60
 -7.52174006139914E-02  1.59432294959510E+00 -1.67595477652587E+00  1.20585350700875E+00 -8.47560432778390E-01
  6.14631788656027E-01 -4.58292504687453E-01  3.42399375947360E-01 -2.41162557205287E-01  1.55376165892914E-01
 -9.10511535710622E-02  4.69658536816267E-02 -1.99803719408775E-02  4.91447816580075E-03  4.54257323836350E-12
  3.29840577940914E-11  2.57864946772771E-11  1.75815863154977E-12  1.34946338939106E-12  3.04935127292404E-12
  2.12810553073065E-12 -3.69015727217016E-14  3.44927465956413E-14  2.82097915836490E-12  2.04648874512063E-11
  1.58896890714811E-11  6.56722044356761E-13 -1.05851004289308E-12 -2.69970182991556E-12 -1.22129886558420E-12
 -7.54016272958957E-14  4.94507979511426E-15 -3.30867922543595E-13 -2.40945422153753E-12 -1.97083074971981E-12
 -4.61009797249524E-13 -1.55568190441584E-12 -3.74884993438933E-12 -2.10909843625335E-12 -3.43170543803636E-14
 -1.69247274553087E-14 -5.74662699197669E-16  1.85578811176716E-15 -1.49858293337869E-15  2.75738656750215E-16
  6.16912662317424E-16 -1.00726854829477E-15  1.14933861137990E-15 -9.51340987186458E-16  2.61733817471573E-16
 -1.41717188516369E-15  4.75775413621006E-17  3.88367876795272E-16 -1.68381633869449E-16  7.38848725923572E-16
 -9.18184534856419E-16 -3.50679413879525E-17  1.35293181509997E-15 -1.09251745279212E-15  5.70328534721965E-16
 -3.24021778793758E-16
* ORBITAL    1   61
  1.25985165350771E+00 -9.86131970475275E-01  6.37205633796623E-01 -4.34660401738958E-01  3.10449251663472E-01
 -2.28333916284548E-01  1.71537285408113E-01 -1.28623020394252E-01  9.07493707772516E-02 -5.85179027558347E-02
  3.43058982126029E-02 -1.76992768986767E-02  7.53035883572342E-03 -1.85229395866433E-03  5.25679836169061E-13
  3.85593641497308E-12  3.00808209360485E-12  1.69750607034272E-13 -2.71386195571213E-14 -7.37793143255389E-14
  4.17555126139618E-15 -7.98534194799986E-15  1.49235816265550E-15  3.94999620263633E-13  2.88394348732424E-12
  2.24839254791331E-12  1.02274496362641E-13 -1.13965937042436E-13 -2.84462660348342E-13 -1.23323720297071E-13
 -9.46793076922392E-15  1.77408358210101E-15  2.20610774244121E-14  1.60331274949368E-13  1.16675695660572E-13
 -2.29521521461427E-14 -1.22399237513195E-13 -3.06778611096794E-13 -1.64467150042353E-13 -5.97427171973132E-15
 -6.29794243976698E-16  5.30270601570286E-16  1.24232921920442E-16  5.95458866735764E-16 -3.24888607953539E-16
  3.67054795223030E-16  7.69474646184625E-16 -1.62277435862001E-15  1.13507269767725E-15 -1.26212190265536E-16
  8.36375681525622E-16 -1.61418996745478E-15  6.60015227598275E-16  1.72349808014209E-16  4.07326654342911E-16
  1.60755978628027E-16 -6.84116509657784E-16  3.86325698299258E-16  1.11225697545450E-17 -4.21438600591343E-16
  9.57468427591568E-17
#OCC
* OCCUPATION NUMBERS
  1.99686920072992E+00  1.80732670852140E+00  6.30264407569525E-04  6.30264427680993E-04  6.30264401768055E-04
  1.25090142677597E-03  6.42207998374749E-02  6.42207973766834E-02  6.42207988707236E-02  0.00000000000000E+00
  0.00000000000000E+00  0.00000000000000E+00  0.00000000000000E+00  0.00000000000000E+00  0.00000000000000E+00
  0.00000000000000E+00  0.00000000000000E+00  0.00000000000000E+00  0.00000000000000E+00  0.00000000000000E+00
  0.00000000000000E+00  0.00000000000000E+00  0.00000000000000E+00  0.00000000000000E+00  0.00000000000000E+00
  0.00000000000000E+00  0.00000000000000E+00  0.00000000000000E+00  0.00000000000000E+00  0.00000000000000E+00
  0.00000000000000E+00  0.00000000000000E+00  0.00000000000000E+00  0.00000000000000E+00  0.00000000000000E+00
  0.00000000000000E+00  0.00000000000000E+00  0.00000000000000E+00  0.00000000000000E+00  0.00000000000000E+00
  0.00000000000000E+00  0.00000000000000E+00  0.00000000000000E+00  0.00000000000000E+00  0.00000000000000E+00
  0.00000000000000E+00  0.00000000000000E+00  0.00000000000000E+00  0.00000000000000E+00  0.00000000000000E+00
  0.00000000000000E+00  0.00000000000000E+00  0.00000000000000E+00  0.00000000000000E+00  0.00000000000000E+00
  0.00000000000000E+00  0.00000000000000E+00  0.00000000000000E+00  0.00000000000000E+00  0.00000000000000E+00
  0.00000000000000E+00
#OCHR
* OCCUPATION NUMBERS (HUMAN-READABLE)
  1.9969  1.8073  0.0006  0.0006  0.0006  0.0013  0.0642  0.0642  0.0642  0.0000
  0.0000  0.0000  0.0000  0.0000  0.0000  0.0000  0.0000  0.0000  0.0000  0.0000
  0.0000  0.0000  0.0000  0.0000  0.0000  0.0000  0.0000  0.0000  0.0000  0.0000
  0.0000  0.0000  0.0000  0.0000  0.0000  0.0000  0.0000  0.0000  0.0000  0.0000
  0.0000  0.0000  0.0000  0.0000  0.0000  0.0000  0.0000  0.0000  0.0000  0.0000
  0.0000  0.0000  0.0000  0.0000  0.0000  0.0000  0.0000  0.0000  0.0000  0.0000
  0.0000
#ONE
* ONE ELECTRON ENERGIES
  0.0000E+00  0.0000E+00  0.0000E+00  0.0000E+00  0.0000E+00  0.0000E+00  0.0000E+00  0.0000E+00  0.0000E+00  2.7467E-02
  2.7467E-02  2.7467E-02  3.8841E-02  1.3524E-01  1.3524E-01  1.3524E-01  1.8410E-01  1.8410E-01  1.8410E-01  1.8410E-01
  1.8410E-01  2.5623E-01  5.1155E-01  5.1155E-01  5.1155E-01  6.0298E-01  6.0298E-01  6.0298E-01  6.0298E-01  6.0298E-01
  1.1006E+00  1.6734E+00  1.6734E+00  1.6734E+00  1.7499E+00  1.7499E+00  1.7499E+00  1.7499E+00  1.7499E+00  4.3053E+00
  5.1856E+00  5.1856E+00  5.1856E+00  5.1856E+00  5.1856E+00  5.6385E+00  5.6385E+00  5.6385E+00  1.6760E+01  2.1883E+01
  2.1883E+01  2.1883E+01  5.6015E+01  9.3765E+01  9.3765E+01  9.3765E+01  1.6982E+02  5.3864E+02  1.8833E+03  7.7967E+03
  4.5679E+04
#INDEX
* 1234567890
0 222222222s
1 ssssssssss
2 ssssssssss
3 ssssssssss
4 ssssssssss
5 ssssssssss
6 s
