#INPORB 2.2
#INFO
* RASSCF spin density orbitals for root number  1
       0       1       0
      61
      61
*BC:HOST dzemail-jasarevic-compchemp-comp PID 257628 DATE Fri Feb 13 17:18:26 2026
#ORB
* ORBITAL    1    1
  5.30275003606389E-05  4.15868571993708E-04  2.21437054348300E-03  9.51271317882455E-03  3.46616452034957E-02
  1.05607129457949E-01  2.44969294369744E-01  3.86142603513842E-01  3.13429705522487E-01  6.63528342934468E-02
 -4.70642815224586E-03 -5.90554054941204E-03 -2.92227474231044E-03  9.54030853549309E-05 -9.18476043937915E-12
 -3.18478241167020E-11 -1.14148336421275E-10 -3.29343861283923E-10  1.14237866035680E-10 -7.64445092094286E-11
  1.54911925668733E-10  1.07236048139999E-11 -2.66351135175979E-12 -6.06174780106533E-12 -4.20631558206321E-11
 -1.81734146346461E-10 -2.84624696684002E-10  3.88611737541808E-11  1.92011080372694E-12  1.62295015019541E-10
  2.69148276793016E-11 -6.60276465687168E-12  8.55996849020986E-13 -9.68214705263811E-12 -6.12091308793040E-11
 -1.45815255457793E-11 -3.70738677357889E-11  4.32695947625780E-11  2.72707124955062E-11  1.25357706405394E-11
 -2.33946503967071E-12  1.53301556974110E-12  1.14221161379382E-13  1.11286751915480E-13 -3.30577124767967E-13
  3.19339195279282E-12  2.04091022891779E-13  4.24748422058210E-13 -7.82227503827913E-13 -1.67165389578228E-11
 -8.02354880492239E-12 -1.65938606984389E-12 -7.75241113268581E-12  2.43856237215319E-12  1.48791880552652E-13
  3.16185922341662E-13 -6.08543067420699E-13 -2.97500568754287E-11 -1.00070371830195E-11 -2.80743279568310E-12
 -7.64020754581279E-12
* ORBITAL    1    2
 -9.32043632735054E-06 -7.31265523488397E-05 -3.89810081231314E-04 -1.68204412759414E-03 -6.20439377785916E-03
 -1.95340208464578E-02 -4.87088508650586E-02 -9.26936506981629E-02 -1.30247648984751E-01 -6.23094716698788E-02
  2.87449724231524E-01  6.24244579566802E-01  2.34306193334639E-01 -1.82463247887519E-03  5.25804971613520E-11
  4.27463452341155E-10  1.22986538842965E-09  9.41827142256866E-10  6.99093190766440E-09  1.04326049352990E-09
 -5.88568825287893E-09 -3.40410631152012E-09  6.92640278299719E-10  5.18662696883648E-11  3.92415800921367E-10
  1.10291056439498E-09  1.79328142977774E-09  6.34355317468824E-09  4.36789166740469E-09 -9.47385025677575E-09
 -2.68324581287413E-09  4.86813723693111E-10  2.10878870271675E-12 -1.84172004263289E-12  3.19611030542067E-11
  6.67561030703583E-10  5.32603633620895E-10  2.53878543863342E-09 -3.26980373625996E-09  3.07747140267729E-11
 -8.89039324095764E-11  1.65119953445308E-11  1.18218180152587E-11 -2.46322125850325E-11  3.14336413225105E-11
  3.43451304874495E-11  2.46574786443858E-11 -5.13079590196184E-11  6.55312171354044E-11 -2.40758992607238E-10
 -1.78968497383263E-10  3.74346525549443E-10  5.20783461084747E-10  2.62250391775153E-11  1.83046210793407E-11
 -3.85052973666772E-11  5.11858568781761E-11 -3.89885818985010E-10 -2.37142185515059E-10  5.20470316161550E-10
  4.75539286555686E-10
* ORBITAL    1    3
 -5.63555452362628E-12 -6.39243063517748E-12 -2.90987187761256E-10  2.12883744849444E-10 -6.15134569354597E-09
  1.04011251666296E-08 -8.05251959810955E-08  1.60646527014053E-07 -1.75093517681709E-07  1.67185023108454E-07
 -1.40857962972013E-07  6.58311550078526E-08 -1.05125122927925E-08  4.56607261120952E-09  2.87573060642967E-02
  2.11100810236671E-01  1.63894775267545E-01  5.98792399688038E-03 -1.54444346067228E-02 -3.83490516534463E-02
 -1.85436947081722E-02 -8.67750883573313E-04 -2.21663972549990E-06 -1.26589518812622E-02 -9.29264705885797E-02
 -7.21464003389752E-02 -2.63587934810531E-03  6.79863354594126E-03  1.68812386310541E-02  8.16292476848082E-03
  3.81984546367942E-04  9.73680159076762E-07  7.28873717382171E-02  5.35049533116242E-01  4.15402589589505E-01
  1.51768039449637E-02 -3.91449772933783E-02 -9.71983092213263E-02 -4.70002683244111E-02 -2.19937507440523E-03
 -5.61976977070093E-06 -2.26807075857294E-10  2.59082311404506E-10 -9.42773968800733E-11 -1.36436176908666E-10
 -8.20734834981543E-10  8.48939325904989E-10 -2.16220138501964E-10 -3.70182556990321E-10 -1.98237469106480E-10
  3.76584141104280E-10 -1.58470516570262E-10 -3.21500822309478E-10 -7.36207743601094E-10  7.22013753076215E-10
 -4.02656754350426E-11 -2.71786804185508E-10 -4.04831266701482E-10  3.87072869104489E-10 -3.87388437148142E-11
 -1.36951655072308E-10
* ORBITAL    1    4
 -6.14389828375497E-12 -1.73452535757199E-10  1.13218691548237E-10 -5.31203378052971E-09  6.36622015342404E-09
 -9.07951422991595E-08  1.23521774410671E-07 -2.28501483167906E-07  3.62910746976540E-07 -2.46905337460943E-07
  3.64782901844786E-08 -2.83686786306084E-08  6.75829157585788E-08 -1.70398118757551E-08  5.30512377733289E-03
  3.89437026296856E-02  3.02351734962702E-02  1.10464766747079E-03 -2.84917709035564E-03 -7.07460098370331E-03
 -3.42092589734603E-03 -1.60082153917914E-04 -4.08661342369939E-07  7.83521622816273E-02  5.75165328499569E-01
  4.46547784486233E-01  1.63146944434926E-02 -4.20799270231197E-02 -1.04485865849377E-01 -5.05241606843617E-02
 -2.36428357935261E-03 -6.02266553618546E-06  1.15149601078134E-02  8.45286933414723E-02  6.56265209276301E-02
  2.39767685835762E-03 -6.18423951214792E-03 -1.53556730881437E-02 -7.42524112486490E-03 -3.47464131745688E-04
 -8.87257688556131E-07 -7.58602522388067E-10  6.89588541958161E-10 -1.09262546709419E-11 -2.05793599144900E-10
 -3.77414463099236E-10  5.32459565764028E-10 -1.61541520593504E-10 -3.60845301597048E-10  5.19829438045741E-10
 -5.24442084789697E-10  1.24975777350814E-10  2.15901085407933E-10 -1.18666130907238E-10  1.17836011922852E-10
 -7.44600676229056E-12 -4.58165285648609E-11  8.77176711413623E-10 -9.37834318181001E-10  2.54559443425455E-10
  4.37190614334754E-10
* ORBITAL    1    5
  2.13021142519369E-11 -5.67893617498471E-10  2.70604149168151E-09 -2.01853359764034E-08  7.01924076698266E-08
 -4.00944028999740E-07  1.08500828106196E-06 -2.10918956785423E-06  2.71316983812808E-06 -2.25946170105761E-06
  1.31139712891537E-06 -6.59687020427981E-07  3.29902335850540E-07 -9.34291497362177E-08  7.37880331555388E-02
  5.41661077616826E-01  4.20535665163513E-01  1.53643418855363E-02 -3.96286901754212E-02 -9.83993803176379E-02
 -4.75810455671299E-02 -2.22655099197021E-03 -5.68869689572093E-06 -6.99715294332252E-04 -5.13644988381440E-03
 -3.98784504920247E-03 -1.45696491213945E-04  3.75789999953570E-04  9.33099435645956E-04  4.51200310893939E-04
  2.11139387105637E-05  5.38300783149135E-08 -2.92341824680525E-02 -2.14601447601401E-01 -1.66612604261098E-01
 -6.08721912491558E-03  1.57005431900642E-02  3.89849852067370E-02  1.88511990162472E-02  8.82140595001868E-04
  2.25443310673628E-06 -8.64135529230103E-10  9.17346918705008E-10 -2.39315132683931E-10 -4.21341155264156E-10
  3.47046876644292E-10 -3.69052403966758E-10  9.60711428687292E-11  1.70356499280997E-10  4.77785966540103E-10
 -5.01089031816994E-10  4.88509351868553E-11  2.20048207935867E-10  3.22050405086939E-11  1.33403152040377E-10
 -1.18996305580109E-10 -2.12045552740989E-10 -6.63855392525658E-10  5.95632669287087E-10  3.56234502506602E-12
 -1.69294849658178E-10
* ORBITAL    1    6
  8.45008375258207E-05  6.89847425713546E-04  3.51794532852378E-03  1.69082157053039E-02  6.80333268166718E-02
  3.39483595795988E-01  7.41157069735968E-01 -1.87390344415870E-01 -7.94394824793562E-01 -1.83468472930284E-01
  7.89655727864691E-02  1.93481212049523E-01  7.07831548975201E-02 -2.40373378131376E-04  3.75675164495894E-09
  3.10399533349532E-08  3.21144590684296E-08  5.31751552531064E-09  7.58222317341621E-09  1.59227080739126E-08
  5.88193746277587E-09 -7.94232305775447E-10 -1.84392042681943E-10  2.28745289305225E-09  1.84160157878139E-08
  1.91367396292424E-08  7.45287077790448E-09  1.97987204872100E-08  4.49273262013178E-08  1.95925319423579E-08
 -6.19090987354726E-11 -5.53707375484703E-11 -4.30423425770972E-10 -3.86201338037335E-09 -3.74407511118803E-09
  2.25132874179336E-09  9.69529453729485E-09  2.26424034615941E-08  1.04749030547098E-08  4.07475862881710E-10
  6.98882313670734E-11  1.25359757115274E-11 -7.30839387258395E-12  1.54940450433618E-11  2.93662795035900E-11
  2.61183476348158E-11 -1.51858713502607E-11  3.21557735670471E-11  6.12164304359334E-11 -5.22210343558025E-11
  6.50008195214519E-11 -2.07114089891545E-10  2.60655610994226E-10  1.97729747903325E-11 -1.15920364372000E-11
  2.48768097500501E-11  4.72953168484778E-11 -1.20416864661876E-10  1.40612810031072E-10 -3.94293782528736E-10
  1.87691684585641E-10
* ORBITAL    1    7
 -9.36882556088707E-12  7.39618315838509E-11 -7.36467073944809E-10  3.09615238955231E-09 -1.74454918389596E-08
  6.67898989816948E-08 -2.64663210642030E-07  4.83142525947922E-07 -6.49727195481761E-07  5.82686737894850E-07
 -2.46500965054371E-07  1.60199271691967E-07 -1.75871061261791E-07  3.10614889769665E-08  1.58753999199091E-04
  1.00702276034255E-03  2.87025344535106E-03  6.94234869023619E-03  3.10438076041948E-02  7.47323530436285E-02
  4.15101776653933E-02  8.17884472998801E-04  2.84696950886469E-04  8.14853015330088E-05  5.16883978444452E-04
  1.47324324848127E-03  3.56336539070510E-03  1.59341454534049E-02  3.83585655362686E-02  2.13063113012937E-02
  4.19803436377639E-04  1.46127997221000E-04  1.13269845160595E-03  7.18503820622838E-03  2.04790577081671E-02
  4.95331772065319E-02  2.21495431207876E-01  5.33210219354687E-01  2.96172278813093E-01  5.83554843845744E-03
  2.03129516963697E-03  6.69013206412407E-11 -7.45748580988773E-10  1.40023528839543E-10  1.59215598065848E-10
  1.60347210153628E-10 -3.56121593177993E-09  3.90149760221957E-10  1.29644034472507E-09 -3.03365636983639E-10
 -2.23734085213313E-10 -5.16760283857860E-10  1.20524397342249E-09  5.57241444683029E-10 -3.58588862206850E-09
  1.08615726312694E-09 -1.02739865863982E-11  6.96724536987813E-11 -2.38180449456855E-10  1.29201309907871E-10
 -1.10370760482847E-10
* ORBITAL    1    8
  5.68248471849688E-13 -8.71989338025566E-11  2.79931916536032E-10 -2.97838557852803E-09  8.30012025701740E-09
 -5.40582772547264E-08  1.02486730369401E-07 -2.50995172913415E-07  2.24233064315785E-07 -1.51656002450508E-07
  2.85096450676318E-07 -5.89343822466805E-08 -1.53264440521012E-07 -1.76166369437506E-09 -5.35692771573429E-05
 -3.39805883150818E-04 -9.68526467454680E-04 -2.34259744752088E-03 -1.04752948400406E-02 -2.52173802715693E-02
 -1.40070250894077E-02 -2.75982960990301E-04 -9.60672491441062E-05  1.14297917934844E-03  7.25024367541406E-03
  2.06649156524482E-02  4.99826787612817E-02  2.23505379082489E-01  5.38048715414735E-01  2.98859807965767E-01
  5.88849377490919E-03  2.04971705557219E-03 -7.47164618340427E-05 -4.73948948977712E-04 -1.35086545719068E-03
 -3.26736991637909E-03 -1.46105620910985E-02 -3.51722907571260E-02 -1.95364927777744E-02 -3.84930978775567E-04
 -1.33991255202939E-04  5.84388383236066E-10 -3.37171146468012E-09  1.12587469163097E-09 -2.20773772302194E-10
 -2.28792302114795E-10 -3.38992552109201E-10 -3.83627119113239E-10  1.00554521086759E-09 -6.99866004660077E-11
  1.99830353049012E-09 -1.83990548286322E-10 -7.96246951434387E-10 -2.85716953501180E-11  2.58080651840297E-10
 -5.81575988757486E-11 -4.03276122486959E-11 -2.05211009457108E-10  3.71823110080588E-09 -4.73283521520079E-10
 -1.22241057437135E-09
* ORBITAL    1    9
  2.69676597499959E-11 -3.81777392321317E-10  2.56491616128128E-09 -1.45130487993034E-08  6.39286222095822E-08
 -2.91739300889645E-07  9.26046992016501E-07 -1.82882477565540E-06  2.22664154393740E-06 -1.89638662024951E-06
  1.26713818568245E-06 -5.55337604460820E-07  1.51792341817030E-07 -8.84279657291986E-08  1.13436172561105E-03
  7.19558937486421E-03  2.05091276959852E-02  4.96059035500682E-02  2.21820630444914E-01  5.33993073518276E-01
  2.96607112106870E-01  5.84411208876486E-03  2.03427780399190E-03  4.25723883121350E-05  2.70048643815191E-04
  7.69703124855239E-04  1.86169762635705E-03  8.32487223103943E-03  2.00406208819272E-02  1.11315869777475E-02
  2.19328166245634E-04  7.63453741886141E-05 -1.62049594514021E-04 -1.02792852729328E-03 -2.92983838080723E-03
 -7.08646879705448E-03 -3.16882661156702E-02 -7.62837762240966E-02 -4.23719184065620E-02 -8.34862596371943E-04
 -2.90607777851257E-04  1.98175822114433E-10 -3.65738954206008E-09  4.59082247350173E-10  1.21466871795226E-09
 -3.32422651066149E-11  4.82408919343689E-10 -7.28906116233401E-11 -1.34113347207223E-10 -3.07893506899465E-10
  2.19728382096242E-09 -6.07404796935504E-10 -1.10737927772191E-10 -2.99594789169302E-10 -6.52381674094048E-11
 -5.16000553189022E-10  1.10074183990034E-09  5.81619338976778E-10 -3.37926528007489E-09  1.12130295884111E-09
 -2.07616627840500E-10
* ORBITAL    1   10
  8.24720774299230E-14  4.50815310068098E-13  3.92922102213289E-12  8.99007961933916E-12  7.47827043076901E-11
  1.48571352678450E-10  1.18119575040138E-09  4.90987961010918E-10  6.30354573503752E-11 -1.96434451748752E-08
  2.61849199774178E-08 -3.28542476733936E-08  1.53364047070498E-07 -1.98821837278688E-07 -1.71288165692874E-06
 -4.04800429227442E-06 -7.74958491704993E-05  8.73381640031124E-05 -3.33149897794837E-04  1.51863293557704E-03
 -2.44093440154958E-03  8.38189065793651E-03 -1.70306899123360E-02 -1.36264463377102E-04 -3.22029922250983E-04
 -6.16500839149921E-03  6.94799247658390E-03 -2.65029932177251E-02  1.20811437385917E-01 -1.94183061343784E-01
  6.66802496373892E-01 -1.35483836286638E+00 -5.24494070913031E-07 -1.23949970627669E-06 -2.37297099515908E-05
  2.67437487777700E-05 -1.02012850169492E-04  4.65016794144423E-04 -7.47432732024591E-04  2.56659763576236E-03
 -5.21492463600386E-03  1.80580958590255E-11 -8.55043471689517E-11  1.18723236409487E-10 -3.23499984504210E-10
  3.28162167616540E-12 -2.31855607903311E-11  1.95726652196418E-12  4.30210921888939E-11 -1.15335814985995E-11
  5.87839638082100E-11 -6.84216546480355E-11  1.45996794953966E-10  1.08883271178571E-13 -6.10068308839851E-13
  4.65866162974891E-13 -6.93123797412225E-13 -1.95531717176855E-11  9.98579879629149E-11 -1.15605755031807E-10
  2.44231539038486E-10
* ORBITAL    1   11
  2.93443220674468E-14  6.33033360993039E-13  3.56555623468627E-13  1.91248867528611E-11 -8.51283849684049E-12
  3.77180968116619E-10 -1.62780829906009E-10  3.13037893851915E-09 -5.02494135044604E-09 -9.65839734238765E-09
  1.71219407963180E-08 -2.18239252555020E-08  1.10929340924021E-07 -1.47218598115639E-07 -1.35132262169552E-04
 -3.19355182312417E-04 -6.11378267874425E-03  6.89024857712706E-03 -2.62827644981047E-02  1.19807513738043E-01
 -1.92569423049333E-01  6.61261499053926E-01 -1.34357984631506E+00  1.76613622244524E-06  4.17387481740065E-06
  7.99052103151452E-05 -9.00533525043727E-05  3.43507410244352E-04 -1.56584617555218E-03  2.51682117768761E-03
 -8.64247769093294E-03  1.75601624659085E-02 -1.75329364487684E-05 -4.14352070238550E-05 -7.93241848246112E-04
  8.93985621012302E-04 -3.41009653169969E-03  1.55446049102158E-02 -2.49852077380436E-02  8.57963618211071E-02
 -1.74324774642250E-01  1.93814842305716E-11 -9.89892425296958E-11  1.14585180181833E-10 -2.42061302468236E-10
  2.50272128514226E-12 -1.26932546132193E-11  1.50359011882869E-11 -3.25887636701630E-11 -9.57304413147117E-12
  4.40857804554667E-11 -6.60439199742189E-11  1.88115720953913E-10  5.47103124041824E-12 -3.34466778459572E-11
  1.65813407821294E-11  2.39859581537072E-12  1.79194719360225E-11 -8.48412121990245E-11  1.17793935801594E-10
 -3.20889411835972E-10
* ORBITAL    1   12
  4.15581494039070E-14 -1.13794340461623E-13  2.80124411872593E-12 -7.11417352285917E-12  6.45896537417523E-11
 -1.63753420826392E-10  1.03520225352575E-09 -1.93831257389674E-09  3.79369144267464E-09 -7.91449830593334E-09
  7.37827109666635E-09 -9.49848932326486E-09  3.65390653156304E-08 -4.42463052010432E-08  1.75382226039359E-05
  4.14477253905339E-05  7.93480955580884E-04 -8.94254819062028E-04  3.41112413050421E-03 -1.55492883688538E-02
  2.49927352056067E-02 -8.58222112356645E-02  1.74377297530596E-01  2.99722583925780E-07  7.08350196736795E-07
  1.35602929178009E-05 -1.52822243061074E-05  5.82945546020243E-05 -2.65729590929546E-04  4.27113055141667E-04
 -1.46665892419392E-03  2.98002158509911E-03 -1.35142800480904E-04 -3.19380185034516E-04 -6.11425930681818E-03
  6.89078436573788E-03 -2.62848122081617E-02  1.19816844065534E-01 -1.92584419700763E-01  6.61313000887045E-01
 -1.34368447795714E+00 -2.58404298022000E-12  1.31729299737621E-11 -1.53278272554291E-11  3.26544135012307E-11
  1.96069497912815E-11 -1.00034968547064E-10  1.16098152736872E-10 -2.46281293430824E-10  5.02033786193103E-12
 -3.24942897429668E-11  1.05924741505822E-11  2.62818576566540E-11  1.72512484967619E-11 -8.05921240097538E-11
  1.16111420121841E-10 -3.23137387285019E-10 -2.24909919428511E-12  1.06197492667158E-11 -1.48352032633200E-11
  4.06700061724676E-11
* ORBITAL    1   13
  6.42174068543689E-07  1.59425046425153E-06  3.49967933003582E-05  5.29602325417938E-06  7.12757483351101E-04
 -1.30957629485399E-04  1.04705525475575E-02 -7.83242673711702E-03  3.45786891606339E-02 -1.77803290979790E-01
  2.81350195159444E-01 -6.50795121034085E-01  1.84007903061411E+00 -1.93697116054061E+00 -7.67961616420604E-11
 -7.78840709294487E-10 -2.01541786188520E-09 -6.14277730380230E-09 -4.17637235419308E-09 -2.60159268573756E-08
  1.66471669820909E-08 -1.06399342913649E-07  1.31693708685915E-07  1.23542228808585E-11  1.04020057626079E-11
  1.01948686132116E-09 -1.93926804024117E-09  1.67088644569713E-09 -3.00385264574453E-08  2.40694439851552E-08
 -1.47812714539018E-07  1.81522341936029E-07  5.86013033083427E-11  5.04073274428287E-10  2.09081256596103E-09
  2.39228772223970E-09  3.92925866593523E-09 -7.14499008939191E-09  8.09281600668583E-09 -4.84984634365818E-08
  5.87046600694755E-08  1.64577844269162E-13  1.85436166577244E-12 -3.48075607598750E-12  3.13911040629571E-11
  3.41552394535581E-13  3.86519665989651E-12 -7.27174159373288E-12  6.54030616376709E-11 -7.79548797566262E-12
  2.38199137700983E-11 -1.08961813198112E-10  3.00115278893981E-10  2.48413190304933E-13  2.99606105264191E-12
 -5.67614728183330E-12  5.07842951044042E-11 -1.05405146977492E-11  2.16652327095254E-11 -1.23608741062260E-10
  1.96430657566633E-10
* ORBITAL    1   14
 -9.12705268712005E-14 -2.09784041260055E-12 -6.63330226741735E-13 -6.31186592692418E-11  3.11840277021182E-11
 -1.11427812680262E-09  2.60024637927074E-10 -9.92233553621994E-09  2.49185390589969E-08 -2.09073203959116E-08
  9.21976384883785E-08 -3.28969441605579E-07  4.13183274723835E-07 -1.82810489408953E-07 -1.42823100750046E-07
 -1.46160037891572E-04 -1.76840762489761E-05 -1.43131812923392E-03  4.11418759098067E-03 -8.25930222325099E-03
  3.92071617823443E-02 -6.26564111740226E-02  2.47546181205629E-02  5.84369512292986E-06  5.98017949481037E-03
  7.23551284688054E-04  5.85627895810132E-02 -1.68333141012882E-01  3.37931677436701E-01 -1.60417204556085E+00
  2.56360469840679E+00 -1.01284220432847E+00 -2.32837679389546E-07 -2.38277933429659E-04 -2.88295174138957E-05
 -2.33341157719461E-03  6.70716935776240E-03 -1.34647576522774E-02  6.39176188676126E-02 -1.02145843194272E-01
  4.03563065005012E-02 -8.04114036364853E-11  4.20992247811903E-10 -7.46746061592837E-10  3.21113302683005E-09
 -2.37701730401222E-12  2.74321201282845E-11  1.35219885947474E-10 -8.85039823104047E-10  4.59738509004283E-11
 -2.46926091091459E-10  3.34041273095441E-10 -1.08372123177244E-09  3.41784946912553E-12 -1.82742458275774E-11
  2.76122398766428E-11 -1.09931748973077E-10  8.31911952446655E-11 -4.45023266402386E-10  6.24428218708692E-10
 -2.09736386675264E-09
* ORBITAL    1   15
  3.99750633753741E-14 -3.32289242130672E-12  1.01656648013400E-11 -1.14677601293919E-10  3.04542710252180E-10
 -2.21210607603538E-09  4.92215344023114E-09 -2.13908575414478E-08  4.34536130437302E-08 -3.87933933866591E-08
  8.32395332937572E-08 -2.64905696471134E-07  3.26928777466964E-07 -1.38949884015904E-07  5.81667882361819E-06
  5.95253765159907E-03  7.20206421787714E-04  5.82920973491064E-02 -1.67555064030402E-01  3.36369677197250E-01
 -1.59675718557159E+00  2.55175506273807E+00 -1.00816055600213E+00  1.17742151750462E-07  1.20491249331292E-04
  1.45784623850760E-05  1.17994849064091E-03 -3.39164882775330E-03  6.80879358342697E-03 -3.23215516793426E-02
  5.16526148049442E-02 -2.04071823135892E-02 -6.12949976597571E-07 -6.27267216985281E-04 -7.58939586786367E-05
 -6.14271149249210E-03  1.76566376076390E-02 -3.54460040391907E-02  1.68263270112339E-01 -2.68899150494772E-01
  1.06238063092400E-01 -8.24608000161980E-11  4.41180322574521E-10 -6.18375596698037E-10  2.07426854433349E-09
  8.39575023516398E-12 -4.46074708265198E-11  6.56839992340258E-11 -2.26819486830955E-10  4.89769828910957E-11
 -2.58509917223091E-10  4.31292927945140E-10 -1.79973011887335E-09  3.05170445315971E-12 -6.93526264250456E-13
  1.90400785823826E-10 -1.14225802019854E-09 -8.03787820223201E-11  4.20823328459450E-10 -7.45753927216840E-10
  3.20412878306816E-09
* ORBITAL    1   16
 -8.41443187559208E-14 -1.80876631034395E-13 -4.73759318400210E-12  7.11807236265582E-13 -1.03880304186772E-10
  9.08701667732607E-11 -1.85975035519144E-09  1.51907990790810E-09  5.31362347251342E-10  2.67952224994311E-10
  3.46418558324017E-08 -1.35613324755828E-07  1.73065177049861E-07 -7.98060117207170E-08  6.07597738553348E-07
  6.21787407186625E-04  7.52310665574742E-05  6.08904880083000E-03 -1.75023882807499E-02  3.51363463702913E-02
 -1.66793314100342E-01  2.66550033627018E-01 -1.05309962669907E-01  2.46477837475425E-07  2.52232074876133E-04
  3.05180596644837E-05  2.47006200598158E-03 -7.09995622738208E-03  1.42532848431358E-02 -6.76607794668050E-02
  1.08127734663716E-01 -4.27196647812179E-02  5.81322007796356E-06  5.94898712375265E-03  7.19777229543372E-04
  5.82573275999455E-02 -1.67455118510352E-01  3.36169037883775E-01 -1.59580474133694E+00  2.55023295828769E+00
 -1.00755918986231E+00 -1.19174180218214E-11  6.33924156759017E-11 -9.51226698785081E-11  3.47434118496967E-10
 -8.09854025275981E-11  4.34089750559623E-10 -5.97895059397271E-10  1.97310669206795E-09  4.80849538382368E-13
  1.48704413110365E-11  1.88136828670291E-10 -1.16975432925335E-09 -8.25277387295014E-11  4.33804866001424E-10
 -7.45714832115603E-10  3.15647195121083E-09 -5.14362680450908E-12  2.65587143793161E-11 -5.36379836334585E-11
  2.54007961815837E-10
* ORBITAL    1   17
  8.40344704063787E-15  7.66856589847808E-14  2.79824297310230E-13  1.94457584483353E-12  3.89957990212744E-12
  2.60598437630688E-11  2.58870543111013E-11  1.84153660152519E-10 -1.97847487221992E-10  5.41706556369204E-10
 -2.07452617496009E-09  4.73177822774915E-09 -6.04818623663093E-09  2.16327054771453E-09  1.26831394441018E-12
 -6.68244679073563E-12  3.84512010899043E-11 -9.39873928731812E-11  5.29438990944018E-10 -1.10946321005183E-09
  3.64617601217102E-09 -5.21985643918142E-09  1.82943817885243E-09 -4.81916495192331E-12 -2.64069347490996E-11
 -1.69545565568483E-10 -7.65115203982610E-11 -7.97196629921990E-10  1.42314438222584E-09 -2.15077972293852E-09
  4.68231906319131E-09 -1.65779350231327E-09  1.82275825953624E-12  1.81719716706794E-11  6.66985983169057E-11
  1.01769165985513E-10  9.77437996879371E-11 -6.30907277521868E-11 -1.07778308960161E-09  6.54189254965347E-10
 -2.16223987254892E-10 -8.53283095612801E-06  5.40002467096676E-05 -1.65254027613023E-04  8.73765717936943E-04
 -1.81114755145431E-03  1.14618952600532E-02 -3.50762166905143E-02  1.85462321794555E-01 -4.21266576551043E-03
  2.66599669019942E-02 -8.15860514338875E-02  4.31378864365235E-01  1.43325398746702E-04 -9.07038582321340E-04
  2.77576100048448E-03 -1.46765851265876E-02 -9.83767169149424E-03  6.22579659218544E-02 -1.90524678006634E-01
  1.00738199474598E+00
* ORBITAL    1   18
 -5.34800240754538E-15 -2.61992865567948E-14 -1.80017595415152E-13 -5.89501530168757E-13 -3.01923322107748E-12
 -6.37530361843270E-12 -2.80744691802009E-11 -1.93544126642689E-11 -1.04090416858758E-10  1.71356071744266E-10
 -2.67579512908794E-10  1.23658496330894E-09 -1.50279993493859E-09  5.57992382551293E-10 -4.67866952634805E-13
  3.32724252252158E-12 -1.39054316321612E-11  4.23954253961686E-11 -2.16737750252622E-10  4.59401102446721E-10
 -1.54389918087432E-09  2.17913516777599E-09 -7.62923362761672E-10  3.03808768204009E-12  3.41811732021437E-11
  1.12514536904399E-10  2.04000597494362E-10  6.72781146249142E-11  1.17840070208292E-10 -2.68915997042335E-09
  2.23460280171694E-09 -7.58349852887057E-10  4.81377185705427E-12  2.85580709138166E-11  1.69835910905099E-10
  9.66703622080312E-11  7.39982132031818E-10 -1.28864996270012E-09  1.63914841636416E-09 -4.02836793527821E-09
  1.43117845704911E-09  4.34791519592970E-04 -2.75158964984084E-03  8.42054063711515E-03 -4.45228466659746E-02
 -1.05619832213127E-02  6.68417906252060E-02 -2.04552308210759E-01  1.08155182023915E+00 -6.86284473710427E-04
  4.34316947185011E-03 -1.32911660677876E-02  7.02758379503610E-02 -8.09765681903213E-04  5.12462356969895E-03
 -1.56826076874359E-02  8.29203690872808E-02  2.22620024830741E-03 -1.40885672482540E-02  4.31144785780540E-02
 -2.27963904159753E-01
* ORBITAL    1   19
 -7.11257335614538E-16 -7.10614787280910E-15 -6.11544315820490E-14 -1.52625450593295E-13 -1.05450624561139E-12
 -1.40004133774948E-12 -1.02954581511972E-11  6.28849056757619E-13 -5.18260924515054E-11  9.53483734168145E-11
 -2.05990013913321E-10  7.26388277901311E-10 -8.96452443789545E-10  3.28961965284022E-10  4.49963207681310E-12
  2.69237452158239E-11  1.59029223416130E-10  9.15064745265982E-11  6.88028867147370E-10 -1.19775026112734E-09
  1.48418507988115E-09 -3.69877868573461E-09  1.31369612577914E-09  2.02251723891448E-12 -7.83911262118833E-12
  6.25631632434960E-11 -1.25932164217672E-10  7.77997396423884E-10 -1.61587960543468E-09  5.17993386936464E-09
 -7.50746256930765E-09  2.63261923765597E-09  1.47921493465641E-13  1.75128967215295E-12  5.64563067378288E-12
  1.03013720681500E-11  2.54072645170256E-12  7.04310357662674E-12 -1.44963059012031E-10  1.27779081860128E-10
 -4.38222488128325E-11 -1.08386985807101E-02  6.85929911077419E-02 -2.09911412129454E-01  1.10988759723613E+00
 -4.37348469842863E-04  2.76777137811550E-03 -8.47006070086116E-03  4.47846795190063E-02 -1.04483159688640E-04
  6.61224443630448E-04 -2.02350931759609E-03  1.06991224212499E-02  3.57862594118862E-04 -2.26474290652584E-03
  6.93066993816514E-03 -3.66452901737037E-02  1.39873627106386E-04 -8.85193954674771E-04  2.70891107090872E-03
 -1.43231221659296E-02
* ORBITAL    1   20
 -7.71218836121911E-16 -7.50022524618635E-15 -7.60689575368404E-14 -1.38315718185514E-13 -1.34990574296340E-12
 -1.01549738688548E-12 -1.35676028464142E-11  7.62411987709512E-12 -8.02671862547872E-11  1.54179410415559E-10
 -3.66165956335970E-10  1.19667987342415E-09 -1.48449651066262E-09  5.42700706745728E-10  2.57004991108545E-12
  3.07512331748462E-11  9.55615678853081E-11  1.89450088288830E-10  9.21331268040358E-12  2.11303415606949E-10
 -2.70817082257833E-09  2.44421416148598E-09 -8.33692168915565E-10 -2.50230953770956E-13 -3.36816148530091E-12
 -9.51288707080100E-12 -2.14026979185192E-11  7.46189717388370E-12 -3.95261891308453E-11  3.46805928956566E-10
 -3.46903636621078E-10  1.19404130193619E-10  1.62165107669649E-12 -1.03898090186183E-11  4.83046832582603E-11
 -1.35349815237546E-10  7.20169755801853E-10 -1.51689234440761E-09  5.08310967609470E-09 -7.22120781615418E-09
  2.53060731937704E-09 -3.89113341281038E-04  2.46251408925786E-03 -7.53589836903782E-03  3.98453807170855E-02
  7.86148433776853E-04 -4.97516118963621E-03  1.52252160743278E-02 -8.05019523060371E-02 -2.36137573479192E-04
  1.49440288964961E-03 -4.57324014796030E-03  2.41805934588570E-02 -1.08148819601109E-02  6.84422669842528E-02
 -2.09450159163654E-01  1.10744876428994E+00 -2.00839104077128E-04  1.27101559142907E-03 -3.88962011031744E-03
  2.05660143652984E-02
* ORBITAL    1   21
  1.46888159279100E-15 -3.95490067805215E-15  7.45943266889074E-14 -2.31503017603652E-13  1.66879982975580E-12
 -4.89283946043340E-12  2.03596784055390E-11 -6.43149484570153E-11  2.13893961688859E-10 -4.53977661341852E-10
  1.28707994289209E-09 -3.66092316600395E-09  4.59217359608600E-09 -1.66745459369229E-09  1.79889983136300E-12
 -7.40761799547338E-12  5.55097471699909E-11 -1.15790130473263E-10  7.02707436892293E-10 -1.46207471767585E-09
  4.70753864849656E-09 -6.80720977736133E-09  2.38679793720866E-09  1.08763972559495E-12  8.43844082425233E-12
  3.90258075192253E-11  3.94092455216719E-11  1.17997885423388E-10 -1.76784023179091E-10 -8.87601953936533E-11
 -3.22010265161451E-10  1.18789270369220E-10 -1.87675687027951E-12 -2.82063009749019E-11 -7.17069321906641E-11
 -1.89258232927690E-10  1.35293258513952E-10 -4.85435725073054E-10  3.30063268802752E-09 -3.48178774973489E-09
  1.19899236284145E-09 -9.64106601336639E-05  6.10137417149022E-04 -1.86717046048873E-03  9.87249485175593E-03
 -1.47721344150028E-03  9.34858439851314E-03 -2.86089660282028E-02  1.51267319124160E-01  9.97712336969686E-03
 -6.31404895525821E-02  1.93225417117853E-01 -1.02166190882475E+00 -2.47401669939280E-04  1.56568802220038E-03
 -4.79139017283134E-03  2.53340419875342E-02 -4.00394240393540E-03  2.53390555710688E-02 -7.75437380415357E-02
  4.10005498313050E-01
* ORBITAL    1   22
  7.90233583646010E-07  2.27341292888316E-05 -4.74968380975108E-06  6.92034078446108E-04 -6.00723565060076E-04
  1.16234690346604E-02 -7.80093295103735E-03  1.16175761065546E-01 -2.87261490907854E-01  4.65324800458611E-01
 -1.78187048827798E+00  4.46641469061080E+00 -4.43929643463349E+00  1.40354502139712E+00  1.77921638466234E-10
  2.85859755843449E-09  5.63680127855449E-09  2.54859101852069E-08 -2.21733183583060E-08  1.11980688692010E-07
 -3.62991393950968E-07  3.00011762275507E-07 -9.06657675882930E-08  9.64656322716834E-11  2.49248333738899E-09
  3.08501868935487E-09  2.37899494920501E-08 -3.78449309544535E-08  1.28518587101186E-07 -4.50966804020001E-07
  3.69028343068924E-07 -1.11936660019528E-07 -2.45532438471646E-11  2.39693180288283E-10 -7.53052651230524E-10
  3.16932535087928E-09 -1.43441012916062E-08  3.00084075925774E-08 -1.20988300070326E-07  9.73247405976078E-08
 -2.97077449575707E-08  4.09637494725109E-12 -1.54957098512393E-11  5.92942646880159E-11 -2.28609021036200E-10
  8.52895294243798E-12 -3.22591004288533E-11  1.23389547555462E-10 -4.76148896458590E-10  5.42940335846561E-13
 -8.34306897877803E-11  5.93961850178512E-11 -1.49761784245723E-09  6.56435827028788E-12 -2.50509442271770E-11
  9.55624656693174E-11 -3.69141654284771E-10 -2.28450068930543E-11 -4.37863792493330E-12 -3.01667831998513E-10
 -5.49952370957516E-10
* ORBITAL    1   23
 -2.09745797419857E-13  8.54958019850882E-13 -1.46937756356332E-11  4.19834279003816E-11 -3.32153119825988E-10
  6.08016325611416E-10 -4.98074341618755E-09  1.20790091894842E-08 -3.78651932783894E-08  1.71307115888062E-07
 -4.56599857380970E-07  6.81182490239018E-07 -5.01705086226332E-07  1.30159719361207E-07 -2.33106200908092E-05
 -1.33834937089086E-05 -1.07022202888557E-03  1.62412284933813E-03 -6.73061695365882E-03  3.03857714501399E-02
 -4.22339101863948E-02  2.26948995478386E-02 -6.02759836886157E-03  1.95637871345138E-03  1.12322968242152E-03
  8.98199907479615E-02 -1.36306924463941E-01  5.64877112288475E-01 -2.55017137951877E+00  3.54454419715156E+00
 -1.90470341263423E+00  5.05875180335952E-01 -4.12143518790970E-05 -2.36626910374698E-05 -1.89220650760455E-03
  2.87153116064803E-03 -1.19000702033049E-02  5.37235762630457E-02 -7.46716828569893E-02  4.01257268636359E-02
 -1.06570979828771E-02  1.15183858068556E-11  9.22063555858575E-11  3.26958132001401E-09 -1.91515646665808E-09
  1.67041307145434E-11  1.06180544013896E-10  1.29884077598179E-09 -1.79729098609459E-10 -6.57087632338634E-12
 -1.47221671476989E-10 -2.27064177484172E-09  9.32120643917934E-10 -4.23212906730400E-13 -3.41985727266835E-12
 -8.56067728085547E-11  4.28264261930402E-11 -1.07170171202655E-11 -2.53240310349951E-10 -3.94708163190979E-09
  1.64685368680446E-09
* ORBITAL    1   24
 -2.02654022479015E-13  5.43022349512723E-12 -2.49365528594098E-11  2.00858299774302E-10 -7.07034527773594E-10
  4.30195078923484E-09 -1.25912732557270E-08  3.95302265241395E-08 -5.46267024613629E-08 -7.08679255145087E-08
  3.70543242318499E-07 -5.92147533246650E-07  4.40744332632494E-07 -1.21795443937422E-07 -1.95111452440944E-03
 -1.12020762241604E-03 -8.95783037243177E-02  1.35940152085519E-01 -5.63357150791086E-01  2.54330939810364E+00
 -3.53500650554218E+00  1.89957821278689E+00 -5.04513980411201E-01 -2.00943510217574E-05 -1.15369156079370E-05
 -9.22558840281139E-04  1.40003506755940E-03 -5.80196406765878E-03  2.61933120542205E-02 -3.64067106069404E-02
  1.95635829052020E-02 -5.19594315142732E-03  1.49693688630399E-04  8.59447265831150E-05  6.87263942800160E-03
 -1.04296201480979E-02  4.32219681994791E-02 -1.95128148845801E-01  2.71213276208515E-01 -1.45739712589700E-01
  3.87073945386093E-02 -1.06944389194038E-11 -2.52369290573662E-10 -3.93163892856050E-09  1.63967302197395E-09
  5.71706575843501E-13  1.83236692842675E-11  2.83077504663063E-10 -1.20745558368865E-10  8.23634395187628E-12
  6.62202093074038E-11  2.05392830286297E-09 -1.14205663424028E-09 -1.60348111648634E-11 -1.03773977101422E-10
 -1.12492993454213E-09  6.62066365571108E-11 -1.14652581542114E-11 -9.24321996445283E-11 -3.26625392487853E-09
  1.91194507119211E-09
* ORBITAL    1   25
  2.42099021569847E-13 -3.07629885614879E-12  2.18354168952646E-11 -1.21138434898047E-10  5.58855167501404E-10
 -2.38395553485129E-09  9.28006671507994E-09 -2.65750418032113E-08  5.16951443188157E-08 -9.01715056540294E-08
  1.59382443372694E-07 -2.21340102212391E-07  1.61077281777602E-07 -3.76818218440555E-08 -1.49226668171985E-04
 -8.56766008532380E-05 -6.85119798998167E-03  1.03970807296030E-02 -4.30871225578167E-02  1.94519379236860E-01
 -2.70367132621597E-01  1.45285025788889E-01 -3.85866322553521E-02 -4.28745253630664E-05 -2.46158633393767E-05
 -1.96842747486528E-03  2.98719960050989E-03 -1.23794222316864E-02  5.58876381659811E-02 -7.76795642255566E-02
  4.17420459781947E-02 -1.10863790793963E-02 -1.95078268922970E-03 -1.12001712108952E-03 -8.95630687642589E-02
  1.35917030834730E-01 -5.63261338266706E-01  2.54287683682138E+00 -3.53440526264830E+00  1.89925512160827E+00
 -5.04428170561745E-01 -1.06687712322760E-12 -2.13108820869947E-11 -3.70980563909603E-10  1.66444852517290E-10
 -1.09479591148837E-11 -2.53772162135812E-10 -3.92737900689029E-09  1.62415894152226E-09 -1.88136225884231E-11
 -1.21075503962400E-10 -1.39390686788211E-09  1.39895452378490E-10 -1.26974356612666E-11 -1.04022046411024E-10
 -3.40627659772680E-09  1.94098217589547E-09 -6.66896931246669E-13 -1.70586732241687E-12 -1.67579352551174E-10
  1.12158990916806E-10
* ORBITAL    1   26
  1.40507662602452E-14  1.32614723330813E-13  5.26437851293665E-13  3.27061507088281E-12  7.59183125850610E-12
  4.24584302385426E-11  5.12597590062407E-11  2.86432268607104E-10 -1.84414713612855E-10  7.83441821312844E-10
 -3.07690448095645E-09  3.84844075452570E-09 -2.65266293475473E-09  6.42874229690763E-10 -5.40847822587135E-12
 -1.60567628058475E-12 -2.66236138743983E-10  4.49919217409867E-10 -1.73747209567792E-09  6.13265407097778E-09
 -6.82923080038883E-09  3.73091367200473E-09 -9.73389864412475E-10  9.15318895787718E-12 -1.00726639224065E-11
  4.48698193408670E-10 -8.69400860494677E-10  2.76771106775485E-09 -1.15526139755221E-08  1.30810790139425E-08
 -7.28433505488492E-09  1.91483577304229E-09 -1.61491725746600E-12  9.22594900097072E-13 -7.20625577421643E-11
  1.17043688310013E-10 -3.74666407712084E-10  1.92915388238686E-09 -2.26218664730735E-09  1.25124753703510E-09
 -3.31400863721338E-10  4.92255182463897E-04 -1.61609959539650E-03  1.41043998700394E-02 -7.34653481449173E-03
  3.19929306035008E-03 -1.05034470007967E-02  9.16681230177576E-02 -4.77470196067075E-02  1.87687028555960E-02
 -6.16186363584243E-02  5.37772479559395E-01 -2.80108638410043E-01 -1.90029029713441E-03  6.23875276484620E-03
 -5.44482926346649E-02  2.83603897474021E-02  4.47422532535226E-02 -1.46891165279672E-01  1.28198270600366E+00
 -6.67744155565640E-01
* ORBITAL    1   27
 -1.84564886050512E-15 -2.16645867256192E-14 -7.67879369429996E-14 -5.16335293765218E-13 -1.08837954837491E-12
 -6.73625970941894E-12 -6.54566492158661E-12 -4.67337294832508E-11  3.56169346178676E-11 -1.64928603298797E-10
  5.85662053875641E-10 -7.00253028474052E-10  4.36159050774644E-10 -1.09204748590460E-10  4.50198015216722E-13
 -5.77745392215785E-13  2.42968778997583E-11 -5.23581749793769E-11  1.73148468216086E-10 -5.86355249825762E-10
  6.37773076081091E-10 -3.56014304609812E-10  9.26641722419783E-11 -2.99547362283729E-12  1.35751590648103E-12
 -1.31199038303470E-10  2.03925446074117E-10 -6.56144550750352E-10  3.53459062026939E-09 -4.17271908783228E-09
  2.30438657019632E-09 -6.11174683646510E-10 -9.09166088462146E-12  8.36569245175425E-12 -4.45579748348574E-10
  8.48336459532988E-10 -2.76520444048363E-09  1.13236382728448E-08 -1.28012698751817E-08  7.11285272766241E-09
 -1.86832326474083E-09 -3.87753468728135E-03  1.27301498532496E-02 -1.11101521496188E-01  5.78692608783504E-02
  4.79514085501747E-02 -1.57426990516742E-01  1.37393340797578E+00 -7.15638361614940E-01 -1.69925968242775E-03
  5.57875870680684E-03 -4.86882391437510E-02  2.53601604624403E-02  6.72767297775601E-03 -2.20873034209421E-02
  1.92765446169233E-01 -1.00405410686139E-01 -2.38755164510736E-03  7.83845733625851E-03 -6.84096060359616E-02
  3.56323953515537E-02
* ORBITAL    1   28
 -8.34672517790011E-16 -6.97209166441978E-15 -2.78633665553786E-14 -1.92287852991382E-13 -3.75390254219330E-13
 -2.55898115595931E-12 -1.93811836042318E-12 -1.83501061112986E-11  1.62950084436529E-11 -7.60641480427507E-11
  2.55866903527600E-10 -3.00910241074273E-10  1.74318935379396E-10 -4.46981216106101E-11 -7.47428905977007E-12
  8.93843167379530E-12 -3.66103647319797E-10  7.15105955967481E-10 -2.24667079471701E-09  9.49917073906641E-09
 -1.07697074070402E-08  6.00400554069336E-09 -1.57907618211719E-09 -8.10343634833860E-12 -2.26238501986351E-12
 -3.96565839215552E-10  6.66020058378833E-10 -2.56142867966020E-09  9.19119842728611E-09 -1.02663380783424E-08
  5.61031699576452E-09 -1.46496033182905E-09 -6.21899607487179E-13  8.80635505624250E-13 -2.92702793508504E-11
  5.60196876400828E-11 -1.65122826904995E-10  7.97650221842752E-10 -9.20785475307501E-10  5.14587414086153E-10
 -1.35995764666809E-10  4.83177611794625E-02 -1.58629745426525E-01  1.38443037002724E+00 -7.21105896408105E-01
  4.16440213339422E-03 -1.36719507294650E-02  1.19321024927840E-01 -6.21505396766163E-02  2.88724624632652E-03
 -9.47898093611935E-03  8.27271647667953E-02 -4.30899578661580E-02 -1.85637350951142E-03  6.09457164667306E-03
 -5.31899616813348E-02  2.77049650401843E-02 -2.11936859990869E-03  6.95799832758417E-03 -6.07254596185317E-02
  3.16299670563104E-02
* ORBITAL    1   29
  1.72505812999828E-15  1.47230832716494E-14  6.64566760782061E-14  3.26257034906638E-13  1.05863138220010E-12
  4.01837236863706E-12  8.98595481301584E-12  2.27381851390274E-11  4.89067173431735E-12 -1.90282026824692E-11
 -5.76188357397042E-11  1.01495218302925E-10 -1.80981564189614E-10  3.60137771843004E-11  8.41217642014135E-12
  1.30472214276949E-12  4.09253871882494E-10 -6.91110089852637E-10  2.60593902361747E-09 -9.62661428208236E-09
  1.07980538459142E-08 -5.91220795134907E-09  1.54598842395971E-09  1.59832510535092E-12 -8.81604345040711E-13
  7.87840254586603E-11 -1.45669715418497E-10  5.00815991058171E-10 -1.93727151123283E-09  2.17601231339528E-09
 -1.20340148490097E-09  3.15330446234262E-10 -1.68260392559219E-12  1.46760208764150E-12 -6.61323376959645E-11
  9.03860318167144E-11 -2.29589763122048E-10  2.01906383805393E-09 -2.48660684309278E-09  1.38025368381103E-09
 -3.69992180832800E-10 -3.99838630449057E-03  1.31269120519641E-02 -1.14564236744129E-01  5.96728794903975E-02
  1.85579209498783E-03 -6.09266282939188E-03  5.31733026059647E-02 -2.76962878532165E-02  4.32670245224751E-02
 -1.42047911949468E-01  1.23971354049268E+00 -6.45727487163800E-01 -1.12454466540060E-02  3.69193914717374E-02
 -3.22211491081344E-01  1.67829752338835E-01 -1.87161905194487E-02  6.14462356126977E-02 -5.36267863825912E-01
  2.79324931807616E-01
* ORBITAL    1   30
  1.07406317278921E-15  9.63464848615902E-16  1.25245219367602E-14  3.33022169193854E-14  2.35945167281724E-13
  3.77464511419146E-13  2.55383011984783E-12  6.06203660946230E-13  8.26688020770846E-12 -4.30583820287168E-11
  9.51459215168944E-11 -9.10311740838117E-11  4.26907464535826E-12 -5.30144397117882E-12 -1.77778668025354E-12
  1.26285052054514E-12 -7.17981540591236E-11  1.00757322249111E-10 -2.79682633634315E-10  2.11346717839937E-09
 -2.57614198178302E-09  1.42721089898844E-09 -3.81572886652626E-10  8.61560028940017E-13 -9.13638350794432E-13
  4.02009791758189E-11 -7.31982515391375E-11  2.25040033296830E-10 -1.07694366515601E-09  1.24518380523404E-09
 -6.92944879425915E-10  1.83081662046334E-10 -7.30131039313706E-12 -3.21405548892751E-12 -3.54516916521197E-10
  5.78217871692985E-10 -2.27232869638186E-09  8.16046592619918E-09 -9.13247508232289E-09  4.97805639222291E-09
 -1.29994142622258E-09  1.53349223530312E-03 -5.03453547746000E-03  4.39385677354374E-02 -2.28862071791394E-02
 -6.15329665897132E-03  2.02015958262985E-02 -1.76308060698725E-01  9.18332802495873E-02  1.15195066893900E-02
 -3.78191449477701E-02  3.30064028663106E-01 -1.71919890254979E-01  4.67914890379294E-02 -1.53618913901581E-01
  1.34069867713488E+00 -6.98327443843429E-01 -2.42181489986612E-03  7.95094540362054E-03 -6.93913380545575E-02
  3.61437484507701E-02
* ORBITAL    1   31
 -7.94461739967163E-06  5.46344404806144E-06 -4.91074367650209E-04  7.67033218099607E-04 -1.06412521517540E-02
  1.61607792967354E-02 -1.57329429094302E-01  2.58580847847669E-01 -9.56506588722409E-01  3.86280211622518E+00
 -6.95181151719243E+00  6.03819048869040E+00 -2.72804537352095E+00  6.75275321144323E-01 -7.20660409843139E-10
  1.89581896007890E-10 -2.62017011642530E-08  2.87471216676869E-08 -3.08060921215436E-07  5.21675762373606E-07
 -3.72314542989350E-07  1.69032231291757E-07 -4.35151508313847E-08 -5.05662962126974E-10  9.75775175988625E-10
 -1.96622560941844E-08  3.36922301141081E-08 -2.46889679592523E-07  4.81326115011112E-07 -3.13580652457993E-07
  1.47810811640706E-07 -3.78603549293415E-08  3.77546183200622E-11  5.79684248222240E-10  4.74758748253687E-10
  7.88483912759427E-09 -5.25610009517192E-09  5.30181300733860E-08 -1.69085965901161E-08  1.14962113852963E-08
 -2.81275262931627E-09 -3.04841960967088E-12 -2.77887228621229E-13  3.40457717924137E-11  2.33491679060131E-11
 -6.35405400624415E-12 -5.91427135600320E-13  7.07690109251977E-11  4.87044813831842E-11 -1.20646430073155E-11
  2.10560617358153E-10 -4.15439365131789E-10  3.89202820679844E-10 -4.83092963310382E-12  5.87033640585621E-15
  5.44816928215389E-11  3.77214619647895E-11 -6.19090209442185E-13  2.20276490390998E-10 -7.40927424171051E-10
  3.81240421930252E-10
* ORBITAL    1   32
 -9.57628089156613E-13  6.14921487183101E-12 -7.19434686218231E-11  2.79171133761138E-10 -1.69188745909718E-09
  5.69657919816606E-09 -2.51753774949651E-08  6.35210990445190E-08 -1.98424334652679E-07  5.20345091300468E-07
 -7.36947516769739E-07  5.11397666292170E-07 -1.73920166180192E-07  4.23985816578838E-08 -1.91927619797073E-05
  1.03746822914557E-03 -9.09424488124620E-04  1.47467653011945E-02 -4.95696553196063E-02  5.53898787045988E-02
 -3.32247811716090E-02  1.47395739848894E-02 -3.75492535347195E-03  1.23881211460712E-03 -6.69641920440600E-02
  5.86995172277071E-02 -9.51841489644800E-01  3.19951203975412E+00 -3.57518291924306E+00  2.14451938834457E+00
 -9.51377312988720E-01  2.42364610983681E-01 -2.76842164149963E-05  1.49647551208440E-03 -1.31178128587002E-03
  2.12711791736412E-02 -7.15007670550590E-02  7.98960328844883E-02 -4.79244273772414E-02  2.12608063143562E-02
 -5.41621751434651E-03  1.30880828108777E-09 -1.40517348557308E-08  1.10074749640988E-08 -4.04409655768681E-09
  6.61087634215562E-10 -7.94649309063741E-09  6.01028437250486E-09 -2.41854321219610E-09 -1.10161525501134E-09
  1.23377291466071E-08 -9.43817124776775E-09  3.62753288916637E-09 -4.07913943288381E-11  4.51743259586484E-10
 -3.50145016541419E-10  1.32121126175475E-10 -1.91753539856075E-09  2.14320560943974E-08 -1.64052676030632E-08
  6.29532714459224E-09
* ORBITAL    1   33
 -2.70970076117454E-12  2.96490375096471E-11 -2.32398022581545E-10  1.20047676007828E-09 -5.81890025152549E-09
  2.41764961333264E-08 -9.37438986327124E-08  2.68803347424559E-07 -6.12807448651999E-07  1.08050253939011E-06
 -1.24552460287300E-06  8.33327907234602E-07 -3.08505410046599E-07  6.67906085053525E-08  1.23714077164670E-03
 -6.68738524488385E-02  5.86203252056907E-02 -9.50557365249946E-01  3.19519560622646E+00 -3.57035963314661E+00
  2.14162621709551E+00 -9.50093802612919E-01  2.42037623466034E-01  1.75924932052746E-05 -9.50964873496544E-04
  8.33597520389981E-04 -1.35171925299408E-02  4.54365769499412E-02 -5.07715148934423E-02  3.04545248470716E-02
 -1.35106004328456E-02  3.44184322282683E-03 -7.04504777223882E-05  3.80821283764378E-03 -3.33820553427052E-03
  5.41306435993449E-02 -1.81954296053586E-01  2.03318467259310E-01 -1.21957507445551E-01  5.41042457372501E-02
 -1.37831261763541E-02  1.91332258632522E-09 -2.13862735817763E-08  1.63699879372772E-08 -6.28194476225405E-09
 -9.77216481803189E-11  1.08451505248850E-09 -8.30707431322919E-10  3.17555969309178E-10 -8.33225131934366E-10
  9.01695128213463E-09 -7.04219462171040E-09  2.60604496719922E-09  6.26489977953385E-10 -7.59208435397216E-09
  5.72489919119215E-09 -2.31907568889179E-09  1.30930975753124E-09 -1.40574101332799E-08  1.10113690732865E-08
 -4.04600712853377E-09
* ORBITAL    1   34
  5.93912958756236E-13 -9.56557027434576E-12  5.82031182692667E-11 -3.66026275109887E-10  1.53658005062650E-09
 -7.31860732694370E-09  2.62604044062115E-08 -8.12793701734895E-08  1.45580456089509E-07 -1.32881080437336E-07
  5.45351439522909E-08 -2.41874520213929E-08  2.03886051906973E-08 -3.93581305490855E-10  7.00314580983780E-05
 -3.78556182139471E-03  3.31835039898808E-03 -5.38086806609790E-02  1.80872048533804E-01 -2.02109147347489E-01
  1.21232114201402E-01 -5.37824390104377E-02  1.37011460732038E-02  2.87277493702268E-05 -1.55288264061922E-03
  1.36122712451037E-03 -2.20729648682305E-02  7.41958769612096E-02 -8.29075893895980E-02  4.97308625698850E-02
 -2.20622000537232E-02  5.62037458355165E-03  1.23695609288748E-03 -6.68638694682999E-02  5.86115741358310E-02
 -9.50415468582065E-01  3.19471862715705E+00 -3.56982664000522E+00  2.14130650800179E+00 -9.49951970678669E-01
  2.42001490783741E-01  1.38342090242428E-10 -1.53328118018283E-09  1.17929206707137E-09 -4.48473552218585E-10
  1.91033033072544E-09 -2.13737627997768E-08  1.63551623521516E-08 -6.28152969742563E-09  7.41920904119446E-10
 -8.95401858533223E-09  6.76203427684772E-09 -2.73021615624036E-09  1.37539371034904E-09 -1.48276660905839E-08
  1.15960416289025E-08 -4.27733338536877E-09  3.16828369634206E-11 -3.21337304326785E-10  2.60325816234995E-10
 -8.96397056967696E-11
* ORBITAL    1   35
 -2.09418569190206E-15 -2.58531274543978E-14 -6.74518054538987E-14 -7.03758748863340E-13 -6.67595295086135E-13
 -9.46520314850242E-12  3.17737788328704E-12 -6.78243551826793E-11  6.78741228553863E-11 -5.64961611434893E-10
  1.14094523651411E-09 -5.34174097061328E-10  4.48551414356835E-10 -8.26149033498529E-11  1.13470411443678E-11
 -4.96044825133474E-10  4.55572718980396E-10 -6.92860591089736E-09  2.36998553681926E-08 -2.45850037642708E-08
  1.55265709586607E-08 -6.74211580798204E-09  1.72318551462356E-09 -2.27263702826089E-11  1.09824802993131E-09
 -1.00950625491214E-09  1.54899058337618E-08 -5.17000739917460E-08  5.41498920717521E-08 -3.36349083827768E-08
  1.46903756096164E-08 -3.75114338520198E-09  2.96205387608085E-12 -1.73694900645139E-10  1.51339782573147E-10
 -2.47365554160342E-09  7.98898140552343E-09 -8.47640537428754E-09  5.14694123367988E-09 -2.26348059484903E-09
  5.77294658184442E-10 -1.84327761070046E-03  2.32688017221538E-02 -1.72857804526146E-02  5.99598574302519E-03
 -4.64920590636479E-03  5.86897219236707E-02 -4.35990499258309E-02  1.51233716337663E-02 -3.84313469505855E-02
  4.85142002988576E-01 -3.60399226918802E-01  1.25013078369253E-01  3.90936422054560E-03 -4.93502554248789E-02
  3.66610060435433E-02 -1.27167454291900E-02 -1.09245518638589E-01  1.37907187583563E+00 -1.02447620460974E+00
  3.55364036568295E-01
* ORBITAL    1   36
 -7.88664630284762E-16 -2.10448345590237E-15 -3.30256097964428E-15 -3.83461932163954E-14 -2.58626837324854E-14
 -5.21306405031939E-13  3.59174602801283E-13 -3.63000101878210E-12  7.00124315989833E-12 -5.83300372533504E-11
  9.09042694984242E-11 -1.32686285901312E-11  3.11677799441649E-11 -4.81283316501956E-12 -9.60035348307326E-13
  6.45704661961020E-11 -5.40278760945696E-11  9.24269652777823E-10 -2.92815205008012E-09  3.13067207375411E-09
 -1.87537148588529E-09  8.28038684227177E-10 -2.11041593929221E-10 -6.99311735044746E-12  4.11726683226929E-10
 -3.57370183614589E-10  5.86285593825345E-09 -1.89309779238795E-08  2.00873707912003E-08 -1.21955812998392E-08
  5.36310432689345E-09 -1.36784290546490E-09 -2.32753213690375E-11  1.10752824938192E-09 -1.01770921095212E-09
  1.55980935498767E-08 -5.22524404182765E-08  5.46491524467214E-08 -3.40301851915251E-08  1.48498723190690E-08
 -3.79240558957193E-09 -3.86287780157003E-03  4.87634294022175E-02 -3.62250684336941E-02  1.25655300590299E-02
  1.12320735504739E-01 -1.41789218762708E+00  1.05331479264482E+00 -3.65367389505457E-01 -3.58785777700440E-03
  4.52916862527397E-02 -3.36460018115007E-02  1.16709192115232E-02  2.83223541810838E-02 -3.57530108298847E-01
  2.65599708622739E-01 -9.21296015866055E-02 -2.43921461439955E-03  3.07916728847943E-02 -2.28743234661525E-02
  7.93450534428968E-03
* ORBITAL    1   37
  5.73923980566647E-16 -9.98693290593823E-16  3.66190150082855E-15  1.11273545500473E-14  2.98240359327011E-14
  1.51915273932408E-13  1.74665940012472E-13  7.02603752173927E-13 -5.23263102763690E-13  1.62212158465512E-11
 -2.47500650762638E-11 -4.34284487023933E-12 -8.29253254858857E-12  9.47061574647742E-13  1.97423932696590E-11
 -9.56422769104116E-10  8.78943011780811E-10 -1.34921868455543E-08  4.50085103852567E-08 -4.71510637593753E-08
  2.92770365965833E-08 -1.27885936796392E-08  3.26546470116995E-09  1.55603540307607E-11 -6.88787720130741E-10
  6.30712796144888E-10 -9.62942630286413E-09  3.28494337646629E-08 -3.41118147538334E-08  2.15044478466609E-08
 -9.34315178251375E-09  2.38774535066924E-09  6.14456379325916E-13 -3.30467596622707E-11  2.98856594644615E-11
 -4.69532745804346E-10  1.53413472911310E-09 -1.62035642416519E-09  9.91856974112353E-10 -4.35290230444057E-10
  1.11062712115949E-10 -1.15788637023785E-01  1.46166959388236E+00 -1.08583587569159E+00  3.76648103781572E-01
 -4.71685458383070E-03  5.95436918641999E-02 -4.42334417222769E-02  1.53434255775738E-02 -2.22839023271944E-03
  2.81303099350097E-02 -2.08972669677735E-02  7.24871608479985E-03  2.89339889777455E-03 -3.65251142110087E-02
  2.71335461446781E-02 -9.41191844287120E-03  3.04187872256864E-03 -3.83994643290741E-02  2.85259515218673E-02
 -9.89490749912750E-03
* ORBITAL    1   38
  2.33877300711953E-17 -5.13883079081490E-15  1.03003081627539E-14 -2.06312493855952E-13  4.37709083324241E-13
 -3.20723581724757E-12  9.13854359562395E-12 -3.15635923136298E-11  7.54884973154500E-11 -3.18563275845157E-10
  5.40089831774117E-10 -3.28228521132271E-10  1.96853719539495E-10 -4.06204042639242E-11 -1.55080909320461E-11
  7.17472700654859E-10 -6.51289897260075E-10  1.00633549011771E-08 -3.40028668298996E-08  3.54407434592479E-08
 -2.21992026793616E-08  9.66479969506245E-09 -2.46909910488823E-09 -3.65331944102784E-12  1.67089290575467E-10
 -1.55515684077339E-10  2.34804921000315E-09 -7.92513408954577E-09  8.26460150606391E-09 -5.17258166222436E-09
  2.25380067564490E-09 -5.75730890801929E-10  4.33754748827451E-12 -3.06232508119222E-10  2.59631260042319E-10
 -4.40284439871562E-09  1.38141878721980E-08 -1.48288416930071E-08  8.82086229220244E-09 -3.90551986002664E-09
  9.94978686917355E-10  4.36101356385997E-03 -5.50516966855108E-02  4.08964567160766E-02 -1.41859126394146E-02
 -1.16100253906122E-02  1.46560332121350E-01 -1.08875813821266E-01  3.77661760318428E-02 -1.02503249647818E-01
  1.29396015999846E+00 -9.61248950751509E-01  3.33432153662839E-01  3.69082935960384E-02 -4.65915584634162E-01
  3.46116426698090E-01 -1.20058748029716E-01  3.78007702705828E-02 -4.77181854383893E-01  3.54485842011016E-01
 -1.22961879596388E-01
* ORBITAL    1   39
 -6.85046316299793E-16 -2.79810116121546E-15  1.56873187260985E-15 -9.87541924671237E-14  1.35441238507185E-13
 -1.48868203556048E-12  3.43518558367808E-12 -1.39746933768115E-11  2.88960270050911E-11 -1.24127349155879E-10
  2.24566541068470E-10 -1.47312642317801E-10  8.46233893673699E-11 -1.76647387741692E-11  2.86446532211938E-12
 -2.23405622056107E-10  1.85784696493996E-10 -3.22394163933957E-09  9.98757591651487E-09 -1.07766071210826E-08
  6.35175539346374E-09 -2.82048444965340E-09  7.18202704164076E-10 -3.55092041443153E-12  1.89663670436651E-10
 -1.69445108615115E-10  2.68926436082530E-09 -8.81707354959704E-09  9.29955550493108E-09 -5.70618689735943E-09
  2.50146017695497E-09 -6.38336107970606E-10  1.18063200572576E-11 -5.37211181934544E-10  4.84438011769836E-10
 -7.51708103145043E-09  2.55280322657156E-08 -2.65541795822925E-08  1.66900326327258E-08 -7.25660482421563E-09
  1.85424981229150E-09 -2.73884774604051E-03  3.45741220879254E-02 -2.56842054395828E-02  8.90918000811632E-03
  2.56367615030802E-02 -3.23628256952649E-01  2.40414915421603E-01 -8.33936546408484E-02 -3.80805018784315E-02
  4.80713074685741E-01 -3.57109092643690E-01  1.23871816723197E-01 -1.06131121346282E-01  1.33975696604204E+00
 -9.95270192764177E-01  3.45233233899032E-01  8.55355584981483E-03 -1.07976679119024E-01  8.02130333826497E-02
 -2.78238061550572E-02
* ORBITAL    1   40
 -1.25516063594515E-06  2.82648313472580E-04 -7.27336069555518E-04  9.45860039871595E-03 -2.20662672057049E-02
  1.67605765863038E-01 -3.38022514355199E-01  2.15410241905693E+00 -6.16709073714410E+00  8.44480121135465E+00
 -6.24188919629828E+00  3.16776645826896E+00 -1.40504642254222E+00  3.26651676710098E-01 -4.41793198409560E-09
  2.94078687941172E-08 -2.86555124257260E-07  1.09404875384298E-06 -1.15520980203500E-06  8.11045930163394E-07
 -4.19382137328429E-07  1.86491613487750E-07 -4.78580175210139E-08 -1.27172675247740E-09  7.34233502983744E-09
 -7.90273930919057E-08  2.92478269524827E-07 -3.31334360099240E-07  1.84767774172969E-07 -1.28587792686782E-07
  5.02691221095974E-08 -1.29695728139758E-08  1.50754363258875E-09 -1.08416627106620E-08  1.00242462062212E-07
 -3.89185336773902E-07  3.95186383003179E-07 -3.11029701357873E-07  1.37625367685562E-07 -6.60744741735976E-08
  1.68985948583401E-08  3.71522062511301E-11 -3.26126290016852E-11  5.95548249012282E-12 -2.38876958956393E-11
  7.74151120170363E-11 -6.79949726806760E-11  1.25081271533658E-11 -4.97962359936360E-11 -1.98536447217020E-10
  1.52009586111912E-10  4.72579624476118E-11 -1.40232782097263E-10  5.84286714768804E-11 -5.11981334184269E-11
  8.94163620013489E-12 -3.82372298474730E-11 -3.94538230116786E-10  2.90578589319761E-10  9.62338497309202E-11
 -7.20368559147502E-11
* ORBITAL    1   41
 -4.96181538072866E-17  4.56734232546774E-16  8.53636829697774E-15 -5.72797340023248E-14  2.61938477534534E-13
 -1.13183004666335E-12  3.42580015246688E-12 -1.61827876050485E-11  5.10363694091832E-11 -6.73557471709113E-11
  4.87554508818510E-11 -3.84986512689438E-11  9.33475278041182E-12 -2.84665685956369E-12 -1.36962925476293E-11
  9.19526073964662E-11 -8.43542594959445E-10  3.07296140536270E-09 -3.13268620177516E-09  1.89917572357298E-09
 -1.13483800552238E-09  4.73416607632360E-10 -1.23175101439230E-10  3.76279189299240E-12 -1.98446983781201E-11
  2.28605827339683E-10 -7.17816356739473E-10  7.22497086267539E-10 -4.23929791649302E-10  2.66399916488817E-10
 -1.08058085434416E-10  2.82069612494038E-11 -2.25714150793142E-11  1.00993583844954E-10 -1.36156414697819E-09
  3.87674460000762E-09 -3.87047178971445E-09  2.20234746230316E-09 -1.44808711950685E-09  5.73217862295789E-10
 -1.50054266336931E-10 -1.59349720914733E-01  1.30613892566640E-01 -6.22393107553619E-02  2.04238276646059E-02
  6.43428094394595E-02 -5.27397522337836E-02  2.51312150946507E-02 -8.24680736121299E-03 -8.33994877184310E-01
  6.83599046581839E-01 -3.25744319051709E-01  1.06892986991879E-01  9.62291674599825E-01 -7.88759846476041E-01
  3.75854882141966E-01 -1.23336766530966E-01  5.19491718610657E-01 -4.25810821222071E-01  2.02904694933181E-01
 -6.65831686007514E-02
* ORBITAL    1   42
 -5.05191968656274E-16 -3.45113395148044E-14  3.59686915834269E-14 -1.13246552029381E-12  1.69895289690204E-12
 -1.91308721370226E-11  3.14879390380563E-11 -2.42720224126606E-10  6.20154124033040E-10 -7.19420122839828E-10
  4.74840088321416E-10 -2.80530465208069E-10  9.54515947263393E-11 -2.51272945865693E-11  2.42580601975348E-11
 -1.09033322863909E-10  1.46357026033746E-09 -4.17755570219000E-09  4.17212587159046E-09 -2.37515261153893E-09
  1.56048186858683E-09 -6.17976841650245E-10  1.61762954090364E-10 -2.90285386138797E-12  1.84597780678802E-11
 -1.77645705875877E-10  6.31725857978560E-10 -6.39366878889289E-10  3.92457451600605E-10 -2.31061522720595E-10
  9.71027334669850E-11 -2.52509854537312E-11 -1.36940670296805E-11  8.87586804692455E-11 -8.41595359367233E-10
  2.99740579592719E-09 -3.05079530112648E-09  1.83985155910420E-09 -1.10818039882335E-09  4.60248994790736E-10
 -1.19809063858377E-10 -3.89780677470013E-02  3.19490810773592E-02 -1.52241752117609E-02  4.99581256744746E-03
 -1.60798474878528E-01  1.31801390062974E-01 -6.28051695951594E-02  2.06095142232088E-02  7.17415245670263E-01
 -5.88042434504656E-01  2.80210283146829E-01 -9.19509946898164E-02  9.77408664933916E-01 -8.01150762130650E-01
  3.81759323352851E-01 -1.25274308709407E-01 -6.50821731555103E-01  5.33457851307768E-01 -2.54199980799746E-01
  8.34157148779457E-02
* ORBITAL    1   43
  3.51167196133799E-16  1.43041935795999E-14 -3.59069451093584E-14  4.81353920164993E-13 -1.09285696830285E-12
  8.49068343038374E-12 -1.70236409544557E-11  1.12353380923632E-10 -3.14530490975742E-10  3.78388315407690E-10
 -2.51332239426341E-10  1.82015846775485E-10 -4.68016319043921E-11  1.40845146629518E-11 -2.13035570874990E-11
  1.55886763604285E-10 -1.31595737361201E-09  5.11113309985318E-09 -5.21254784371023E-09  3.24558372328396E-09
 -1.86725737577296E-09  7.95239757064040E-10 -2.06474067567731E-10 -2.11091343761150E-11  1.02746728245753E-10
 -1.27869007825601E-09  3.81397304835782E-09 -3.82929330139882E-09  2.19967321592044E-09 -1.42468644820059E-09
  5.68679773501799E-10 -1.48709093834787E-10 -1.97515140056435E-12  1.21696988597923E-11 -1.21156593893847E-10
  4.17014364916601E-10 -4.23712039387683E-10  2.52786637785253E-10 -1.54670144790469E-10  6.36867733358092E-11
 -1.65941974181271E-11  1.33948741816141E+00 -1.09793518762455E+00  5.23181171532884E-01 -1.71681883283428E-01
 -5.10299460886510E-02  4.18276220243396E-02 -1.99314354253384E-02  6.54049984317644E-03  1.08836776687207E-01
 -8.92100405065886E-02  4.25098075281664E-02 -1.39495918652918E-02  1.60863699001992E-01 -1.31854852201040E-01
  6.28306450373069E-02 -2.06178739884517E-02  2.93944767146061E-01 -2.40937166480041E-01  1.14809863501235E-01
 -3.76748527239375E-02
* ORBITAL    1   44
 -6.33651613368295E-16 -1.01076943921146E-14 -5.36161155950130E-15 -2.94229640451071E-13  1.21461557293207E-13
 -4.58623865692110E-12  5.00610850194980E-12 -5.40843291181406E-11  1.13367180013878E-10 -1.20848417393363E-10
  8.00242227373519E-11 -1.59857962974086E-11  1.98367121377115E-11 -3.51832223927334E-12  1.56889392472003E-12
 -6.31717138442922E-12  9.43285287408503E-11 -2.52869102963254E-10  2.51067184447300E-10 -1.39889289461985E-10
  9.48421769063262E-11 -3.69376795955785E-11  9.68860430184973E-12  7.66100797071584E-12 -1.59295314220943E-11
  4.51535645154146E-10 -8.86296920940135E-10  8.45187058081762E-10 -4.13812089349330E-10  3.37964777830315E-10
 -1.19758469617209E-10  3.17904854819252E-11 -1.83359355927694E-11  1.43533620761060E-10 -1.13746006296281E-09
  4.62376850295343E-09 -4.72755286607806E-09  2.97407704549253E-09 -1.68449669477695E-09  7.23782895360525E-10
 -1.87742295415801E-10  2.46958139406322E-03 -2.02423723784792E-03  9.64576799508661E-04 -3.16525843272242E-04
  1.35671383947361E+00 -1.11205513668967E+00  5.29909520872436E-01 -1.73889790885350E-01  2.56727771261295E-01
 -2.10431579936858E-01  1.00273533229097E-01 -3.29047564492700E-02  8.86134220560945E-02 -7.26336006241521E-02
  3.46109066326967E-02 -1.13575678103459E-02  8.07258967309956E-02 -6.61684472514843E-02  3.15301724009275E-02
 -1.03466249793967E-02
* ORBITAL    1   45
  5.23086859585207E-16  1.18461726731833E-13 -2.11588691611914E-13  3.84632731389857E-12 -7.35586385228678E-12
  6.65073928483808E-11 -1.22753335502520E-10  8.62632895082590E-10 -2.31403756317012E-09  2.74633492958701E-09
 -1.82753291174520E-09  1.20901804241668E-09 -3.54399621909303E-10  9.98215908554944E-11 -7.19700288623906E-12
  3.18166152200598E-11 -4.34606552442382E-10  1.22124741207860E-09 -1.22209090108697E-09  6.84030601022613E-10
 -4.59586534817355E-10  1.79950513658140E-10 -4.71589588137776E-11  2.51395977301464E-11 -1.83056692410761E-10
  1.55258610248636E-09 -6.00934397475236E-09  6.12778562243645E-09 -3.81152362571279E-09  2.19616890228945E-09
 -9.34529505617876E-10  2.42659533410463E-10  4.57981879787754E-12 -9.26609838925819E-12  2.69550359545955E-10
 -5.25018426014858E-10  4.99041107728307E-10 -2.45235758008418E-10  1.99561527766960E-10 -7.08070092746427E-11
  1.87941871883425E-11 -3.15931057342368E-01  2.58958628514670E-01 -1.23397337267118E-01  4.04928319421446E-02
 -2.18366788438432E-01  1.78988303723515E-01 -8.52903809698363E-02  2.79880355554898E-02  7.95594127790361E-01
 -6.52123174974433E-01  3.10745634635279E-01 -1.01971169222079E-01  7.67741170181387E-02 -6.29292992458810E-02
  2.99866739627979E-02 -9.84012602020066E-03  1.06517413132983E+00 -8.73089320493722E-01  4.16039032808390E-01
 -1.36523194179432E-01
* ORBITAL    1   46
  6.17364383891383E-12  5.86044505143318E-11  2.39432814536884E-10  1.42901201244774E-09  4.38083376513628E-09
  1.63985936285542E-08  9.04949655058156E-08  3.45882800849783E-07 -1.72269526264073E-06  2.56514189258861E-06
 -1.82094550046603E-06  8.88988625649237E-07 -4.35809862157603E-07  1.08051601356300E-07  2.30488263800551E-02
 -7.01753344827178E-02  1.35514856412763E+00 -3.12566911686967E+00  2.85003857098736E+00 -1.76035655160292E+00
  1.01108827687581E+00 -4.23608284785421E-01  1.10450426091917E-01 -1.16360419758256E-04  3.54275372030343E-04
 -6.84137461665076E-03  1.57797262246536E-02 -1.43882243499349E-02  8.88703929916840E-03 -5.10440983254015E-03
  2.13855736536796E-03 -5.57601368948993E-04 -1.01725916070585E-02  3.09718598003518E-02 -5.98094353381784E-01
  1.37951299089819E+00 -1.25786354303974E+00  7.76932759378789E-01 -4.46243463255588E-01  1.86959370742654E-01
 -4.87472579551929E-02  1.77690640842921E-09 -1.68072806751997E-09  7.64453378670292E-10  2.14522815909326E-11
 -7.89090629942353E-10  7.46681486086661E-10 -3.39566529407925E-10 -9.95252433766431E-12 -1.14017576759579E-09
  1.05219320129578E-09 -4.31720216575957E-10  2.62848378464400E-12 -8.96895465559653E-10  5.77595816048594E-10
 -2.24509780108215E-10  2.06512379605657E-10  2.00688749360982E-09 -1.69352341370696E-09  6.87447254375415E-10
 -1.34321261353533E-10
* ORBITAL    1   47
 -3.12899953048886E-13  4.24568733197170E-12 -2.88812401871278E-11  1.63355660032154E-10 -7.52742551259342E-10
  3.02987817710999E-09 -1.35914567769494E-08  4.65987195543248E-08 -8.09386679774310E-08  6.46790098365786E-08
 -1.59730951398535E-08  7.00509268657425E-09 -1.35206029984812E-08  2.40429537597507E-09  9.97679103445852E-03
 -3.03757181335390E-02  5.86582320509138E-01 -1.35296032365105E+00  1.23365236718443E+00 -7.61978468816586E-01
  4.37654233634529E-01 -1.83360803552250E-01  4.78089771409459E-02 -4.66857484038033E-03  1.42141211363606E-02
 -2.74487403174533E-01  6.33109032638147E-01 -5.77279647597595E-01  3.56562893979394E-01 -2.04797467589400E-01
  8.58025014355595E-02 -2.23719002476331E-02  2.26585879646419E-02 -6.89872003479755E-02  1.33220461991104E+00
 -3.07274858139485E+00  2.80178471721584E+00 -1.73055204834837E+00  9.93969594584612E-01 -4.16436194394336E-01
  1.08580396008338E-01  3.69429513000865E-10 -3.90388467851946E-10  1.94165416667585E-10  3.61357645349087E-11
  1.76011329252450E-09 -1.62728601770328E-09  7.39312401524604E-10 -9.40446316095401E-12 -3.07365964352121E-10
  3.50596232842583E-11  6.84092640543818E-12  2.03227871115520E-10  1.95701130214722E-09 -1.72775216443378E-09
  7.05545298429658E-10 -6.81857038225700E-11  1.22683311436904E-09 -1.07159384307275E-09  4.51438209679541E-10
 -5.39983615308276E-11
* ORBITAL    1   48
  5.29306041471879E-13  2.22660367136375E-11 -1.93433444861301E-11  6.85083833169957E-10 -8.86682572142230E-10
  1.06094532234646E-08 -1.39628060841178E-08  1.84000135586652E-07 -5.50076453534146E-07  6.79670394569749E-07
 -4.04329911781091E-07  1.93783608378272E-07 -1.21405452433230E-07  2.86517292814317E-08  1.98967350678977E-03
 -6.05783592910375E-03  1.16982234444941E-01 -2.69821157512249E-01  2.46027546558859E-01 -1.51961523376636E-01
  8.72814743604341E-02 -3.65676827743181E-02  9.53455402650251E-03  2.47575127023835E-02 -7.53776700080165E-02
  1.45561025218672E+00 -3.35738537258556E+00  3.06132141694366E+00 -1.89085762394125E+00  1.08604361324599E+00
 -4.55011769606497E-01  1.18638473492371E-01  4.22496511415026E-03 -1.28634901165839E-02  2.48405508657572E-01
 -5.72950774772747E-01  5.22426315971045E-01 -3.22682154986936E-01  1.85337535336363E-01 -7.76495155016469E-02
  2.02461148914485E-02  2.29935388657785E-09 -1.95513306283012E-09  8.00186800411732E-10 -1.42566993760966E-10
  3.11152456797760E-10 -4.87817755370945E-10  2.23793595517723E-10  1.62010920826120E-10 -1.21126046030996E-09
  1.09679512275642E-09 -4.93797747349870E-10  2.51274360781395E-11  3.64920168279736E-10 -3.23160688523621E-10
  1.31950345054380E-10 -1.18875304278891E-11 -1.74790519427867E-09  1.66968729162028E-09 -7.66184509813057E-10
 -3.38169703192925E-11
* ORBITAL    1   49
  1.03221573932768E-04 -4.51303037174594E-04  7.28995119573450E-03 -2.29184053546137E-02  1.73448168188023E-01
 -4.85656201650719E-01  3.20845413428995E+00 -7.03851071177805E+00  7.57620120636941E+00 -5.09222728576589E+00
  2.94949109114678E+00 -1.56273599403896E+00  5.99172383852698E-01 -1.51509644962774E-01 -1.45460417962598E-08
  2.74247254282306E-07 -7.80303898643415E-07  6.19125481574486E-07 -4.55674555272337E-07  1.67158162016846E-07
 -1.83114775009388E-07  5.96643706868877E-08 -1.60793950789717E-08 -5.85058001685219E-10  8.43653029832748E-09
 -2.82042754029518E-08  1.81021761874642E-08 -2.72093526115666E-08 -1.98215012192643E-08 -1.82495138452594E-08
  1.93264332117474E-09 -5.62687949814757E-10  7.62721820469907E-09 -1.45726796539105E-07  4.11470361529654E-07
 -3.29545301486846E-07  2.32650888272908E-07 -1.06619674411256E-07  8.82423659273405E-08 -3.16332188926772E-08
  8.48998457649494E-09 -6.00324538949255E-12  3.68270254789206E-12 -6.19040404869523E-12 -1.01996655447744E-11
 -1.25133927967424E-11  7.66133632540731E-12 -1.28533186551968E-11 -2.12602445125384E-11  2.30739879631425E-11
 -2.65196452829405E-11  7.72538994950005E-11 -9.44093363394907E-11 -9.46797097659211E-12  5.83299775319584E-12
 -9.92684694784963E-12 -1.64295329221205E-11  5.44394309008689E-11 -5.92512037331355E-11  1.48607305908602E-10
 -7.03443186328561E-11
* ORBITAL    1   50
 -2.46528060348643E-11  7.63537831486460E-11 -1.66591487187111E-09  4.31825512838474E-09 -3.84659474074786E-08
  8.22142413595127E-08 -7.53247707940725E-07  1.86287006701130E-06 -2.25908360071833E-06  1.71852791591765E-06
 -1.00809372933884E-06  5.18264470518992E-07 -2.25720814289402E-07  5.98516649344119E-08 -5.89921785988225E-02
  1.57600353277174E+00 -2.58165312512482E+00  1.97612226353163E+00 -1.27584896805378E+00  8.04765183172410E-01
 -4.10830650620399E-01  1.87061381292422E-01 -4.91314569327415E-02  5.20516607558460E-04 -1.39058436936259E-02
  2.27791779110774E-02 -1.74362853970533E-02  1.12574343658273E-02 -7.10083368789342E-03  3.62495814916222E-03
 -1.65053332616866E-03  4.33510707964506E-04  2.21407626704976E-02 -5.91500789192453E-01  9.68938095175996E-01
 -7.41672118426160E-01  4.78847703602918E-01 -3.02041988475823E-01  1.54191693991493E-01 -7.02073012572120E-02
  1.84398668174577E-02  3.26205023483035E-10 -3.24936631673221E-10  8.89575291148541E-11  1.30697712595973E-10
 -1.24026131350775E-10  1.23755165195019E-10 -3.38349415615103E-11 -5.00389344061422E-11 -1.77847395453133E-10
  1.73661818951264E-10 -2.10576862506879E-11 -6.66284358652053E-11 -7.36941132818355E-12 -5.06222826352516E-11
  3.99940374331639E-11  6.69994214838450E-11  2.49838007513975E-10 -2.10207899834967E-10  6.37850399434441E-12
  5.28746000464051E-11
* ORBITAL    1   51
  3.56245886172914E-12 -1.50671996957683E-11  2.50167471294771E-10 -7.75386797216266E-10  5.89776766753404E-09
 -1.64632908173383E-08  1.10781806455976E-07 -2.42564334464755E-07  2.65875056505115E-07 -1.96017278180502E-07
  1.30136433608719E-07 -6.68800920225707E-08  2.03117641968421E-08 -5.81002591645784E-09 -2.19463279291141E-02
  5.86306373549120E-01 -9.60429115077850E-01  7.35158932366070E-01 -4.74642577561430E-01  2.99389528407786E-01
 -1.52837619230667E-01  6.95907576644087E-02 -1.82779326741481E-02  7.08456497705610E-03 -1.89267454009276E-01
  3.10039224764895E-01 -2.37319029848491E-01  1.53220903423536E-01 -9.66469017190317E-02  4.93380057996983E-02
 -2.24648174391803E-02  5.90035888310541E-03 -5.86406777892796E-02  1.56661302329784E+00 -2.56627051592257E+00
  1.96434766867593E+00 -1.26824690638494E+00  7.99970041815806E-01 -4.08382743088550E-01  1.85946788779232E-01
 -4.88387102057926E-02  9.25407046431040E-11 -9.66983078417292E-11  3.24526968247919E-11  4.25688058985562E-11
  3.16198113555801E-10 -3.09418104400645E-10  8.33982185643402E-11  1.20013020185085E-10  6.76587461074615E-11
 -1.25497660560763E-10  5.34076224931013E-11  9.72465630290563E-11  2.77177100017033E-10 -2.53757219617535E-10
  2.13878604346980E-11  8.36680031262494E-11  1.31304444058302E-10 -1.16375022685276E-10  1.27556949081328E-11
  3.49856982741890E-11
* ORBITAL    1   52
  5.11309760256726E-14 -8.46961503615869E-12  2.28729493370395E-11 -3.20514220071779E-10  7.84630077955845E-10
 -9.50303903390156E-09  5.40164101606390E-09  4.95809551051296E-08 -1.15950199665121E-07  9.87148405336148E-08
 -2.53930662818446E-08  1.26273603623784E-08 -2.37491527535202E-08  5.87010085113152E-09 -2.97371862151102E-03
  7.94442776999261E-02 -1.30137757384634E-01  9.96137381729430E-02 -6.43138772514143E-02  4.05671599865704E-02
 -2.07094354949307E-02  9.42951959609418E-03 -2.47665257212690E-03 -6.26106981907585E-02  1.67267396194850E+00
 -2.74000903203028E+00  2.09733553290222E+00 -1.35410820020657E+00  8.54128641814588E-01 -4.36030570723721E-01
  1.98535533362231E-01 -5.21451346201666E-02 -6.45127874111571E-03  1.72348915686726E-01 -2.82324945558247E-01
  2.16105177918593E-01 -1.39524549079776E-01  8.80076732675680E-02 -4.49277010387074E-02  2.04566965303848E-02
 -5.37292796015768E-03  2.78586207191382E-10 -2.36519769791514E-10  1.03903095600878E-11  6.14659947991802E-11
  1.26447103373709E-10 -1.72007448916982E-10  5.45042113774616E-11  1.06094680945337E-10 -1.97649607636810E-10
  1.90117976036650E-10 -4.92548597843008E-11 -7.08966048185511E-11  3.13065590065122E-11 -2.91326709366567E-11
  2.71268259278174E-12  1.00289020028395E-11 -3.36130661759249E-10  3.36376496735194E-10 -9.42126557805888E-11
 -1.36591962742619E-10
* ORBITAL    1   53
 -1.13100248035737E-04  3.55097240071975E-03 -1.52161903232069E-02  1.32599134311248E-01 -4.61712814008406E-01
  3.27164031007507E+00 -5.68315089619360E+00  5.32196183442979E+00 -3.73634553368880E+00  2.42529276847067E+00
 -1.38636744533508E+00  6.77592028198173E-01 -3.02898225575743E-01  7.22455010843984E-02 -8.74498072980920E-09
  8.57790506631736E-08 -1.20587071786741E-08  2.95544007655843E-08 -9.83915836632235E-09  2.84574913209083E-08
  4.84562992157348E-09  2.81119336275501E-09 -5.64298567024847E-10 -2.60323257605559E-09  2.50557705221713E-08
 -3.93951546346317E-09  7.82391571027732E-09 -5.82207566258911E-09  1.52384660350215E-09 -1.80706403671289E-09
  7.74305645693929E-10 -1.72059888646577E-10  2.94038360110596E-09 -2.92074298850390E-08  3.77245321739424E-09
 -1.06328584914291E-08  1.19948780224156E-09 -1.46306114791741E-08 -4.01634774366049E-09 -9.93750482472543E-10
  1.85259806647509E-10 -1.56107229120286E-12  9.36772564797328E-13 -1.81981219201124E-12 -3.28284011335876E-12
 -3.25288504120071E-12  1.94759094487949E-12 -3.77669365901457E-12 -6.84457518221017E-12  6.37027503349161E-12
 -7.53640282407411E-12  2.35056586639295E-11 -2.94211634336271E-11 -2.46312238278329E-12  1.48600837716493E-12
 -2.92043321718508E-12 -5.28853078500337E-12  1.48088068916864E-11 -1.66779945486775E-11  4.50794883889699E-11
 -2.13736994130463E-11
* ORBITAL    1   54
 -2.63635432239100E-12  4.92723257622725E-11 -2.75590454918373E-10  1.89880260725436E-09 -7.89994533260525E-09
  4.54705598377003E-08 -1.08706643947645E-07  1.71356212927752E-07 -1.94563668901806E-07  1.57789612459974E-07
 -9.18575028135577E-08  4.56191542681329E-08 -2.24274720102918E-08  6.15148897273384E-09  1.19527232908370E+00
 -1.19513247925386E+00  9.27390451755654E-01 -6.70956213397272E-01  4.39605977150077E-01 -2.63073324272110E-01
  1.52478821169273E-01 -6.61639532061808E-02  1.75660744522203E-02 -5.21738778914728E-03  5.21677734000404E-03
 -4.04807799618954E-03  2.92873738164764E-03 -1.91888894428226E-03  1.14832035342804E-03 -6.65573123572476E-04
  2.88806986794412E-04 -7.66762658666811E-05 -5.28603780691035E-01  5.28541932715683E-01 -4.10134232180462E-01
  2.96727350242677E-01 -1.94413754714381E-01  1.16342987643612E-01 -6.74330688895160E-02  2.92607089901306E-02
 -7.76851700082240E-03  5.05468817224557E-11 -5.34265339396687E-11  1.51099924803472E-11  2.21647378369687E-11
 -2.24882493997792E-11  2.37804028618433E-11 -6.72384174232045E-12 -9.89351572390215E-12 -2.85771611654677E-11
  3.04352828236697E-11 -4.12177448905171E-12 -1.24254953988589E-11 -3.27794259940483E-12 -5.53123177097412E-12
  6.75274356086777E-12  1.10219416682295E-11  3.80493435176020E-11 -3.47875255398693E-11  9.42009436811946E-13
  8.62909163161805E-12
* ORBITAL    1   55
  8.81908603431005E-15  1.81840170690943E-12 -4.08690178914565E-12  6.24023511938883E-11 -2.14441968757097E-10
  1.46780358431766E-09  2.42639705393021E-10 -3.57561340249639E-09  4.12816081714073E-09 -4.23694944702773E-09
  4.91535329930524E-09 -2.34570918358768E-09 -1.58713305944041E-10 -5.15749948915783E-11  5.20987686650400E-01
 -5.20926729365176E-01  4.04225040834070E-01 -2.92452118968082E-01  1.91612652164804E-01 -1.14666724355143E-01
  6.64614969849439E-02 -2.88391223094074E-02  7.65658857770782E-03 -2.09785923904525E-01  2.09761378184097E-01
 -1.62769151285129E-01  1.17761589167181E-01 -7.71565975646133E-02  4.61728083316025E-02 -2.67620269517900E-02
  1.16126389201802E-02 -3.08307564350580E-03  1.18012152570455E+00 -1.17998344753070E+00  9.15635213848386E-01
 -6.62451435272914E-01  4.34033703832747E-01 -2.59738710079097E-01  1.50546059334061E-01 -6.53252847763522E-02
  1.73434138005496E-02  1.54706861623315E-11 -1.72957498327187E-11  6.43891238611369E-12  8.17675672064658E-12
  4.77133622318133E-11 -4.92526463026277E-11  1.36644934253731E-11  1.93251740654596E-11  1.09554202270557E-11
 -2.04502758272653E-11  9.47059799816688E-12  1.69849214198628E-11  4.32061165898375E-11 -4.31680788561304E-11
  4.00700042791429E-12  1.48927674847536E-11  2.53899678256049E-11 -2.44671460483366E-11  3.03491326129727E-12
  7.61344337041624E-12
* ORBITAL    1   56
 -4.83980482806683E-13  1.36765473704947E-11 -6.20436266536697E-11  5.08260589913799E-10 -1.99477763487837E-09
  1.21829309281970E-08 -2.05815237815948E-08  2.50080722142028E-08 -2.80263523208757E-08  2.03428301398239E-08
 -5.83501694733501E-09  3.01624749264414E-09 -4.62728417296667E-09  1.13391914768652E-09  8.95600831159551E-02
 -8.95496040117980E-02  6.94880688516579E-02 -5.02738101722062E-02  3.29390607173806E-02 -1.97117161162529E-02
  1.14250247061095E-02 -4.95757241305559E-03  1.31620135840180E-03  1.28999525756327E+00 -1.28984431940695E+00
  1.00088427882379E+00 -7.24128142618721E-01  4.74443866564967E-01 -2.83921355435734E-01  1.64562460598322E-01
 -7.14073127913948E-02  1.89581495038877E-02  1.89779731621319E-01 -1.89757526168454E-01  1.47246704086229E-01
 -1.06531278988802E-01  6.97985741166787E-02 -4.17695480434403E-02  2.42098716980328E-02 -1.05052019676296E-02
  2.78905884170425E-03  4.46184326721887E-11 -4.13096435057537E-11  2.07349663481209E-12  1.08632657961758E-11
  2.25685401361371E-11 -3.09597004597590E-11  1.01205266570696E-11  1.95027673758569E-11 -3.07719837197481E-11
  3.10765089483252E-11 -8.12324701779826E-12 -1.14781697886072E-11  7.01385611858945E-12 -7.04198770948806E-12
  6.72880619108797E-13  2.46660355684240E-12 -5.19059590096067E-11  5.52386275317812E-11 -1.62536306123104E-11
 -2.33215001125802E-11
* ORBITAL    1   57
  9.90024778349809E-04 -7.64715386118631E-03  8.11507680349526E-02 -3.75574771563303E-01  2.88023223483958E+00
 -4.33854379843273E+00  3.84038557849965E+00 -2.88749054421276E+00  1.99780886531008E+00 -1.25312711090355E+00
  7.25747177261029E-01 -3.74721227470852E-01  1.56941859329803E-01 -3.87494672327923E-02  3.33919552905168E-10
  1.08547354596200E-09  6.76210973705053E-10 -1.09497136705625E-10 -5.23364604446226E-10 -1.24923391687562E-09
 -6.32026398695224E-10 -5.42892193734520E-12 -3.74220345914677E-13  3.33236837094372E-10  1.12529577255542E-09
  7.45511863302008E-10 -1.05767350615895E-10 -5.29231251473321E-10 -1.24873716847235E-09 -6.05054951394640E-10
 -1.00243285722883E-11 -8.05084612227394E-13  7.69599262898845E-11  2.84017511785926E-10  2.15997728055531E-10
 -9.78733316162680E-12 -7.87892952073893E-11 -1.79712147013479E-10 -7.04541590292293E-11 -4.43218427733837E-12
 -3.30113081495627E-13 -1.60229023274945E-13  9.21027415831902E-14 -1.97317998044224E-13 -3.70723344802420E-13
 -3.35096735411931E-13  1.95417422559239E-13 -4.09124309259011E-13 -7.73867626297492E-13  6.74690010724686E-13
 -8.46583592784703E-13  2.65093370629467E-12 -3.31262644683723E-12 -2.54160179010025E-13  1.47500111232019E-13
 -3.15671647286369E-13 -5.98739926447610E-13  1.54799161324013E-12 -1.81175032916843E-12  5.03052455525047E-12
 -2.39300934517972E-12
* ORBITAL    1   58
 -2.40986476378308E-03  4.11719098427769E-02 -2.73276133716104E-01  2.43398974974879E+00 -3.32161451011371E+00
  2.76065952515185E+00 -2.05014806158230E+00  1.49902629264420E+00 -1.03945279062648E+00  6.64106613619700E-01
 -3.87308690559840E-01  1.99150865948132E-01 -8.47048098850507E-02  2.08125503083568E-02  1.34159216487179E-10
  8.37224087854329E-10  6.24095417241525E-10  4.74595695920822E-11  4.63512725948380E-11  1.13246205323764E-10
  7.40667479971969E-11  2.71254894479057E-13  1.04955690296792E-12  8.14202111111223E-11  5.06326992687139E-10
  3.75373229069407E-10  1.51687501665189E-11 -2.67907340873403E-11 -6.45614840945623E-11 -2.66788203021055E-11
 -1.38916331216190E-12  1.94068126286334E-13 -1.48400398855544E-11 -9.37616064316359E-11 -7.15703484475705E-11
 -1.50448727323021E-11 -4.50696019116880E-11 -1.09375058324731E-10 -6.03385467990136E-11 -1.17348338626916E-12
 -4.45649728848959E-13 -6.09668181990131E-15  3.62518844753605E-15 -7.17256556669983E-15 -1.63872154150182E-14
 -1.50499572117831E-14  9.36762378949165E-15 -1.80517892420077E-14 -3.25787575930744E-14  2.88854442875897E-14
 -3.36506898008403E-14  1.09196092575650E-13 -1.40597848469067E-13 -1.13122710743533E-14  5.76436257615188E-15
 -1.16712221682021E-14 -2.66356697928636E-14  6.88168809783193E-14 -7.76487389520625E-14  2.12881130818929E-13
 -1.00462962825374E-13
* ORBITAL    1   59
  1.43003937894189E-02 -1.67659437523899E-01  1.99484650174933E+00 -2.44580678889590E+00  1.90043011120787E+00
 -1.37208923114048E+00  1.00864688307076E+00 -7.46691515523189E-01  5.23338300724373E-01 -3.36288519758033E-01
  1.96808091336392E-01 -1.01451085366452E-01  4.31448033299439E-02 -1.06106383321859E-02  8.92886277456989E-12
  6.32294368226156E-11  4.73541791100969E-11 -6.04504398733960E-13 -1.63365821891029E-11 -3.91420008629719E-11
 -2.09988833604975E-11 -5.32154333772833E-13 -1.09299200955606E-13  1.14689153641306E-11  8.12523512167423E-11
  6.15612374996653E-11  1.48961433846775E-12 -1.08688461481480E-11 -2.58867415489496E-11 -1.34277967339126E-11
 -4.20985229682316E-13 -4.90312738795079E-14  3.47453529239296E-12  2.46145630966812E-11  1.89529465808193E-11
  1.38089593413941E-12  8.94442440574606E-13  2.23572958159378E-12  1.52986142055745E-12 -1.81006446579655E-14
  2.22994668549633E-14  3.11420800644551E-16  2.58803577187362E-16  3.01287342380911E-16 -4.51235435289286E-16
 -2.07103914417877E-17 -1.02017308663642E-15  4.28919796148477E-16 -4.23033753130467E-16 -2.99941797167933E-16
  9.05585698112234E-16  1.05054878633061E-15 -1.75334184452771E-15 -2.78214461532371E-16  5.21580687493211E-16
 -1.27088087359100E-15  9.07964338963308E-17  4.52247996080099E-16  2.69389500349247E-16  2.50982677333269E-15
 -8.46041716901477E-16
* ORBITAL    1   60
 -7.52174006139911E-02  1.59432294959510E+00 -1.67595477652587E+00  1.20585350700875E+00 -8.47560432778390E-01
  6.14631788656027E-01 -4.58292504687448E-01  3.42399375947349E-01 -2.41162557205270E-01  1.55376165892897E-01
 -9.10511535710484E-02  4.69658536816179E-02 -1.99803719408747E-02  4.91447816580015E-03  4.54267295341629E-12
  3.29836883058464E-11  2.57867713548947E-11  1.75701582188862E-12  1.35037478292250E-12  3.04855002108712E-12
  2.13015581408131E-12 -3.85519229404229E-14  3.55583738050515E-14  2.82069086797356E-12  2.04657067216573E-11
  1.58871140006405E-11  6.59903934757333E-13 -1.06202262345565E-12 -2.69814008050930E-12 -1.22174444870214E-12
 -7.33232064817708E-14  3.79288681504353E-15 -3.30397903340867E-13 -2.41063833093606E-12 -1.96957442812374E-12
 -4.60244055456457E-13 -1.55763345780440E-12 -3.74734540396609E-12 -2.10863727015577E-12 -3.57665951338877E-14
 -1.61875875976114E-14 -5.00691697859800E-16  1.49039533871846E-15 -1.25682678486339E-15  1.87641126395812E-17
  4.78287722374622E-16 -1.83070925322741E-15  1.07599472801912E-15 -6.38086039727882E-16  1.39156101718691E-17
 -6.16557314804731E-16 -2.77580832662401E-16  8.12882238597991E-17  1.86187755845577E-16  1.28116903561142E-15
 -1.67183775030213E-15  3.07529316409937E-16  1.20923807011425E-15 -1.19107543162111E-15  8.49727218611286E-16
 -4.19220916151977E-16
* ORBITAL    1   61
  1.25985165350771E+00 -9.86131970475275E-01  6.37205633796623E-01 -4.34660401738958E-01  3.10449251663472E-01
 -2.28333916284546E-01  1.71537285408111E-01 -1.28623020394250E-01  9.07493707772491E-02 -5.85179027558307E-02
  3.43058982125979E-02 -1.76992768986716E-02  7.53035883572049E-03 -1.85229395866319E-03  5.26522370629476E-13
  3.85433500226487E-12  3.01014663112141E-12  1.66406054245191E-13 -2.26341354392251E-14 -7.85873021768440E-14
  8.35566583873161E-15 -1.10721507958256E-14  3.31508518163947E-15  3.94403693827393E-13  2.88458884630879E-12
  2.24637503920356E-12  1.04744608219820E-13 -1.16562863627997E-13 -2.83492273462233E-13 -1.22385435193777E-13
 -9.97231564899783E-15  1.93104072873739E-15  2.20184752716596E-14  1.59826869800187E-13  1.19231297302143E-13
 -2.66150239228901E-14 -1.19780207877638E-13 -3.08399470354391E-13 -1.64514227666546E-13 -4.60611134643659E-15
 -1.41880325867105E-15  8.12989892006609E-16  2.73928447019894E-16 -5.70246283678929E-16 -1.36883168298714E-16
  1.08711359908554E-15  3.23987519170930E-16 -1.27464849645200E-15  6.70398201597093E-16 -4.12515974961948E-16
  2.19731130329131E-15 -2.12012273156964E-15  8.17418956674524E-16 -3.55105063083977E-16 -1.70778640106284E-16
  1.35567037856886E-15 -1.29890942681483E-15 -4.01632301123498E-17 -8.59201728240898E-17  1.47785774094147E-16
 -4.79136911591481E-16
#OCC
* OCCUPATION NUMBERS
  0.00000000000000E+00  0.00000000000000E+00  0.00000000000000E+00  0.00000000000000E+00  0.00000000000000E+00
  0.00000000000000E+00  0.00000000000000E+00  0.00000000000000E+00  0.00000000000000E+00  0.00000000000000E+00
  0.00000000000000E+00  0.00000000000000E+00  0.00000000000000E+00  0.00000000000000E+00  0.00000000000000E+00
  0.00000000000000E+00  0.00000000000000E+00  0.00000000000000E+00  0.00000000000000E+00  0.00000000000000E+00
  0.00000000000000E+00  0.00000000000000E+00  0.00000000000000E+00  0.00000000000000E+00  0.00000000000000E+00
  0.00000000000000E+00  0.00000000000000E+00  0.00000000000000E+00  0.00000000000000E+00  0.00000000000000E+00
  0.00000000000000E+00  0.00000000000000E+00  0.00000000000000E+00  0.00000000000000E+00  0.00000000000000E+00
  0.00000000000000E+00  0.00000000000000E+00  0.00000000000000E+00  0.00000000000000E+00  0.00000000000000E+00
  0.00000000000000E+00  0.00000000000000E+00  0.00000000000000E+00  0.00000000000000E+00  0.00000000000000E+00
  0.00000000000000E+00  0.00000000000000E+00  0.00000000000000E+00  0.00000000000000E+00  0.00000000000000E+00
  0.00000000000000E+00  0.00000000000000E+00  0.00000000000000E+00  0.00000000000000E+00  0.00000000000000E+00
  0.00000000000000E+00  0.00000000000000E+00  0.00000000000000E+00  0.00000000000000E+00  0.00000000000000E+00
  0.00000000000000E+00
#OCHR
* OCCUPATION NUMBERS (HUMAN-READABLE)
  0.0000  0.0000  0.0000  0.0000  0.0000  0.0000  0.0000  0.0000  0.0000  0.0000
  0.0000  0.0000  0.0000  0.0000  0.0000  0.0000  0.0000  0.0000  0.0000  0.0000
  0.0000  0.0000  0.0000  0.0000  0.0000  0.0000  0.0000  0.0000  0.0000  0.0000
  0.0000  0.0000  0.0000  0.0000  0.0000  0.0000  0.0000  0.0000  0.0000  0.0000
  0.0000  0.0000  0.0000  0.0000  0.0000  0.0000  0.0000  0.0000  0.0000  0.0000
  0.0000  0.0000  0.0000  0.0000  0.0000  0.0000  0.0000  0.0000  0.0000  0.0000
  0.0000
#ONE
* ONE ELECTRON ENERGIES
  0.0000E+00  0.0000E+00  0.0000E+00  0.0000E+00  0.0000E+00  0.0000E+00  0.0000E+00  0.0000E+00  0.0000E+00  0.0000E+00
  0.0000E+00  0.0000E+00  0.0000E+00  0.0000E+00  0.0000E+00  0.0000E+00  0.0000E+00  0.0000E+00  0.0000E+00  0.0000E+00
  0.0000E+00  0.0000E+00  0.0000E+00  0.0000E+00  0.0000E+00  0.0000E+00  0.0000E+00  0.0000E+00  0.0000E+00  0.0000E+00
  0.0000E+00  0.0000E+00  0.0000E+00  0.0000E+00  0.0000E+00  0.0000E+00  0.0000E+00  0.0000E+00  0.0000E+00  0.0000E+00
  0.0000E+00  0.0000E+00  0.0000E+00  0.0000E+00  0.0000E+00  0.0000E+00  0.0000E+00  0.0000E+00  0.0000E+00  0.0000E+00
  0.0000E+00  0.0000E+00  0.0000E+00  0.0000E+00  0.0000E+00  0.0000E+00  0.0000E+00  0.0000E+00  0.0000E+00  0.0000E+00
  0.0000E+00
#INDEX
* 1234567890
0 222222222s
1 ssssssssss
2 ssssssssss
3 ssssssssss
4 ssssssssss
5 ssssssssss
6 s
