#INPORB 2.2
#INFO
* RASSCF natural orbitals for root number  1 E=      -14.653837109431
       0       1       0
      61
      61
*BC:HOST dzemail-jasarevic-compchemp-comp PID 257369 DATE Fri Feb 13 17:18:22 2026
#ORB
* ORBITAL    1    1
  5.30934389538439E-05  4.16385225267046E-04  2.21711360129392E-03  9.52433633067452E-03  3.47023556739715E-02
  1.05716815005294E-01  2.45157893589698E-01  3.86253883590416E-01  3.13173028213165E-01  6.61406301370829E-02
 -4.70443311409960E-03 -5.91411554131123E-03 -2.91231143727217E-03  9.44332058699940E-05  9.41329494218604E-13
  6.67574826662808E-12  3.03347519218628E-12  6.90358941431296E-11 -2.91826302795932E-11  1.08719066399403E-11
 -3.00337332912443E-11  5.24527017459633E-13  2.05530444077819E-13  2.01923865056386E-13  9.42149169258903E-12
  4.05036198695939E-11  2.06852660578417E-10 -5.25394436645644E-11  9.48303581795240E-12 -8.79654864752576E-11
 -9.53667476940587E-12  3.95651404027791E-12 -2.77451502360652E-12 -1.37768141742958E-11  3.11434161146932E-11
 -2.95200417577163E-11  4.60402389927967E-11 -2.65148951732412E-11  1.38143316146325E-11 -1.10576136701877E-11
  3.07056293968752E-12  2.73223701607908E-13  1.18692046202105E-13  1.53592360990032E-13  2.46930608018344E-14
  1.53386275012028E-12 -7.25493699412621E-12 -6.44514332341733E-12 -7.05125082172003E-12  2.36967035466722E-13
 -6.23816934864443E-14  1.68420307261091E-13  9.83091500236823E-14  7.57315701648949E-13 -3.60739390433275E-12
 -3.20906357419681E-12 -3.50636813174049E-12 -1.18811366635187E-13 -3.50364217803775E-13  2.68848241047010E-13
  1.52372432101502E-13
* ORBITAL    1    2
 -9.33216038274046E-06 -7.32188580418358E-05 -3.90298577564985E-04 -1.68414457986887E-03 -6.21183947338818E-03
 -1.95554297663788E-02 -4.87517277965483E-02 -9.27604050334118E-02 -1.30261401363828E-01 -6.20910622126017E-02
  2.87996104127039E-01  6.24230049952293E-01  2.33727685910825E-01 -1.84560599430644E-03  1.06714089119548E-12
  2.62033682979560E-11 -1.84926101450859E-10  3.18503925540089E-11 -1.10381713957376E-09 -1.50122147055842E-10
  1.18762107405381E-09  2.84466480229200E-10 -7.49836894913210E-11  5.83299582273763E-12  1.08060112038796E-10
 -5.97646447907162E-10 -5.30094821419701E-10 -3.31173355262887E-09 -1.89558205825990E-09  5.14281169644437E-09
  8.27331880767292E-10 -2.01531951240849E-10  2.46062064142705E-12  1.51833663505998E-11  4.26015458890392E-11
 -6.39924832813302E-10  4.15536534910086E-10 -1.27363375773301E-09  9.87883498332234E-10 -7.97131871924926E-11
  3.21599687372943E-11  3.95418825552732E-12  8.03815326340680E-12 -1.23481672552751E-11 -9.02748297980158E-12
 -1.42503680961554E-10 -6.03431253735863E-10  8.95637706494917E-10  8.12930923885378E-10  2.31971455521256E-12
  4.57771637176737E-12 -8.87386028947179E-12 -6.25936837024951E-12 -7.09225156381358E-11 -3.00194376323308E-10
  4.45548505633911E-10  4.04385483942676E-10 -2.00799115045157E-12  1.27314168403899E-12 -6.85599755441415E-12
 -7.11889623762160E-12
* ORBITAL    1    3
  1.39772894892937E-11 -3.41074570540166E-10  1.88713970993853E-09 -1.22487949567149E-08  4.69065161276370E-08
 -2.31725655502801E-07  6.68041346421026E-07 -1.22844905350751E-06  1.52723739645723E-06 -1.28342036011632E-06
  7.15837501180287E-07 -3.38348990544789E-07  1.87847361026148E-07 -6.24125030694930E-08 -2.53246629389756E-02
 -1.85896124735850E-01 -1.44313397643152E-01 -5.27021063666474E-03  1.36002657592748E-02  3.37723654596741E-02
  1.63285796199198E-02  7.62114592843426E-04  2.68151193695067E-06 -5.00776726468057E-02 -3.67596019577679E-01
 -2.85369210809473E-01 -1.04214576456694E-02  2.68935334665872E-02  6.67823875168435E-02  3.22885748153325E-02
  1.50702587322603E-03  5.30226052235815E-06  5.61391695385228E-02  4.12090541582359E-01  3.19910843990604E-01
  1.16828900624783E-02 -3.01487775065335E-02 -7.48658551901043E-02 -3.61968451040362E-02 -1.68943925333181E-03
 -5.94426530115661E-06 -1.96252698537617E-10  1.66664779590224E-10 -3.18018511093575E-10  5.17667671795653E-11
  2.72017417782584E-10 -2.57003795297101E-10  4.46649411055319E-10 -6.62862289496999E-11  1.76098026707661E-10
 -8.46235553279163E-11  2.75580376589016E-10 -6.01600895096471E-11  7.39308444651779E-11 -9.49543598766872E-11
  1.22793630700096E-10 -1.23413201625736E-11  2.15026854322893E-10 -1.61547399904706E-10  3.47882569977971E-10
 -6.14350553181650E-11
* ORBITAL    1    4
  5.17944652021971E-12  7.87720868326779E-11  8.40662043642037E-11  2.08854246563089E-09  1.57031755325528E-09
  2.79763401223259E-08  1.45796823630920E-08 -4.44952578394924E-08  2.14792468688041E-08 -5.33864732431813E-08
  8.68165637393556E-08 -4.15438728677209E-08 -2.87342935925420E-09 -3.66343833953651E-10  2.46628839720800E-02
  1.81038317851646E-01  1.40542208577179E-01  5.13249853824067E-03 -1.32448654761544E-02 -3.28898249386112E-02
 -1.59018863828993E-02 -7.42197502337557E-04 -2.61269954435430E-06  5.04344251311123E-02  3.70214753081105E-01
  2.87402134135897E-01  1.04957162536365E-02 -2.70851207211535E-02 -6.72581279435938E-02 -3.25186019607464E-02
 -1.51775849224816E-03 -5.34261077230069E-06  5.61144363976585E-02  4.11908971669566E-01  3.19769854611353E-01
  1.16777611063531E-02 -3.01354928833819E-02 -7.48328536851271E-02 -3.61809022450861E-02 -1.68869114895918E-03
 -5.94451407736481E-06  1.93454470207267E-10 -1.64531806592512E-10  3.13500530834445E-10 -5.08363513508882E-11
  2.88820754628790E-10 -1.81449987344710E-10  4.61552696022762E-10 -9.01869534780825E-11 -1.54717077217065E-10
  1.82198426573776E-10 -2.56979951812231E-10  2.94773199048401E-11  8.25949877415814E-11 -5.78009062578420E-11
  1.29426990175618E-10 -2.39017414818232E-11 -2.17388715348665E-10  1.63401250036723E-10 -3.53163482594549E-10
  6.24334790132075E-11
* ORBITAL    1    5
 -2.67689105091659E-12 -3.06586694968470E-13 -1.70516560975609E-10  2.40292615305359E-10 -4.04795541952347E-09
  8.32601208246464E-09 -5.56669612768000E-08  1.08728445459387E-07 -1.24773088148706E-07  1.17311949284312E-07
 -8.49188458634908E-08  4.06214346245230E-08 -1.38925686419204E-08  4.99698783169152E-09  7.10712477343819E-02
  5.21699707577299E-01  4.05001737099951E-01  1.47903530325608E-02 -3.81678443827133E-02 -9.47789068808605E-02
 -4.58246015152753E-02 -2.13879936490148E-03 -7.52744577165736E-06 -3.53456376102120E-02 -2.59455256778253E-01
 -2.01418225651888E-01 -7.35563977144976E-03  1.89818930446458E-02  4.71360921166602E-02  2.27898035881798E-02
  1.06368220753276E-03  3.74343570261927E-06  5.31324587914845E-04  3.90019721249889E-03  3.02776984823325E-03
  1.10571837751580E-04 -2.85340626632482E-04 -7.08561692438641E-04 -3.42582104682840E-04 -1.59895414528056E-05
 -5.62741635514556E-08  3.05700828182877E-10 -2.29722553467738E-10  4.95780856243363E-10 -8.76088566082950E-11
 -3.26251053651345E-12 -2.86462599336652E-11 -1.03974633723764E-12  7.72875350010301E-12  4.47216975922495E-11
 -2.35413863300078E-11  7.31662387600970E-11 -1.53077908917376E-11  1.26680762622147E-11  5.27303254790791E-11
  1.20808407704896E-11 -1.71289162762849E-11  2.75514678299741E-10 -2.34109068904286E-10  4.46692406047059E-10
 -7.26178290960884E-11
* ORBITAL    1    6
  8.46041752340815E-05  6.90759901145606E-04  3.52216152965890E-03  1.69318731987827E-02  6.81294328040172E-02
  3.40017009950296E-01  7.41094443869461E-01 -1.88993799397128E-01 -7.93870867546647E-01 -1.83000172609401E-01
  7.91371174929515E-02  1.93526832709176E-01  7.06065304691285E-02 -2.57807150454582E-04  3.39167238127714E-10
  1.53490944947972E-09 -1.18753803255995E-09 -1.19531111046422E-09 -4.12062036896155E-09 -9.48348382997071E-09
 -4.93317875805556E-09  3.53229292069004E-11 -3.13638257859132E-11 -5.49317437240497E-10 -6.42182023958780E-09
 -1.14258531967503E-08 -4.03048354991606E-09 -1.06288393849156E-08 -2.34281483559636E-08 -1.16245919080440E-08
  2.69004475005885E-10 -6.81654434876837E-11 -1.65863730390822E-09 -1.13210558706418E-08 -7.10444509503183E-09
  3.56043107803400E-11  3.34115104376940E-09  8.66811957409855E-09  5.09859247746818E-09  1.30790620252182E-10
  5.02797785975631E-11  3.25159869682840E-12 -1.43226880933433E-13 -3.23570846335861E-13 -1.59628222224042E-12
 -3.40334763466289E-10 -1.02506241971875E-10  3.94722487863675E-10  1.79006693400087E-10  1.46977700703931E-12
  2.71608391922854E-12 -3.04882988752091E-12 -3.04602494470920E-12 -1.69259609275657E-10 -5.09979585924712E-11
  1.96294867475763E-10  8.90175253974412E-11  1.26325471083595E-12  9.98274324976392E-12 -1.44160405305340E-11
 -7.57834491088408E-12
* ORBITAL    1    7
  2.74607051847385E-13  2.80706573378229E-11 -1.19251544625112E-10  8.43893135005980E-10 -2.41930637899926E-09
  8.72695929007607E-09 -4.41613042542820E-09  7.68645450474719E-09  5.08031798043434E-08 -6.52955154888107E-08
 -3.62966977690728E-08 -1.58726013024224E-08  7.82768035163936E-08 -2.66685223851638E-09  3.56757253582851E-04
  2.26319095789759E-03  6.45023962356442E-03  1.55995968680109E-02  6.97512782411511E-02  1.67901860665259E-01
  9.32579248885719E-02  1.83212127791372E-03  6.37230451990174E-04  7.28208367274021E-04  4.61959668348818E-03
  1.31661470986130E-02  3.18416990172932E-02  1.42375423178226E-01  3.42719145699124E-01  1.90356891378171E-01
  3.73970298666189E-03  1.30070667781584E-03  8.11112917066767E-04  5.14552516894687E-03  1.46650772398403E-02
  3.54667898762215E-02  1.58584478131103E-01  3.81736788608376E-01  2.12028506392964E-01  4.16545773716476E-03
  1.44878862193886E-03 -2.76642845065971E-10  1.18707566668818E-09 -3.17559849770909E-10 -3.73421789485907E-10
 -1.73132778436170E-10  1.28207423669774E-09  6.51180707646773E-11 -7.81312369502930E-10  4.11476655698566E-10
 -1.32459302704029E-09  6.72177497400108E-10  1.28262881845391E-10 -6.88535079982227E-11  4.11814022841298E-10
 -3.02756481990415E-11 -1.98164115234344E-10  2.32749301903405E-10 -1.16645162251877E-09  1.75549828832096E-10
  4.99128475257252E-10
* ORBITAL    1    8
 -1.23548074646773E-11  2.75306152603015E-10 -1.59258178196571E-09  9.99679190777908E-09 -3.96031385677094E-08
  1.95811788212211E-07 -5.48566435826921E-07  1.09583169465644E-06 -1.36561573397808E-06  1.12644885771819E-06
 -7.15963846499198E-07  3.29407281146190E-07 -1.16197547339772E-07  5.73381501544475E-08  3.65537465062738E-04
  2.31888497734453E-03  6.60899246224903E-03  1.59835023621643E-02  7.14678941583227E-02  1.72033980274692E-01
  9.55530211178670E-02  1.87721006827372E-03  6.52911659262333E-04  7.24109459371205E-04  4.59358271086805E-03
  1.30920478252683E-02  3.16624326698472E-02  1.41573938794064E-01  3.40789784068959E-01  1.89285240545552E-01
  3.71864944315033E-03  1.29338179713845E-03 -8.10874421333541E-04 -5.14399945634872E-03 -1.46607761278273E-02
 -3.54563197875687E-02 -1.58537750493737E-01 -3.81624232364654E-01 -2.11965963087720E-01 -4.16422884495085E-03
 -1.44835868690613E-03 -2.79533187378316E-10  1.20142016820956E-09 -3.19538654347423E-10 -3.79373358477696E-10
  4.87574792462499E-10 -1.85614217328990E-09  6.56922934995601E-10  4.43542637190484E-10  5.79826126276900E-12
 -5.82542885595994E-10 -2.58392961803241E-10  5.62519417169701E-10  2.25196489445204E-10 -6.97645038410201E-10
  3.89258973219169E-10  3.07576816874676E-11  2.29531987808373E-10 -1.15231664685474E-09  1.71750447977648E-10
  4.94123970027636E-10
* ORBITAL    1    9
 -9.93175797040236E-13  1.15930210459231E-11 -8.15985585703494E-11  4.81217837775330E-10 -2.18958837792079E-09
  1.19762080924398E-08 -4.04602574450587E-08  8.18464348944577E-08 -1.22543545417555E-07  1.09309202770506E-07
 -4.40878808431354E-08  3.11441595130941E-08 -3.49873050822374E-08  5.35357557631733E-09  1.02692507970389E-03
  6.51458234668681E-03  1.85670095330906E-02  4.49033808300195E-02  2.00778853498607E-01  4.83304973061289E-01
  2.68442625182561E-01  5.27375478400642E-03  1.83426413823273E-03 -5.10731305827013E-04 -3.23996490091844E-03
 -9.23412354187768E-03 -2.23322645692434E-02 -9.98554315833838E-02 -2.40367079898998E-01 -1.33507357345640E-01
 -2.62285142903692E-03 -9.12253607388953E-04  6.84965891802595E-06  4.34527001258429E-05  1.23843194576723E-04
  2.99508553219405E-04  1.33920837854687E-03  3.22367648917328E-03  1.79053026096809E-03  3.51762974039311E-05
  1.22346644741047E-05 -3.26876010219303E-10  1.63962666621604E-09 -2.45534345069151E-10 -7.02375343599176E-10
 -1.13413877040285E-10  2.15213324930720E-10 -2.56606798653038E-10  1.13526914455140E-10 -1.17637092917546E-11
  1.63435018976285E-10  4.76439176745562E-11 -1.40077927999583E-10  2.21177967603802E-10 -4.01594448919255E-10
  5.08549671376825E-10 -2.39880301090016E-10 -3.93256195330467E-10  1.68895974683285E-09 -4.50435044342507E-10
 -5.32379295123423E-10
* ORBITAL    1   10
  5.24030885769854E-15 -3.58939264228437E-13  1.17110065654458E-12 -1.25585784203650E-11  3.50299836144164E-11
 -2.51826748218423E-10  5.73688975915571E-10 -2.31707201244858E-09  4.21207585741868E-09 -1.12197437068762E-09
 -5.13562807613778E-10 -6.38144868876903E-09  6.10441668065977E-10  1.07910729235677E-08 -4.68531087587283E-05
 -1.10764762254488E-04 -2.11966079835354E-03  2.38852180404231E-03 -9.11216467330689E-03  4.15340594912274E-02
 -6.67609605713599E-02  2.29243140676033E-01 -4.65800781125454E-01 -8.47209610270857E-05 -2.00287582105757E-04
 -3.83282362148646E-03  4.31898515562592E-03 -1.64768442218922E-02  7.51029267306469E-02 -1.20718841434503E-01
  4.14523187954956E-01 -8.42272638114082E-01  9.59256402042485E-05  2.26776418341980E-04  4.33972953793549E-03
 -4.89018758755723E-03  1.86559710572932E-02 -8.50355807227275E-02  1.36684377333899E-01 -4.69345491419436E-01
  9.53666469595301E-01 -5.23229449865532E-12  2.22317192237993E-11 -3.17632844992759E-11  9.37794924951297E-12
  6.75325848147116E-12 -2.77652005654220E-11  3.51052460178319E-11  1.74844211317647E-11  4.76673268802199E-12
 -2.22321758070807E-11  4.21501972876634E-11 -7.49425435263850E-11  1.71938038922592E-12 -6.28918346602481E-12
  3.44210299188375E-12  3.16113693558267E-11  5.38672905817671E-12 -2.34076771632274E-11  3.65723559816736E-11
 -2.88013100936435E-11
* ORBITAL    1   11
 -1.46426068636222E-14 -4.40605888190433E-14 -7.86766344677673E-13 -4.10960172306894E-13 -1.61813478909482E-11
 -3.05122351031326E-12 -2.59267505870352E-10  1.53606307452012E-10 -4.21856883541435E-10  3.41929954962642E-09
 -4.40109340430903E-09  5.91654858363374E-09 -2.46419021822342E-08  3.09184112887749E-08  1.18627740926025E-04
  2.80446220848747E-04  5.36678506723159E-03 -6.04751532218011E-03  2.30711573011431E-02 -1.05160389802504E-01
  1.69032565024677E-01 -5.80422395072185E-01  1.17936441054439E+00 -6.70845605807996E-05 -1.58593678067646E-04
 -3.03494290770308E-03  3.41989936287203E-03 -1.30468512277590E-02  5.94687104614596E-02 -9.55887352975716E-02
  3.28231678955885E-01 -6.66936293266100E-01 -1.30716336308786E-06 -3.09025216528966E-06 -5.91367898967254E-05
  6.66377235459977E-05 -2.54221816997880E-04  1.15876556978156E-03 -1.86257485133033E-03  6.39569257187636E-03
 -1.29954530686363E-02  7.51083177348543E-12 -3.26474659182579E-11  5.10963949075772E-11 -4.03413222655136E-11
 -4.32518969371219E-13  2.94845622286381E-12 -1.00049567326554E-11  3.76107518820859E-11  1.49486681465840E-12
 -6.68854350575077E-12  1.16382703714597E-11 -1.50451777930652E-11  5.67117486584176E-13 -4.35454318679564E-12
  1.64446491911597E-11 -6.57873533175896E-11  7.43671275754095E-12 -3.16031136303178E-11  4.52118424647013E-11
 -1.35433735734917E-11
* ORBITAL    1   12
 -3.93385329652953E-14 -1.58969807019207E-13 -1.89241971424297E-12 -2.65297002242247E-12 -3.74768035002380E-11
 -4.01252123244402E-11 -5.99764495153042E-10  9.92375442413374E-11 -5.38790245665314E-10  8.74256635866682E-09
 -1.15244843020200E-08  1.46547384279023E-08 -6.44604911480610E-08  8.23521116758233E-08 -4.80295045081239E-05
 -1.13545917137819E-04 -2.17288148660663E-03  2.44849246290651E-03 -9.34095348858831E-03  4.25768969830103E-02
 -6.84371948558122E-02  2.34998983818427E-01 -4.77496108234152E-01 -8.30458121294387E-05 -1.96327496947433E-04
 -3.75703873020169E-03  4.23358633953955E-03 -1.61510531522027E-02  7.36179376211500E-02 -1.18331900269072E-01
  4.06326946141184E-01 -8.25618614542989E-01 -9.68047011295433E-05 -2.28854717170922E-04 -4.37949849704150E-03
  4.93499949831143E-03 -1.88269318720539E-02  8.58148304037408E-02 -1.37936925220718E-01  4.73646493239722E-01
 -9.62405681652606E-01 -5.28439810620926E-12  2.24635970208903E-11 -3.21653689032469E-11  9.78237254070661E-12
 -7.66039170698247E-12  3.43684245599105E-11 -5.89586103601828E-11  7.57869942467076E-11  3.59380290015244E-12
 -1.35959173194121E-11  1.06763000039116E-11  4.87594171859878E-11 -2.21250522138139E-12  9.93751385833532E-12
 -1.67277413001763E-11  2.09837041140089E-11  5.23577074415577E-12 -2.27634544424528E-11  3.56851675496954E-11
 -2.82618202424669E-11
* ORBITAL    1   13
  6.41853174906226E-07  1.59315361878866E-06  3.49802242388205E-05  5.28539497700783E-06  7.12455059861191E-04
 -1.30605778671967E-04  1.04673198836934E-02 -7.84355288802295E-03  3.45240770097749E-02 -1.77694537260006E-01
  2.81313422246229E-01 -6.50360239906443E-01  1.83920813024348E+00 -1.93669610920866E+00  5.26486473853613E-11
  4.84001642146056E-10  1.67189158748637E-09  3.01283947560616E-09  3.29432443613665E-09  3.67267393130549E-09
 -2.08371201413138E-10  4.89177074266335E-09 -6.26521482977546E-09  6.58659068947711E-11  6.41462134723450E-10
  1.87535047311679E-09  4.61200175816436E-09  3.83709642714078E-09  1.49204026739618E-08 -7.92106077372593E-09
  5.52013935872344E-08 -6.78996391978429E-08 -1.11087978065534E-10 -9.86022349572973E-10 -3.73833202998363E-09
 -5.53265496581123E-09 -7.23412268518286E-09  2.33093980930460E-09 -7.07864445244119E-09  3.76474753216371E-08
 -4.55435419185114E-08  1.65931850319467E-13 -1.60680897130403E-13  1.10052845147193E-12 -4.48473891305322E-12
 -1.18345219238555E-11  6.73549124336425E-12 -4.99276109638091E-11  4.97821251699562E-10  9.67906068101821E-14
 -7.50575093678333E-14  8.03558938045383E-13 -5.33497040455928E-12 -5.88662664825381E-12  3.35026793102156E-12
 -2.48433720183760E-11  2.47602800910932E-10  2.94110298576940E-14  1.09229547719442E-13  1.83267584910561E-13
 -1.15445988999498E-11
* ORBITAL    1   14
  1.99437592087495E-14 -1.81335754484626E-12  5.44188358056489E-12 -6.25439133790911E-11  1.65592532170361E-10
 -1.21395294233755E-09  2.72154447335389E-09 -1.14413552500786E-08  2.18769281443209E-08 -1.52468235667738E-08
  2.78572182816937E-08 -1.00540012489192E-07  1.17003017657705E-07 -3.84715526118281E-08 -1.88590690716570E-06
 -1.93744716279076E-03 -2.34094767008088E-04 -1.89726265967933E-02  5.45381155039557E-02 -1.09484644355278E-01
  5.19725764326630E-01 -8.30585842391139E-01  3.28157847883803E-01 -3.69971800933339E-06 -3.80082902950481E-03
 -4.59240464161905E-04 -3.72199621028608E-02  1.06991332167484E-01 -2.14783877946774E-01  1.01958330149067E+00
 -1.62941980872345E+00  6.43770782692706E-01  4.08796016744259E-06  4.19968092861043E-03  5.07432328111578E-04
  4.11257553954662E-02 -1.18218802622748E-01  2.37322896718187E-01 -1.12657646786545E+00  1.80040807907376E+00
 -7.11326885831289E-01 -1.77680258607887E-11  7.64165188449411E-11 -1.04791723912216E-10 -2.39906572153720E-11
  2.19026179212080E-11 -8.87073309088749E-11  8.20806049502223E-11  2.97601707323563E-10  2.06149411951789E-11
 -1.00178361715731E-10  2.27593267401822E-10 -5.64355022044843E-10  4.23726286831833E-12 -1.27006853724671E-11
 -2.73392711999972E-11  2.94245200436609E-10  2.06527081847888E-11 -9.18698336438147E-11  1.53421227254257E-10
 -1.42469429178447E-10
* ORBITAL    1   15
  1.84798972407406E-14  1.34355976641466E-13  8.56094208008710E-13  3.02747477363638E-12  1.65623746442751E-11
  4.21639223968550E-11  3.13749501103524E-10  1.67797939252545E-10 -1.23965188234563E-09  9.02624182301785E-10
 -9.95235357205426E-09  3.82754012167880E-08 -4.96573402747425E-08  2.34819216266125E-08 -5.20289561976184E-06
 -5.34508485991939E-03 -6.45827226817192E-04 -5.23422267092004E-02  1.50461317386057E-01 -3.02049381250462E-01
  1.43383435679077E+00 -2.29144403622692E+00  9.05331271907301E-01  2.62397203938570E-06  2.69568283823789E-03
  3.25709563272432E-04  2.63977179108038E-02 -7.58820490925600E-02  1.52332349386770E-01 -7.23124660203633E-01
  1.15564233919159E+00 -4.56585075924070E-01 -2.54933687110570E-08 -2.61900570374723E-05 -3.16445173218070E-06
 -2.56468500839580E-04  7.37236284138843E-04 -1.47999340437610E-03  7.02555796869447E-03 -1.12277077292774E-02
  4.43597769256644E-03 -2.90764453057981E-11  1.29319646772177E-10 -2.15984836058333E-10  1.98731295879736E-10
  2.78130316245040E-12 -1.77673626864941E-11  6.93438182907265E-11 -2.91715788358154E-10 -5.01268968805932E-12
  2.36012609194033E-11 -5.09533788341763E-11  1.06790684825404E-10 -5.87276689082648E-12  3.67453540984400E-11
 -1.39816758711202E-10  5.78185060633047E-10 -2.48017549028518E-11  1.06634337928515E-10 -1.46094233154681E-10
 -3.51017754185254E-11
* ORBITAL    1   16
  5.38515354290471E-14  7.90763671661893E-13  1.35879243423896E-12  2.24575372778265E-11  1.33613992099733E-11
  3.86346205240640E-10  3.43387370407996E-10  2.97603005567404E-09 -8.47516050637097E-09  6.22225193452577E-09
 -3.60131849347358E-08  1.35928347187887E-07 -1.73289193534172E-07  7.83550449649224E-08  1.82461989429575E-06
  1.87448403438190E-03  2.26487065573378E-04  1.83560542660068E-02 -5.27657354689629E-02  1.05926614503731E-01
 -5.02835720551335E-01  8.03593451613830E-01 -3.17493364162229E-01  3.65825757062157E-06  3.75823319462249E-03
  4.54093568215939E-04  3.68028381383757E-02 -1.05792279506483E-01  2.12376799248609E-01 -1.00815683893240E+00
  1.61115887504610E+00 -6.36556023139590E-01  4.15258172282242E-06  4.26606590094409E-03  5.15453165985994E-04
  4.17758357895376E-02 -1.20087501872121E-01  2.41074295715468E-01 -1.14438441873138E+00  1.82886733702792E+00
 -7.22570900276681E-01  1.73055909762535E-11 -7.43859545814259E-11  1.01757516980955E-10  2.55375151761170E-11
  3.05709105325524E-11 -1.42314394995546E-10  2.82479435941768E-10 -5.23548246398483E-10 -9.73065199619331E-12
  3.23089676642458E-11  2.91094130838139E-11 -4.95121280901359E-10  8.50948336400809E-12 -3.92744766811792E-11
  7.25056545613729E-11 -1.18437856204898E-10 -2.04703633976082E-11  9.10217626526573E-11 -1.52017963733986E-10
  1.38689043318498E-10
* ORBITAL    1   17
 -9.27362683936423E-16  2.28426218489817E-14 -8.98059641051626E-14  7.86893026381940E-13 -2.38238785656315E-12
  1.37805013456727E-11 -3.34262649038264E-11  1.52760921352910E-10 -4.30177996213744E-10  9.59779005401282E-10
 -2.75798504313404E-09  7.54776355842863E-09 -9.58263462393333E-09  3.47623120699598E-09  6.16491547003973E-13
  8.86292103733067E-12  1.88022498843443E-11  7.97352546939645E-11 -9.74499867317365E-11  2.56009679554649E-10
 -1.37735480432546E-09  1.15324641000737E-09 -3.69290643891018E-10  1.16930990647738E-13  4.26921051732385E-12
  6.41387735795534E-13  5.25829289393790E-11 -1.20515076500910E-10  3.06184451615039E-10 -9.38186523258660E-10
  1.03454997748520E-09 -3.41018414721898E-10 -7.16806984082726E-13 -9.22335266922535E-12 -2.26993090958297E-11
 -7.84204330844451E-11  7.45059589443451E-11 -2.00890231826765E-10  1.32493963884451E-09 -1.00712945171925E-09
  3.17550192999561E-10  6.58304111534967E-03 -4.16606314466376E-02  1.27493551943001E-01 -6.74100906701573E-01
 -4.77125922791696E-03  3.01948094730886E-02 -9.24048286407254E-02  4.88575130443056E-01  2.64110137347201E-03
 -1.67141521686370E-02  5.11501279227094E-02 -2.70447776249264E-01 -6.60353309878763E-03  4.17903145145598E-02
 -1.27890419539676E-01  6.76199277998913E-01 -1.07055295443788E-03  6.77497091359553E-03 -2.07333656757761E-02
  1.09624215408505E-01
* ORBITAL    1   18
  2.87312685847996E-16  5.98001475281291E-15 -1.66606906225158E-14  1.96907016388186E-13 -5.08732879168579E-13
  3.40080571411038E-12 -7.43087346135534E-12  3.67579310072814E-11 -1.00492927986840E-10  2.25727114790586E-10
 -6.51808241757943E-10  1.77211723853760E-09 -2.25220924262495E-09  8.16877774004567E-10 -7.56516054792926E-13
 -3.94677787101491E-12 -3.03112722385785E-11  2.56690840972793E-13 -1.47580066335949E-10  3.58465060148137E-10
 -1.16317806853245E-10  7.61218223407320E-10 -2.71335996648976E-10  4.89841916374713E-13  3.24654189972941E-12
  1.90751951552699E-11  8.99977366456200E-12  7.06386704334773E-11 -1.69942400180408E-10 -1.02853376682303E-10
 -2.78512727899644E-10  1.03885806216714E-10 -6.84290404849890E-14  2.33080703694154E-13 -3.17187772320790E-12
  7.66324653975405E-12 -3.42034440251895E-11  8.41635291332391E-11 -1.61892667424094E-10  2.51669113222576E-10
 -8.59407247751029E-11 -5.68757490395028E-03  3.59936931483969E-02 -1.10151085699823E-01  5.82405507093038E-01
  1.66343826206641E-03 -1.05270325910306E-02  3.22157569290845E-02 -1.70335445423430E-01 -3.25572598134450E-03
  2.06037905308727E-02 -6.30535435054818E-02  3.33385102307487E-01 -7.54086551741984E-03  4.77222021848503E-02
 -1.46043707186273E-01  7.72181761084295E-01 -3.90506784816823E-03  2.47131363057720E-02 -7.56293271656012E-02
  3.99877462490838E-01
* ORBITAL    1   19
 -2.82509069689820E-16  1.54671675822883E-14 -4.56655969242248E-14  4.85472124747611E-13 -1.27180050380614E-12
  8.32566273748040E-12 -1.84101078099497E-11  9.01817429067541E-11 -2.47378270756046E-10  5.54884526903156E-10
 -1.60270267661513E-09  4.36311930518447E-09 -5.54359205772165E-09  2.01069862483914E-09 -5.18875309481390E-13
 -7.79258946036447E-12 -1.52110947382532E-11 -7.28444920283040E-11  9.76310613282634E-11 -2.55705893794240E-10
  1.25003437581713E-09 -1.07944814144543E-09  3.46282106656497E-10  5.86104480013730E-13  8.61087845793676E-12
  1.76785136770287E-11  7.84309861039933E-11 -9.98222167724475E-11  2.61407907761629E-10 -1.35819649569048E-09
  1.15494507561003E-09 -3.70576185321340E-10 -6.35653103284755E-13 -6.34619036424281E-12 -2.23581144924661E-11
 -4.24757337547582E-11 -7.70072882820584E-12  8.61260449613550E-12  6.92790631329899E-10 -3.12442456859783E-10
  8.91141955580823E-11 -2.75263207690156E-03  1.74199717807699E-02 -5.33101395605285E-02  2.81868477831207E-01
 -6.73940653650709E-03  4.26501865879001E-02 -1.30521876166329E-01  6.90112666344317E-01  1.16413228206545E-03
 -7.36718563799567E-03  2.25457136004740E-02 -1.19206702978867E-01  3.73210781710753E-03 -2.36185625401674E-02
  7.22796156855052E-02 -3.82166421166713E-01 -7.03911058907419E-03  4.45468571172685E-02 -1.36326235211368E-01
  7.20802247360874E-01
* ORBITAL    1   20
  1.06662488895525E-15 -1.67966844426187E-14  8.09605878783496E-14 -5.88179469402100E-13  2.08094885752809E-12
 -1.05775202670230E-11  2.83263388439928E-11 -1.20460606996742E-10  3.49077080164474E-10 -7.74922989039439E-10
  2.21239486191368E-09 -6.08535572904922E-09  7.72103549876132E-09 -2.80139483541227E-09 -1.42524353908163E-13
 -2.63942995836377E-12 -3.48238059059829E-12 -2.78169792286428E-11  4.79217143609593E-11 -1.24100593804311E-10
  4.75821617483217E-10 -4.54472536355797E-10  1.47072449394914E-10  2.29358872517573E-13 -6.91263013150951E-13
  1.11882099115986E-11 -2.69382612188224E-11  1.17871442110355E-10 -2.92868766921002E-10  5.28703611550874E-10
 -8.24498175120649E-10  2.79793351315136E-10  7.80705811419633E-13  3.72824429012383E-12  3.16565726999778E-11
 -5.25453178034626E-12  1.65822944217578E-10 -4.04043537251941E-10  2.09395837340198E-10 -8.92996720866163E-10
  3.15655508073430E-10  1.21329299620755E-03 -7.67829813947420E-03  2.34978075915143E-02 -1.24240741362249E-01
  6.35873245473828E-03 -4.02410990014640E-02  1.23149373035732E-01 -6.51131785029400E-01  6.91905642376842E-03
 -4.37870969618548E-02  1.34001149887925E-01 -7.08508746410423E-01  2.40180890144343E-04 -1.51997950015562E-03
  4.65157580492630E-03 -2.45944318050388E-02 -5.29083239895183E-03  3.34829168993496E-02 -1.02467385984722E-01
  5.41779225472567E-01
* ORBITAL    1   21
 -1.27702904122485E-15  9.79456092245065E-15 -5.26533541583426E-14  3.01275743973095E-13 -1.25221841472106E-12
  5.52785256124802E-12 -1.65071365582107E-11  6.49186783230886E-11 -1.94275515748829E-10  4.28599180820546E-10
 -1.21596946075942E-09  3.36583839447404E-09 -4.26668929678102E-09  1.54836519377495E-09 -6.35837742391365E-13
 -5.18013111178698E-12 -2.35673915818040E-11 -2.60991885548203E-11 -5.25135853517814E-11  1.21264331710335E-10
  3.88134061600555E-10  5.60097453832221E-11 -3.37467544323050E-11 -1.20682851379759E-12 -1.11778524327341E-11
 -4.30688009683063E-11 -6.94140402382469E-11 -4.53231052174199E-11  9.26259650337537E-11  1.09081747849338E-09
 -3.21511382020679E-10  7.78363429245851E-11 -2.84769464348340E-13 -6.98500908469075E-12 -5.52800931756355E-12
 -7.82770426295545E-11  1.57865991727043E-10 -4.02981139819427E-10  1.39133730207155E-09 -1.44288589614590E-09
  4.73218577482753E-10 -5.75286820488078E-03  3.64069003731219E-02 -1.11415619037452E-01  5.89091516307282E-01
 -2.53859687126604E-03  1.60654546717941E-02 -4.91649263940790E-02  2.59951354147798E-01  7.14323319962689E-03
 -4.52057947763361E-02  1.38342774536067E-01 -7.31464363046726E-01 -1.83626705168261E-03  1.16207757987621E-02
 -3.55629266983778E-02  1.88033047740557E-01  4.88793111205840E-03 -3.09331649345158E-02  9.46644093496855E-02
 -5.00522286952052E-01
* ORBITAL    1   22
  7.90916093352368E-07  2.27313393183927E-05 -4.70231668944991E-06  6.91897665137152E-04 -5.99623668835132E-04
  1.16217299893381E-02 -7.78525828167202E-03  1.16085941795291E-01 -2.87257939686276E-01  4.65164292916203E-01
 -1.78059561020070E+00  4.46478656462735E+00 -4.43912454730060E+00  1.40382728992243E+00 -4.26199182564602E-11
 -5.90507524115778E-10 -1.35988197682534E-09 -5.10886403446203E-09  2.78789822001553E-09 -1.98387933262681E-08
  6.20824353002780E-08 -5.13932653859439E-08  1.55721878330019E-08 -1.03932989470778E-10 -1.74154668234849E-09
 -3.32985515483874E-09 -1.57520977573187E-08  1.51029051099027E-08 -7.03054193358764E-08  2.34310063586345E-07
 -1.92836659215041E-07  5.84843398586462E-08  4.06538487734581E-11  2.69376690039535E-10  1.28539219230496E-09
  1.66333075210596E-09  5.42576871651581E-09 -2.47604148171250E-09  2.15171884456851E-08 -1.67261497626905E-08
  5.10996725528151E-09  1.09389058066647E-13  2.13927350040427E-12 -3.60182729086808E-12  2.33853404641008E-11
  1.70660518868514E-11 -3.22880622777128E-10  8.98660828805612E-10 -3.29262557398350E-09 -2.60948038199297E-13
  3.33838938982103E-12 -8.00086913913706E-12  3.46649556074822E-11  8.48483900084599E-12 -1.60585566102943E-10
  4.46900350240226E-10 -1.63755214689079E-09 -1.33684183003079E-12  9.25597930781975E-12 -2.82429687839072E-11
  9.16383644398237E-11
* ORBITAL    1   23
  1.12049189030980E-13 -3.69498843588750E-12  1.54456116148756E-11 -1.34510937432832E-10  4.47495343720000E-10
 -2.81746410906738E-09  7.88167057636095E-09 -2.55674051013806E-08  3.57460050544600E-08  3.67112798131331E-08
 -1.94843977276974E-07  2.96576790494922E-07 -2.21762641373342E-07  7.06443441709132E-08 -6.25162679158707E-04
 -3.58987359787272E-04 -2.87018709677343E-02  4.35586739793806E-02 -1.80505841721621E-01  8.14909663631986E-01
 -1.13268008052747E+00  6.08666033413485E-01 -1.61657025856296E-01 -1.23548975811538E-03 -7.09455677459331E-04
 -5.67226240398683E-02  8.60836664127180E-02 -3.56728138447716E-01  1.61048088231629E+00 -2.23848077511323E+00
  1.20288794477822E+00 -3.19477803523042E-01  1.38286175561904E-03  7.94081137947358E-04  6.34886262392764E-02
 -9.63519198593664E-02  3.99279473184145E-01 -1.80258266482132E+00  2.50549179761475E+00 -1.34637112491116E+00
  3.57585834856074E-01 -6.24268896354726E-11  2.67685248722287E-10 -7.53669557678269E-10  5.90416516413606E-10
  9.55577640368859E-11 -4.07177031356883E-10  1.18947091891891E-09 -9.38820147512364E-10  3.43861785099931E-11
 -1.51605175073319E-10  3.42790736774801E-10 -2.53857938378286E-10  3.37036415867654E-11 -1.42915699053866E-10
  4.36507967061613E-10 -3.50127423347198E-10  6.20746872492320E-11 -2.66543269096366E-10  7.35308441503418E-10
 -5.71284354202892E-10
* ORBITAL    1   24
  5.57354933324781E-14 -5.00959639031006E-13  4.56516401776855E-12 -2.08467521770571E-11  1.12731997748989E-10
 -3.96987502189942E-10  1.84312813328358E-09 -5.06352477700775E-09  1.05956466414189E-08 -2.46056190912600E-08
  5.18649572226037E-08 -7.35944692018909E-08  5.27686734715856E-08 -1.22562406854316E-08 -1.75222806636463E-03
 -1.00618271166817E-03 -8.04466182444532E-02  1.22087789853633E-01 -5.05928155597596E-01  2.28405759847091E+00
 -3.17471571383737E+00  1.70599063599729E+00 -4.53098017366323E-01  8.71250840759270E-04  5.00298769105370E-04
  4.00000348790483E-02 -6.07050483301077E-02  2.51559907903814E-01 -1.13568954923841E+00  1.57854664456402E+00
 -8.48260454365454E-01  2.25291465070672E-01 -1.37440363473784E-05 -7.89224417732745E-06 -6.31003044805037E-04
  9.57625924340498E-04 -3.96837323665439E-03  1.79155734715871E-02 -2.49016717799767E-02  1.33813615893475E-02
 -3.55398691315536E-03 -8.84866509005468E-11  3.79853801701409E-10 -1.05157331841292E-09  8.16199436893094E-10
 -9.37564994188459E-12  3.81025725656410E-11 -1.47228186986207E-10  1.23243130236350E-10 -1.01329623045787E-11
  4.36159787677787E-11 -1.15727571018027E-10  8.65067012718618E-11  1.68413008921959E-11 -6.80768583871001E-11
  2.70751373171817E-10 -2.28225638593859E-10 -8.76545599830305E-11  3.75810617954814E-10 -1.05934871869597E-09
  8.29756294444353E-10
* ORBITAL    1   25
 -1.43621633280815E-13  6.69463897684227E-13 -1.01764151524416E-11  3.20145209280731E-11 -2.36532650437439E-10
  5.50345094962563E-10 -3.73767797833462E-09  9.35752672932638E-09 -2.35097988351613E-08  8.21874087023903E-08
 -2.01245076523733E-07  2.91301229894506E-07 -2.11332937901925E-07  5.34766709832158E-08 -6.06991390709943E-04
 -3.48553027516571E-04 -2.78676076348269E-02  4.22925745221707E-02 -1.75259168655429E-01  7.91223077700084E-01
 -1.09975699017098E+00  5.90974212111409E-01 -1.56958214514803E-01 -1.24260096159828E-03 -7.13539498824923E-04
 -5.70491057518461E-02  8.65791418522650E-02 -3.58781384496694E-01  1.61975041518223E+00 -2.25136486997946E+00
  1.20981143287980E+00 -3.21316630010672E-01 -1.38458462471125E-03 -7.95070854717282E-04 -6.35677237752697E-02
  9.64719587611049E-02 -3.99776922669719E-01  1.80482841254312E+00 -2.50861320753926E+00  1.34804845710444E+00
 -3.58031322742590E-01 -6.15014360595396E-11  2.63670258569032E-10 -7.43160035366528E-10  5.82295856736605E-10
 -7.13698958113977E-11  3.09411738257311E-10 -8.00332815333841E-10  6.11515421718582E-10  6.57465280167038E-11
 -2.78432957653209E-10  8.46705125731653E-10 -6.77500257101375E-10 -2.15004248436280E-11  9.36788008657002E-11
 -2.37331945099532E-10  1.84036165509492E-10  6.30499604185081E-11 -2.70591714769633E-10  7.51196909157427E-10
 -5.82614870073834E-10
* ORBITAL    1   26
  1.61170145073596E-15  2.35337365502444E-14  2.52117546538568E-14  6.51441237300251E-13 -4.37043071630996E-14
  9.72233714199517E-12 -7.65050619131774E-12  8.85094569227166E-11 -1.65018768629407E-10  5.55804708731416E-10
 -1.68992436171753E-09  2.17322221949773E-09 -1.01687123661387E-09  2.80726229998124E-10 -3.69670192274700E-12
 -2.21298482123462E-11 -1.19565258963674E-10 -1.21070519334780E-10 -5.78242580309714E-10  1.56033967415786E-09
 -2.07991785805883E-09  9.81861789493018E-10 -2.60315825216636E-10  5.65607649901473E-13  6.52457983010539E-12
  1.98984606003136E-11  4.26314499732767E-11  1.09326247743108E-10  1.30663557871838E-11 -2.71944922937322E-12
  6.65783409328357E-11 -2.03056000974230E-11  3.01590760237623E-12  1.64699308885098E-11  9.60976292559226E-11
  8.90042747733066E-11  4.54575755576567E-10 -1.39067039521306E-09  1.85431900115340E-09 -9.09206750034710E-10
  2.42653841673656E-10  3.00649271627254E-02 -9.87060963021903E-02  8.61435718591279E-01 -4.48692723553801E-01
 -1.40802996127160E-02  4.62270007184639E-02 -4.03435968714049E-01  2.10136147908301E-01  2.26247196581973E-02
 -7.42791673944856E-02  6.48255075806998E-01 -3.37654138607614E-01 -2.74462093540109E-02  9.01085896198161E-02
 -7.86402872331138E-01  4.09610652285191E-01 -9.58579019637583E-04  3.14710867272011E-03 -2.74656978950270E-02
  1.43059528736372E-02
* ORBITAL    1   27
 -6.63797176482848E-16 -8.46217503069730E-15 -5.72617599507354E-15 -2.14203608169089E-13  3.72198773882386E-14
 -3.20630434605738E-12  2.74589372575473E-12 -2.94446624379184E-11  5.58272569574239E-11 -1.87465950350387E-10
  5.68378475960976E-10 -7.30259604638993E-10  3.37695392467165E-10 -9.35494964712034E-11  3.01284506994573E-12
  2.11270240421781E-11  9.84830335732776E-11  1.24378287865081E-10  4.85758409806113E-10 -1.01584019390233E-09
  1.37508983251174E-09 -5.85186226687120E-10  1.52735193107168E-10  7.05137322766052E-12  4.56115428584309E-11
  2.28482261621406E-10  2.61815962180682E-10  1.11096160619295E-09 -2.68454662037218E-09  3.61011865577228E-09
 -1.63443496394672E-09  4.30948837417144E-10 -1.70179007151396E-12 -1.63051331799969E-11 -5.75945402507856E-11
 -1.04801956871410E-10 -2.99583646917110E-10  2.19198727902488E-10 -3.28021419374857E-10  2.75460843181791E-11
 -2.33474591875737E-12 -2.24268264497551E-02  7.36294646352090E-02 -6.42584938082883E-01  3.34700755694912E-01
  1.23944373705809E-02 -4.06921500949886E-02  3.55131778799412E-01 -1.84976129512670E-01  3.32927111646864E-02
 -1.09303226866622E-01  9.53919841957375E-01 -4.96864574714458E-01 -4.32540619445920E-03  1.42007315726503E-02
 -1.23933757543171E-01  6.45529016444118E-02  2.41774176813512E-02 -7.93768268612273E-02  6.92743776219643E-01
 -3.60826797607299E-01
* ORBITAL    1   28
 -4.22843695324539E-17 -1.06468920032821E-14 -6.62872673020188E-15 -2.52993842178182E-13  4.02083121791911E-14
 -3.74830139422756E-12  3.15902340080341E-12 -3.43786145214819E-11  6.50254228613092E-11 -2.18358865572712E-10
  6.61945861968994E-10 -8.50828840106322E-10  3.94858509944541E-10 -1.09277136121405E-10 -3.31207922259176E-12
 -1.88676925778610E-11 -1.05768628648535E-10 -1.04410423709430E-10 -5.02021310185749E-10  1.46358035395002E-09
 -1.95745668951853E-09  9.45187747459593E-10 -2.51770574373770E-10  1.75561395294153E-12  9.69472808016734E-12
  5.65291965839824E-11  5.06335476636561E-11  2.71125097210371E-10 -8.08782037026032E-10  1.07214776977979E-09
 -5.22963445742053E-10  1.39276176037428E-10 -2.18688157181799E-12 -1.20879425496152E-11 -7.02613400305548E-11
 -6.36209090221453E-11 -3.36802791493180E-10  1.00314269855211E-09 -1.33120912343161E-09  6.49232107030567E-10
 -1.72933883666492E-10  1.16253353936721E-02 -3.81671130848578E-02  3.33095074358777E-01 -1.73497955671706E-01
  2.09742510615419E-02 -6.88605175707988E-02  6.00965002732851E-01 -3.13022339346267E-01 -2.38652931755998E-02
  7.83520915828229E-02 -6.83800624747037E-01  3.56168612554924E-01 -1.87302366157280E-02  6.14931986745667E-02
 -5.36668349509646E-01  2.79532387838527E-01  2.95432613473020E-02 -9.69934164100880E-02  8.46488681999735E-01
 -4.40907317851642E-01
* ORBITAL    1   29
 -8.97696113411324E-16 -2.22526896386655E-14 -2.51275710546268E-14 -6.14117956488004E-13 -1.50080943262975E-14
 -9.04516526737363E-12  6.44642324743902E-12 -8.13949178454834E-11  1.48586778384614E-10 -5.02889449831692E-10
  1.53679051238524E-09 -1.97516983465592E-09  9.29473383036873E-10 -2.56056928956415E-10 -4.43364780963709E-12
 -3.39466437479060E-11 -1.46278937998125E-10 -2.05370192958533E-10 -7.31202262414215E-10  1.26497814092090E-09
 -1.73209514366487E-09  6.63644901107713E-10 -1.70016455420367E-10  1.66949061101467E-12  1.11518790034496E-11
  5.48316533244406E-11  6.27626258727899E-11  2.71304396830262E-10 -6.15599537899893E-10  8.23331095937750E-10
 -3.64451134727195E-10  9.55627022319803E-11 -2.60904732332417E-12 -1.81102720059656E-11 -8.46845082813161E-11
 -1.08261768690400E-10 -4.13287331849862E-10  8.88231419879188E-10 -1.20808801678768E-09  5.19400102695866E-10
 -1.35994434237342E-10  2.81944553891543E-02 -9.25651545314976E-02  8.07842001738256E-01 -4.20777569554879E-01
  8.52951660843671E-03 -2.80032372338267E-02  2.44392086154547E-01 -1.27295569933373E-01  1.05782851505015E-02
 -3.47295447321935E-02  3.03094453608236E-01 -1.57871647253596E-01  3.47596529253021E-02 -1.14119340136193E-01
  9.95951409981013E-01 -5.18757396594461E-01  1.34325108125474E-02 -4.41002467309576E-02  3.84875191701581E-01
 -2.00468467092649E-01
* ORBITAL    1   30
 -1.03950199112186E-15 -3.21975480598927E-14 -3.95553621940888E-14 -8.86181937323858E-13 -4.33980801346256E-14
 -1.30845592761099E-11  9.13789206377436E-12 -1.17533421099299E-10  2.13785885910341E-10 -7.23998764005013E-10
  2.21377318108185E-09 -2.84630544919356E-09  1.34371635770250E-09 -3.69846352412310E-10  4.62473537395966E-13
  2.88736074986968E-12  1.45052781465089E-11  1.79745865089138E-11  6.72001062272409E-11 -1.78429955936619E-10
  2.44919104512912E-10 -1.13589089662162E-10  3.02194233007999E-11 -3.53261967330043E-12 -2.83842995139341E-11
 -1.17164457579307E-10 -1.74174246427042E-10 -5.90370307506590E-10  8.99514120544059E-10 -1.24301343426474E-09
  4.36209842330958E-10 -1.09821140762386E-10 -5.34428434888395E-12 -3.75175296243805E-11 -1.74965543741562E-10
 -2.20130747558304E-10 -8.63778418301999E-10  1.80270335278504E-09 -2.43809275681833E-09  1.03634444203993E-09
 -2.70367120863727E-10  5.59533518639924E-03 -1.83700326547873E-02  1.60320414606366E-01 -8.35054803607871E-02
  3.87775337972766E-02 -1.27310435997365E-01  1.11107379419237E+00 -5.78720751955726E-01  8.15542838221765E-03
 -2.67750690004080E-02  2.33673518383713E-01 -1.21712630598352E-01 -6.09812443694787E-03  2.00207389380948E-02
 -1.74726590174495E-01  9.10091698514861E-02 -2.70100512072918E-02  8.86766397648825E-02 -7.73905845434584E-01
  4.03101373793115E-01
* ORBITAL    1   31
 -7.94444068353610E-06  5.43425875589263E-06 -4.90998396752096E-04  7.66056624965858E-04 -1.06390770397397E-02
  1.61417644009886E-02 -1.57294814187821E-01  2.58545362579536E-01 -9.55569672564738E-01  3.86050073938731E+00
 -6.95040235617051E+00  6.03885463955941E+00 -2.72875931420154E+00  6.75418415169384E-01  1.86775957706209E-10
  6.39832690508771E-11  6.65700909016142E-09 -5.77355481089533E-09  7.56512597731173E-08 -1.21547609581552E-07
  8.97413186489794E-08 -4.03195564572148E-08  1.03213550731522E-08  4.60763187556191E-10 -2.27270353942500E-10
  1.69402297732161E-08 -1.96675234866157E-08  2.00392174931812E-07 -3.47264067077349E-07  2.43431126280664E-07
 -1.11523767204539E-07  2.85363848530929E-08 -1.77557272752722E-10 -4.39435947634412E-10 -5.82162410861107E-09
  1.69308578657986E-10 -5.83773003932221E-08  6.90750384708085E-08 -6.36130128389965E-08  2.64809816850013E-08
 -6.78158567655033E-09 -4.01459735283875E-13 -6.77981907873523E-12  4.43999869074138E-12 -3.68454636341061E-12
  4.48439542535714E-11  7.28398755607396E-10  4.64899894250974E-11  3.02301781534577E-10  1.31722573179735E-13
 -8.41083833265922E-12  3.33257650419124E-12 -5.62261047217864E-12  2.22991554452764E-11  3.62320821778552E-10
  2.30302168691386E-11  1.50369276927947E-10  7.38388863090741E-13 -1.83410153924914E-11 -2.63166366023568E-12
 -1.16135955838121E-11
* ORBITAL    1   32
 -1.67002852973497E-12  1.81610270149949E-11 -1.43006573238928E-10  7.36763792134387E-10 -3.58570952469626E-09
  1.48383234292618E-08 -5.75211456902920E-08  1.63277038836712E-07 -3.68537056288566E-07  6.50711672014530E-07
 -7.60772268135332E-07  5.22084674886995E-07 -1.93769085161388E-07  3.48167418517616E-08 -3.98647839626822E-04
  2.15500241507103E-02 -1.88899808808946E-02  3.06306587413441E-01 -1.02963262938611E+00  1.15053964850789E+00
 -6.90134135146765E-01  3.06163845109686E-01 -7.79955827218930E-02 -7.77566369721878E-04  4.20335251980131E-02
 -3.68450857929087E-02  5.97453885476562E-01 -2.00830814664834E+00  2.24413842682725E+00 -1.34611313414078E+00
  5.97175465071052E-01 -1.52131119298143E-01  8.78713099906367E-04 -4.75012947169868E-02  4.16379370652189E-02
 -6.75171377095519E-01  2.26955119086415E+00 -2.53605854635189E+00  1.52121708608582E+00 -6.74856739590775E-01
  1.71920510902094E-01  4.01017190203760E-10 -4.55449747942091E-09  3.15830826151640E-09 -1.16439162028067E-09
 -5.99877749911525E-10  6.78749425440293E-09 -4.74629583731300E-09  1.74312630293714E-09 -2.42715005518290E-10
  2.81775322906244E-09 -1.84397854309297E-09  6.98512811538956E-10 -2.08277027541158E-10  2.33450472305323E-09
 -1.67626643365469E-09  6.08453101153509E-10 -3.96608344093857E-10  4.52332397279189E-09 -3.09664951940256E-09
  1.14830707725290E-09
* ORBITAL    1   33
  2.12021115823147E-14 -9.80480310528396E-13  3.63051169728350E-12 -3.43450811291111E-11  1.10847389494620E-10
 -6.64455683365646E-10  2.21764660500601E-09 -8.10394989260879E-09  7.98499054635576E-09  1.80333330174138E-08
 -4.63572277011077E-08  3.50547941729478E-08 -1.11257213943146E-08  3.97707283345546E-09  1.10946153262714E-03
 -5.99750496704912E-02  5.25719842289892E-02 -8.52470164593786E-01  2.86553123138167E+00 -3.20202291390587E+00
  1.92068592606552E+00 -8.52072891366450E-01  2.17066523082588E-01 -5.51847888834249E-04  2.98316827615392E-02
 -2.61493865674084E-02  4.24019982553069E-01 -1.42531968023913E+00  1.59269116515962E+00 -9.55352159386731E-01
  4.23822378090999E-01 -1.07969225481060E-01  1.50061329486179E-05 -8.11198532181027E-04  7.11067631497013E-04
 -1.15301704649685E-02  3.87580292383878E-02 -4.33092811458158E-02  2.59784295746676E-02 -1.15247971073244E-02
  2.93595496792710E-03 -5.68935211711477E-10  6.48955688609235E-09 -4.44224456556697E-09  1.64723335337045E-09
 -5.25003727073254E-11  5.65936914639740E-10 -4.45347962663437E-10  1.55339558299436E-10 -6.47060217887281E-11
  7.49320366417451E-10 -4.90399164171132E-10  1.85513116408196E-10  8.41030737644048E-11 -8.93927553219368E-10
  7.27443651673990E-10 -2.50115215834291E-10 -5.61657921197135E-10  6.37869994880492E-09 -4.42365780685924E-09
  1.63086378875824E-09
* ORBITAL    1   34
  3.04334945843547E-13 -1.12873977957150E-12  2.09369792575675E-11 -6.16959358607773E-11  4.65081727599766E-10
 -1.32041141043974E-09  6.13032141550883E-09 -1.22141858459935E-08  5.93716503496189E-08 -2.01994914759807E-07
  3.11753754543524E-07 -2.22879381780974E-07  7.66824023098149E-08 -1.97974871764866E-08  3.81891578615130E-04
 -2.06442194625851E-02  1.80959845814474E-02 -2.93431703900860E-01  9.86354410892283E-01 -1.10217936847816E+00
  6.61125936267361E-01 -2.93294952707486E-01  7.47172173157916E-02  7.91530561467801E-04 -4.27884025349634E-02
  3.75067836877594E-02 -6.08183510461708E-01  2.04437516479322E+00 -2.28444066670659E+00  1.37028782943591E+00
 -6.07900071826756E-01  1.54863223561907E-01  8.73672869846138E-04 -4.72288352750837E-02  4.13991081978319E-02
 -6.71298696123378E-01  2.25653336398056E+00 -2.52151203516040E+00  1.51249157141994E+00 -6.70985843355064E-01
  1.70934394276710E-01 -3.93496587619731E-10  4.46853297831627E-09 -3.09955789680123E-09  1.14269247041313E-09
 -4.73757319064672E-10  5.44167231056342E-09 -3.66121263294125E-09  1.36860155421905E-09  4.04364247577792E-10
 -4.54242416146488E-09  3.23541427977192E-09 -1.17862938242971E-09 -1.46543572392023E-10  1.67553277219778E-09
 -1.14493793404583E-09  4.25279906881921E-10  4.08058445388493E-10 -4.65477576210365E-09  3.18611500822407E-09
 -1.18140557953618E-09
* ORBITAL    1   35
  9.33043993613788E-15  1.95230895294851E-14  5.28772937228532E-13 -1.10997130443540E-13  1.07419160804979E-11
 -8.19119459356051E-12  1.40454012114511E-10 -1.92514076656452E-10  9.71370135086985E-10 -3.16180804909960E-09
  4.18041847526253E-09 -2.62603878377513E-09  1.29678277022930E-09 -2.92666370942809E-10  3.23747104283551E-12
 -1.42624705392802E-10  1.26927861606104E-10 -1.98699204766524E-09  6.89513844553311E-09 -7.15236012784972E-09
  4.49785463464677E-09 -1.94614758692137E-09  4.97327047251239E-10  3.99842953335281E-12 -1.89929715049193E-10
  1.53015683866120E-10 -2.63784678727810E-09  9.11642790105520E-09 -9.44444048247453E-09  5.93974896433836E-09
 -2.56453070172111E-09  6.55455559743251E-10 -6.41335473710945E-12  2.80792151653340E-10 -2.51917901867240E-10
  3.91278486585514E-09 -1.35794067782240E-08  1.40840242915140E-08 -8.86051093343436E-09  3.83432468364165E-09
 -9.79847034867479E-10  5.85744544311545E-02 -7.39413876213878E-01  5.49289601339229E-01 -1.90534043041174E-01
 -6.12128728766107E-02  7.72719917706736E-01 -5.74031715115057E-01  1.99116428288852E-01  3.48199829416847E-02
 -4.39549609240809E-01  3.26528940549609E-01 -1.13264258163844E-01 -5.13033291242310E-02  6.47626918928224E-01
 -4.81103673543477E-01  1.66882147083064E-01 -4.92915576108597E-02  6.22231346963579E-01 -4.62238023265464E-01
  1.60338151687238E-01
* ORBITAL    1   36
  8.51590240693684E-16 -3.28135068025152E-16 -2.20866261231976E-15 -1.43709949839059E-14 -5.68507736806707E-14
 -1.23249200785639E-13 -5.54439969108849E-13 -2.45729175734940E-13 -2.97307755594840E-12  3.76333483539969E-12
 -1.24299124444316E-13  4.33432736224060E-12  1.06822862331987E-12  8.33051203705175E-14 -6.37488075960132E-12
  2.90750682847127E-10 -2.47281491006161E-10  4.04472198032794E-09 -1.40071397314414E-08  1.45191327335725E-08
 -9.13288942162347E-09  3.94762621885430E-09 -1.00887934539638E-09  3.82595492687689E-12 -1.62744767025498E-10
  1.51543338054253E-10 -2.27058630157512E-09  7.89394951573505E-09 -8.19179169780707E-09  5.15307121960056E-09
 -2.23184699229755E-09  5.70302652008264E-10 -1.27313257405924E-12  5.30445248053800E-11 -5.08109275246300E-11
  7.40868837051180E-10 -2.57904384261569E-09  2.67828962100809E-09 -1.68390574111904E-09  7.29877587452579E-10
 -1.86490717407513E-10 -5.06510693548888E-02  6.39393126070705E-01 -4.74987022312701E-01  1.64760442455933E-01
 -3.42490222483556E-02  4.32342094224709E-01 -3.21174682026087E-01  1.11407007414401E-01  1.91786868117897E-02
 -2.42101907640423E-01  1.79850641988744E-01 -6.23854336180052E-02  6.48956797296708E-02 -8.19209782905097E-01
  6.08567717675477E-01 -2.11096054668150E-01 -7.16540671111435E-02  9.04524199572135E-01 -6.71945378588346E-01
  2.33080089942957E-01
* ORBITAL    1   37
  1.40136449191553E-15 -1.77292878416187E-15  6.48035356506346E-15 -1.43618083654844E-14  9.60247364298028E-14
 -2.38354295506819E-13  1.47523925879936E-12 -2.98054990343878E-12  1.08332555433191E-11 -4.13352494962402E-11
  5.95220483764473E-11 -3.32365516328036E-11  1.95520044237764E-11 -4.09577030979080E-12  2.59833138737924E-12
 -1.07033239927884E-10  1.03846775916242E-10 -1.49542544649099E-09  5.20693336487178E-09 -5.40517874617081E-09
  3.40149262447079E-09 -1.47461265233345E-09  3.76789224909097E-10  9.05523273446418E-12 -3.73782753270342E-10
  3.61537546415659E-10 -5.22158873944680E-09  1.81822619658509E-08 -1.88730974892341E-08  1.18771435734873E-08
 -5.14836989578375E-09  1.31550473688307E-09 -2.25422494825644E-14 -4.12040436369809E-11 -1.17270668089105E-11
 -5.50103452741062E-10  1.79721362730339E-09 -1.83770661333287E-09  1.14734647048758E-09 -4.80629351623462E-10
  1.23079343369780E-10  2.57150860306509E-02 -3.24614059569588E-01  2.41146579889487E-01 -8.36473742074264E-02
 -4.70280104813050E-03  5.93657488714363E-02 -4.41011314239373E-02  1.52975167421329E-02 -1.05171279360456E-01
  1.32762829969493E+00 -9.86257416760876E-01  3.42106627605309E-01  3.17685266209896E-03 -4.01029589332597E-02
  2.97913510039822E-02 -1.03338321730440E-02 -4.12023127646357E-02  5.20116868137186E-01 -3.86380072570609E-01
  1.34025033784091E-01
* ORBITAL    1   38
 -3.52662878088499E-15 -6.50615266129669E-15 -1.89047914057491E-13  2.39766322067629E-14 -3.83012191269050E-12
  2.72689497723950E-12 -4.98458686120788E-11  6.71238191532029E-11 -3.43602094991207E-10  1.11167757554124E-09
 -1.46418946874175E-09  9.24799537069947E-10 -4.52902216032232E-10  1.02594982654624E-10 -5.02874969563623E-12
  1.88208196078737E-10 -2.05560840706376E-10  2.64064105972191E-09 -9.24997442935719E-09  9.61246419876553E-09
 -6.05495176258381E-09  2.63206483394974E-09 -6.72427973557277E-10  3.08524207259953E-12 -9.99433741134086E-11
  1.30142126088485E-10 -1.41262532629722E-09  4.99751040086218E-09 -5.20576571655355E-09  3.28151035248244E-09
 -1.43322640410129E-09  3.66039892299339E-10  3.42374495743120E-12 -1.30393641916441E-10  1.39534646420546E-10
 -1.82818561614804E-09  6.39829444610674E-09 -6.64965820901134E-09  4.18596033062091E-09 -1.81884788194122E-09
  4.64671563129293E-10 -4.49227889337664E-02  5.67082251483429E-01 -4.21269324080999E-01  1.46127192886012E-01
  6.16636931702480E-02 -7.78410841969247E-01  5.78259341383997E-01 -2.00582880087444E-01  6.29715253975561E-03
 -7.94920245384868E-02  5.90523709036348E-02 -2.04837065033072E-02 -6.65188851622827E-02  8.39700295985074E-01
 -6.23789538811166E-01  2.16376102050197E-01 -5.62780483345216E-02  7.10425223301826E-01 -5.27754753123564E-01
  1.83064173433377E-01
* ORBITAL    1   39
  1.05373535283660E-14  2.08799302895639E-14  5.70449932339075E-13 -9.75916205266510E-14  1.15270177757535E-11
 -8.46293344754655E-12  1.50261084873195E-10 -2.03738265576411E-10  1.03636972984561E-09 -3.36269451833778E-09
  4.43646578239584E-09 -2.79583231526154E-09  1.37390429235104E-09 -3.10746491323659E-10 -4.40288368346974E-12
  1.58610372051306E-10 -1.81676416480658E-10  2.22964021890595E-09 -7.83032368312066E-09  8.14375662917584E-09
 -5.12922309346257E-09  2.23250328752024E-09 -5.70292594483268E-10 -2.86125618533746E-12  1.00020934709500E-10
 -1.18730367791093E-10  1.40794875594156E-09 -4.95365037684155E-09  5.15190477112933E-09 -3.24777821503742E-09
  1.41475320042065E-09 -3.61392533107092E-10 -6.73587283265242E-12  2.68486593735350E-10 -2.71300562135339E-10
  3.75628558690228E-09 -1.31071755517250E-08  1.36103702118007E-08 -8.56824905682620E-09  3.71770633731835E-09
 -9.49889110633072E-10 -6.91106562387616E-02  8.72417485023820E-01 -6.48094210799273E-01  2.24806750304285E-01
 -6.86116916836780E-02  8.66118812347915E-01 -6.43415105477028E-01  2.23183692353202E-01 -2.77704444916345E-02
  3.50559850828965E-01 -2.60420972484306E-01  9.03331515071387E-02 -4.66236812879190E-02  5.88553444368060E-01
 -4.37219664425018E-01  1.51659944326899E-01  3.19889148437893E-02 -4.03811657357219E-01  2.99980229510758E-01
 -1.04055212078698E-01
* ORBITAL    1   40
 -1.24472024265915E-06  2.82539154479520E-04 -7.26458988634324E-04  9.45425962301408E-03 -2.20445598086503E-02
  1.67529378041814E-01 -3.37669052963802E-01  2.15228201363097E+00 -6.16470857495485E+00  8.44463274112002E+00
 -6.24326326408994E+00  3.16856203841618E+00 -1.40532693851096E+00  3.26748439142344E-01  1.03355482685503E-09
 -6.93974242211908E-09  6.72042054202519E-08 -2.57927323792972E-07  2.71223956150640E-07 -1.93356997343591E-07
  9.81090624567595E-08 -4.39559437545466E-08  1.13143646151023E-08  1.83527519216689E-09 -1.16727844781490E-08
  1.17600620271698E-07 -4.46714658735895E-07  4.78481434293457E-07 -3.22728412187616E-07  1.76727309225716E-07
 -7.64039792378033E-08  1.96938372877331E-08 -1.63350151459077E-09  1.15889857427580E-08 -1.07877053130879E-07
  4.18497458095822E-07 -4.31627175488645E-07  3.25460022128614E-07 -1.52631233064474E-07  7.10606289911175E-08
 -1.82704944551757E-08  1.17560009285494E-11 -1.23899287709659E-11  6.44731304233719E-12 -1.06370386074559E-12
 -1.23879848159694E-09  1.41362572531674E-09 -9.69142171654550E-10  1.27072839345623E-10  6.72053488472453E-12
 -9.77944936130979E-12  6.39331104565157E-12  4.47015875204779E-13 -6.16109991929157E-10  7.03076923016426E-10
 -4.81989678603998E-10  6.32067825575168E-11  8.65236768958480E-12 -1.87780883849023E-11  1.73683565033847E-11
  2.03991755296086E-12
* ORBITAL    1   41
  8.08792489701236E-16 -3.35970962664563E-15  4.15510871683347E-15 -1.15735864296593E-13  1.80293329808058E-13
 -1.95499404546842E-12  3.39310137757689E-12 -2.45143206438448E-11  6.04168108679214E-11 -7.21311345106847E-11
  5.07429448933334E-11 -2.60145535874946E-11  1.11572628166840E-11 -2.62722373115891E-12 -3.03179153188056E-12
  3.34674788283684E-12 -1.79489756872310E-10  3.01021127971332E-10 -2.60924170807363E-10  1.48205907000640E-10
 -9.89994986113488E-11  3.72245082915012E-11 -9.82104549493381E-12  6.93072791285662E-13  3.15659748257058E-11
  2.72160191388099E-11  6.35976488242426E-10 -8.19398729181710E-10  3.62197902833803E-10 -3.17230669338640E-10
  1.13436848192355E-10 -2.99003682824727E-11 -2.74552167548020E-12  1.13065880933620E-11 -1.66006282628941E-10
  4.52658352656306E-10 -4.61331324117626E-10  2.34794968520813E-10 -1.76818421135125E-10  6.48530755390255E-11
 -1.71072127588399E-11 -6.61528816741442E-03  5.42233539674021E-03 -2.58381545850001E-03  8.47878842858201E-04
 -3.60803465806721E-01  2.95738803060914E-01 -1.40923501675694E-01  4.62440361606299E-02  5.41671967194797E-01
 -4.43990799452274E-01  2.11567564088240E-01 -6.94258797705615E-02  7.17518708154843E-01 -5.88126623030335E-01
  2.80250215013580E-01 -9.19640863522287E-02  9.91207293078693E-01 -8.12460206787368E-01  3.87148173073311E-01
 -1.27042643010699E-01
* ORBITAL    1   42
  3.27247288693394E-15  9.95336489175784E-14 -1.11681390490529E-13  3.17148628792350E-12 -4.87159514631199E-12
  5.35086920601661E-11 -9.08792345730631E-11  6.73914598402352E-10 -1.68214849006304E-09  1.99241415321272E-09
 -1.37929330617348E-09  7.26200304437565E-10 -2.98268486055124E-10  7.15905373476319E-11  9.07787054721145E-13
 -3.79607202555912E-11  6.95058481336201E-11 -8.95080096642358E-10  1.08183476450516E-09 -4.97221022443731E-10
  4.17597721474753E-10 -1.50462005512754E-10  3.96606477361809E-11  1.28055892921630E-12 -1.48354130077198E-11
  8.16611287243226E-11 -4.18674808928268E-10  4.72914291999588E-10 -2.27778007180536E-10  1.81724994531155E-10
 -6.62410408670402E-11  1.74555529052472E-11  3.49222079458210E-12 -1.78345907857923E-11  2.12792745923641E-10
 -6.50672583721555E-10  6.79205407060463E-10 -3.42165959148369E-10  2.60287972608696E-10 -9.55170219773290E-11
  2.51846009095431E-11  1.28235157737218E+00 -1.05110165653443E+00  5.00864020958924E-01 -1.64358489687723E-01
  2.61456085901027E-01 -2.14307004297340E-01  1.02120158621369E-01 -3.35107221427071E-02 -3.70251485791996E-01
  3.03483036100475E-01 -1.44613732466700E-01  4.74549851093569E-02  2.24823261059215E-01 -1.84280275629101E-01
  8.78120201445239E-02 -2.88155076091844E-02  1.43317490685711E-01 -1.17472660795533E-01  5.59772966511966E-02
 -1.83689455609577E-02
* ORBITAL    1   43
  5.20523222424532E-15  2.37428932768602E-13 -2.64562586568570E-13  7.48935234622327E-12 -1.15067765108091E-11
  1.26402667149590E-10 -2.14682385265476E-10  1.59206282253051E-09 -3.97473487548499E-09  4.70792907086439E-09
 -3.25877212916736E-09  1.71677923589980E-09 -7.04544117134315E-10  1.69166307582727E-10 -3.20836237158821E-12
  1.22281991620022E-11 -1.93765796526247E-10  5.06769856312290E-10 -5.09895499666679E-10  2.64078248910203E-10
 -1.94799736130571E-10  7.20455926167786E-11 -1.89911121317050E-11 -4.73100008590431E-12  1.63697593721485E-11
 -2.84925155176962E-10  7.12157578302659E-10 -7.09008678459668E-10  3.68273945688046E-10 -2.71007677171493E-10
  1.00079491908721E-10 -2.63891888904408E-11 -6.25662680523601E-12 -4.12785473059159E-12 -3.65795973885434E-10
  3.79797722669824E-10 -2.37020687099972E-10  1.70681815960813E-10 -8.76506963973033E-11  3.50959831807329E-11
 -9.26611684496591E-12  1.60175865335699E-01 -1.31290919248754E-01  6.25618819290185E-02 -2.05296767095824E-02
  7.70837852220923E-01 -6.31830581947441E-01  3.01075736940803E-01 -9.87979797595780E-02  1.04553603961316E+00
 -8.56991703832377E-01  4.08368028003623E-01 -1.34005936762815E-01  1.79131845919687E-01 -1.46828516693429E-01
  6.99657552680147E-02 -2.29592571725425E-02 -4.19374876238323E-01  3.43747872972885E-01 -1.63800466666728E-01
  5.37511104507231E-02
* ORBITAL    1   44
  6.63783675250564E-15  3.29824439004700E-13 -3.69748722260275E-13  1.04518599425662E-11 -1.60672341820000E-11
  1.76398093044958E-10 -2.99541287523533E-10  2.22187838591701E-09 -5.55006354741160E-09  6.57370762835006E-09
 -4.54852052328448E-09  2.39985393465901E-09 -9.82770402522211E-10  2.36186060256297E-10 -7.75507438746051E-13
  8.53037355925015E-12 -4.91879055497679E-11  2.44538391743410E-10 -2.76200851249297E-10  1.31293008908569E-10
 -1.06492372994425E-10  3.84725884424272E-11 -1.01495865002135E-11 -7.68312242805950E-12  2.77439990055885E-11
 -4.63241130048207E-10  1.18083767053474E-09 -1.18197152947372E-09  6.11422712861115E-10 -4.52017214989092E-10
  1.66747815786563E-10 -4.39707979401107E-11  5.98830679783958E-12 -4.50737243697947E-11  3.71073238107342E-10
 -1.43165518923215E-09  1.55870873132483E-09 -7.64242018848374E-10  5.98674667811143E-10 -2.18440014713504E-10
  5.75901907741987E-11 -4.78440554570309E-01  3.92162078116546E-01 -1.86870484020229E-01  6.13215348592896E-02
  1.03615423546184E+00 -8.49301745739693E-01  4.04703659946945E-01 -1.32803474669494E-01 -5.60715682841496E-01
  4.59600310458048E-01 -2.19005705202009E-01  7.18667052013138E-02  3.09739351986845E-01 -2.53883218697874E-01
  1.20978754984764E-01 -3.96991690791688E-02  4.56174210522762E-01 -3.73911083984479E-01  1.78173640807375E-01
 -5.84676664325618E-02
* ORBITAL    1   45
  1.09684545546947E-15  9.07296461476571E-14 -1.01010116180069E-13  2.84365662208566E-12 -4.37206239071612E-12
  4.79998576009510E-11 -8.15654227454836E-11  6.04513008002610E-10 -1.50920803730065E-09  1.78799953441245E-09
 -1.23791002210234E-09  6.52304726011777E-10 -2.67656068511888E-10  6.42681432247803E-11 -8.34694596270513E-12
  3.05906831506550E-11 -5.03480455046175E-10  1.29267344377485E-09 -1.29622805751029E-09  6.69891797673818E-10
 -4.95725574270694E-10  1.82852507242860E-10 -4.82146096896654E-11  2.23223596699392E-12 -2.79353236093362E-11
  1.43032835001559E-10 -7.76549041905656E-10  8.83953802415956E-10 -4.21421550650183E-10  3.40272235960401E-10
 -1.23451156574894E-10  3.25451953799466E-11  4.24280263922342E-12 -1.37546135183407E-11  2.55129201351433E-10
 -6.17315705624834E-10  6.08855862968610E-10 -3.18895913785702E-10  2.32466256561825E-10 -8.61122872940754E-11
  2.27017833513993E-11 -1.48072331325158E-01  1.21370048187268E-01 -5.78344539549988E-02  1.89783715867588E-02
 -2.33690816142216E-01  1.91548720565887E-01 -9.12755315287388E-02  2.99520586024695E-02 -2.87947994495299E-01
  2.36021555515353E-01 -1.12467433185888E-01  3.69061794899153E-02  1.10794906821869E+00 -9.08149622541601E-01
  4.32745461629451E-01 -1.42005389719695E-01 -7.30721848085324E-01  5.98948805099173E-01 -2.85407129751308E-01
  9.36563275246859E-02
* ORBITAL    1   46
  3.60627397297844E-12  3.19582473132614E-11  1.45207117678522E-10  7.57466268883254E-10  2.73681922160463E-09
  8.22660264099635E-09  5.44195554961261E-08  1.89607734405344E-07 -9.64477480806407E-07  1.43220056775382E-06
 -1.00223193070428E-06  4.79993583111809E-07 -2.41467398878316E-07  6.54030313740456E-08 -1.13840409484705E-02
  3.46583517186962E-02 -6.69317008162744E-01  1.54381514958137E+00 -1.40768869313749E+00  8.69472365759494E-01
 -4.99396181486959E-01  2.09230032605257E-01 -5.45542171099239E-02 -1.32453373643157E-02  4.03250102408071E-02
 -7.78750676800983E-01  1.79622970481948E+00 -1.63784650556860E+00  1.01163153580154E+00 -5.81047708678762E-01
  2.43439248247604E-01 -6.34738587141385E-02  1.81573855058433E-02 -5.52795848175887E-02  1.06755123312246E+00
 -2.46236349324240E+00  2.24524370687208E+00 -1.38679621864120E+00  7.96529899361481E-01 -3.33718964958750E-01
  8.70132103107898E-02  3.59042558498433E-10 -2.91600766801509E-10  3.38540414365536E-10 -8.11763622976568E-11
 -5.88950219118873E-10  4.89088315152141E-10 -4.62428101417736E-10  1.12313539999427E-10  1.72759597823012E-10
 -1.67136082995215E-10 -6.93281989293337E-11  1.27114562239512E-11 -4.11547695101873E-10  3.53766538008555E-10
 -2.18749629531700E-10  5.53235304022284E-11 -1.25576771155529E-10  9.44497233396104E-11 -1.83530931622747E-10
  4.28133779040745E-11
* ORBITAL    1   47
  2.55441461178498E-13  4.47558297703368E-12  5.27784104987981E-12  1.24988652898966E-10  3.47278283081534E-11
  1.69545999613460E-09  9.17287935156824E-10  3.51034253660793E-08 -1.23878616034268E-07  1.63922269205203E-07
 -1.03724261805573E-07  4.84365898972560E-08 -2.74899805017209E-08  7.05169957317739E-09  2.13866798320158E-02
 -6.51110670203912E-02  1.25741541015759E+00 -2.90029528122517E+00  2.64456069678149E+00 -1.63343817430617E+00
  9.38192885291813E-01 -3.93070943121697E-01  1.02488526272673E-01 -1.26413437833874E-02  3.84861697818674E-02
 -7.43239279059535E-01  1.71432078508636E+00 -1.56315993137034E+00  9.65500661737598E-01 -5.54551660180259E-01
  2.32338304265155E-01 -6.05794213826132E-02  4.18716535500797E-03 -1.27476920429524E-02  2.46181562251675E-01
 -5.67830819624485E-01  5.17762132412009E-01 -3.19800726218120E-01  1.83682964358694E-01 -7.69569212673493E-02
  2.00655926074873E-02 -2.63146534103887E-10  2.03026160424196E-10 -3.41056579038187E-10  8.00646937523194E-11
 -3.15050335686138E-10  2.70438067258270E-10 -1.70793328879583E-10  4.30064589937125E-11  8.91274417662910E-11
 -8.44530733024260E-11 -2.08534008813598E-11  3.17390793970995E-12  3.53627978701056E-10 -3.12995656975067E-10
  1.10056636712628E-10 -3.01106895868966E-11 -4.71987829305631E-10  3.85192031602439E-10 -4.28488853705400E-10
  1.03007477483121E-10
* ORBITAL    1   48
  8.81268104664079E-14 -7.98207837838365E-12  2.37785131956642E-11 -2.65229654893975E-10  7.07310163381421E-10
 -4.26402877617151E-09  1.29697528914862E-08 -8.01557098953938E-08  1.94589320070321E-07 -2.12906403679342E-07
  1.08962139969197E-07 -4.84441178525861E-08  3.58380771403813E-08 -8.10843032842608E-09  6.90938044176565E-03
 -2.10353884931823E-02  4.06232359679764E-01 -9.36996466091514E-01  8.54376462328304E-01 -5.27713783383872E-01
  3.03101351158333E-01 -1.26989168011046E-01  3.31109001387437E-02  1.73055906133740E-02 -5.26863192261588E-02
  1.01747052065070E+00 -2.34684967683755E+00  2.13991535473107E+00 -1.32173916000602E+00  7.59163277205375E-01
 -3.18063619931505E-01  8.29312680104590E-02  1.69559133876081E-02 -5.16217377419558E-02  9.96911483381684E-01
 -2.29942916830957E+00  2.09667616602457E+00 -1.29503206252742E+00  7.43823603450546E-01 -3.11636817825945E-01
  8.12555567942456E-02 -3.19581052661966E-10  2.62159557032717E-10 -2.78353505968890E-10  6.70897038853715E-11
  4.04358073952210E-12 -3.06126553644052E-11 -2.33470419367214E-10  5.19266588466139E-11  5.99697496257789E-10
 -5.09807269918701E-10  3.68270394533726E-10 -9.15125577103213E-11 -5.87817321512327E-11  4.40381624796714E-11
 -8.72783039037069E-11  2.03957323417589E-11  2.48441149045451E-10 -1.93992531227587E-10  3.01969152128653E-10
 -7.11662914061611E-11
* ORBITAL    1   49
  1.03199000898478E-04 -4.50981932334814E-04  7.28785937806595E-03 -2.29058600119250E-02  1.73392031499153E-01
 -4.85369617419937E-01  3.20718180062555E+00 -7.03815415048046E+00  7.57798864024040E+00 -5.09407139696950E+00
  2.95047545539317E+00 -1.56334771291073E+00  5.99431615190112E-01 -1.51556281692208E-01  3.55723649271331E-09
 -6.68648988650288E-08  1.90939168613644E-07 -1.51713865536138E-07  1.11121332059384E-07 -4.18834229687621E-08
  4.44851913804081E-08 -1.45904749064987E-08  3.95422906608164E-09  4.53994553682217E-09 -8.36900913407328E-08
  2.41935207492258E-07 -1.90061201888672E-07  1.45130564561237E-07 -4.20264805562458E-08  6.16114301968459E-08
 -1.84046815286651E-08  5.02005432812368E-09 -7.39351028337266E-09  1.40560863715990E-07 -3.98549700067784E-07
  3.18783429891317E-07 -2.27731300306761E-07  9.81625326006899E-08 -8.77663375295848E-08  3.05393713912781E-08
 -8.24852861788104E-09 -1.58470619534291E-12  2.75785964985906E-13  2.18034352610914E-14  6.00521927185620E-13
  1.75185627428185E-10  6.57340212846898E-12 -1.32856120292449E-10 -6.58623298642625E-11 -7.49997150964362E-13
 -9.48199900627685E-13  1.12263364505575E-12  1.07057835911637E-12  8.71245506148519E-11  3.27846977076940E-12
 -6.60708156256141E-11 -3.27522083336163E-11 -8.84321822239719E-13 -3.58534734288301E-12  5.35667850890481E-12
  2.60679810844632E-12
* ORBITAL    1   50
 -2.43079022003468E-12  1.43111625818190E-11 -1.80192507232568E-10  6.77512921521393E-10 -4.36297658464953E-09
  1.53897916608281E-08 -7.72841368006212E-08  1.46819265080090E-07 -1.42503688730275E-07  1.00731478374348E-07
 -7.64938286735010E-08  4.09401525677907E-08 -9.02481396737383E-09  2.68128772907138E-09 -1.92393114150120E-02
  5.13988800048644E-01 -8.41977531908230E-01  6.44493864800727E-01 -4.16105890303688E-01  2.62467738855277E-01
 -1.33988555104686E-01  6.10076894780716E-02 -1.60235315227240E-02 -4.03911862710866E-02  1.07907278557451E+00
 -1.76765532753591E+00  1.35305631135493E+00 -8.73576509822636E-01  5.51027170298190E-01 -2.81296797366673E-01
  1.28080100977736E-01 -3.36399486441198E-02 -4.43720704357914E-02  1.18542429853218E+00 -1.94187232297309E+00
  1.48641115817455E+00 -9.59674672015070E-01  6.05335437628582E-01 -3.09020914306327E-01  1.40703450141951E-01
 -3.69554426528631E-02 -6.99883836565765E-11  5.52239321572237E-11 -1.01530130529536E-10  1.73029348426588E-11
 -1.04129754173897E-10  5.95848430574017E-11 -1.47556440106186E-10  2.97675427093424E-11  5.74571564655725E-11
 -6.28181764624870E-11  8.63925631787636E-11 -1.11376202450205E-11 -2.98161469319037E-11  1.92667612733048E-11
 -4.15819491681164E-11  7.92914514140266E-12  8.00402493033752E-11 -5.55761469820963E-11  1.15921407515417E-10
 -2.13278724317392E-11
* ORBITAL    1   51
  1.74726466670055E-12 -7.45502317130437E-12  1.22889329892882E-10 -3.81869484937354E-10  2.89714579789960E-09
 -8.04367731231237E-09  5.43815624400172E-08 -1.20927507636539E-07  1.35664043732935E-07 -1.00736522323544E-07
  6.42811922474395E-08 -3.33597455244566E-08  1.19270958757297E-08 -3.46876156432053E-09 -5.64099994867357E-02
  1.50702419844366E+00 -2.46869291616096E+00  1.88966733502484E+00 -1.22002977775686E+00  7.69560024079292E-01
 -3.92856797275621E-01  1.78875617729420E-01 -4.69812763330567E-02  2.80574798729129E-02 -7.49571024542946E-01
  1.22789048792984E+00 -9.39891928478504E-01  6.06824343763144E-01 -3.82767507129719E-01  1.95401024231670E-01
 -8.89700246057521E-02  2.33677757525093E-02 -1.08143135996125E-03  2.88910342675212E-02 -4.73271044389379E-02
  3.62266536765907E-02 -2.33890883388838E-02  1.47531705494031E-02 -7.53142464538061E-03  3.42920943570083E-03
 -9.00674101854013E-04 -1.11097458990270E-10  7.70299634075776E-11 -1.60613989164386E-10  2.95583129663259E-11
 -7.32576882040865E-13  1.14355195231688E-11 -3.08759184475424E-12 -1.70126667142301E-12 -1.61839294020007E-11
  7.41780481385630E-12 -2.33303062362469E-11  5.07158834838735E-12 -4.21448974019660E-12 -1.87697667214778E-11
 -2.04581473616468E-12  4.84943398387197E-12 -1.00446948728999E-10  7.90709396381640E-11 -1.45769103820316E-10
  2.49212889256860E-11
* ORBITAL    1   52
 -1.37717894464020E-11  4.00245566622371E-11 -9.24163376698884E-10  2.31554187188316E-09 -2.12337455197329E-08
  4.36387306359736E-08 -4.20692404081040E-07  1.05016021819840E-06 -1.27678439245120E-06  9.66771044040359E-07
 -5.58245407345442E-07  2.82908488953247E-07 -1.26345515077153E-07  3.66663325791549E-08  2.04509307213832E-02
 -5.46357873812998E-01  8.95002089734551E-01 -6.85081648857505E-01  4.42310661712686E-01 -2.78996965186542E-01
  1.42426646851792E-01 -6.48497230869338E-02  1.70326332177331E-02  3.93930147122202E-02 -1.05240607634304E+00
  1.72397192878449E+00 -1.31961874165063E+00  8.51988138558229E-01 -5.37409847056106E-01  2.74345215298025E-01
 -1.24914906294365E-01  3.28086179386125E-02 -4.47261622018992E-02  1.19488404789756E+00 -1.95736855109584E+00
  1.49827278590083E+00 -9.67332913453835E-01  6.10166045152693E-01 -3.11486914458661E-01  1.41826270540794E-01
 -3.72503494724305E-02  7.21172202191369E-11 -5.66589778463499E-11  1.04596791838486E-10 -1.79180219544409E-11
 -9.99425448231241E-11  8.75590107325810E-11 -1.47350589189334E-10  2.33517808207292E-11 -6.30530574204053E-11
  2.69630347500025E-11 -8.68923889166460E-11  1.94328362737427E-11 -2.74408741951536E-11  3.29379461101003E-11
 -4.14783340499719E-11  4.78826605468162E-12 -7.71220370322143E-11  5.33981093692865E-11 -1.11206842514032E-10
  2.04684964611571E-11
* ORBITAL    1   53
 -1.13032047905873E-04  3.55101661230018E-03 -1.52121779412792E-02  1.32594867405191E-01 -4.61609331729531E-01
  3.27135126644978E+00 -5.68374033555069E+00  5.32301322791899E+00 -3.73693866351625E+00  2.42571140338538E+00
 -1.38664944269135E+00  6.77671868630827E-01 -3.02944366691234E-01  7.22601383152236E-02  2.20865898068300E-09
 -2.17195353955823E-08  3.08413612378758E-09 -7.58057159078639E-09  2.23244513445548E-09 -7.83634306436590E-09
 -1.50807307447173E-09 -7.10195386697348E-10  1.48185869634644E-10  4.24848389637486E-09 -4.14621385628211E-08
  6.24729380996334E-09 -1.41247237860022E-08  5.66968230283091E-09 -1.18106662948744E-08 -1.22870312243220E-09
 -1.35099544613105E-09  2.93377514965638E-10 -3.22595612351140E-09  3.20313527696414E-08 -4.20035493436802E-09
  1.15222101727261E-08 -1.90753007957271E-09  1.46587275725323E-08  3.84541451701933E-09  1.05375061172589E-09
 -2.09611847818511E-10 -4.02967111762179E-13  3.61127812120403E-14  3.09953855052802E-14  1.81409600858094E-13
  4.25818675298230E-11  9.69100079882714E-12 -4.43456417793107E-11 -2.01657931060439E-11 -1.83640427488103E-13
 -3.06064836784180E-13  3.49772365342811E-13  3.41950228694730E-13  2.11768351927942E-11  4.82223209628283E-12
 -2.20532142034294E-11 -1.00284289266525E-11 -1.67713340664317E-13 -1.14741406545241E-12  1.65484526648484E-12
  8.44648122569456E-13
* ORBITAL    1   54
  7.89925489667062E-14 -4.96105993756158E-12  1.68062198191156E-11 -1.77260917724284E-10  6.39107655981163E-10
 -4.32040456696156E-09  4.21517814622719E-09 -8.71607686941118E-10 -1.47150277358652E-10  1.64211268307876E-09
 -4.10224615341169E-09  2.20147301797443E-09  3.48163481610059E-10 -9.11822801078933E-12  4.10486820385061E-01
 -4.10440708482778E-01  3.18489799594025E-01 -2.30423656283982E-01  1.50972160339225E-01 -9.03458848565058E-02
  5.23652141615721E-02 -2.27225207750621E-02  6.03268500308853E-03  8.26100037175574E-01 -8.26007237522905E-01
  6.40957083733898E-01 -4.63724976279809E-01  3.03829748216461E-01 -1.81820061310130E-01  1.05384395375191E-01
 -4.57288135168345E-02  1.21407096476866E-02  9.25842102288058E-01 -9.25738098128062E-01  7.18345269507703E-01
 -5.19714426293151E-01  3.40513691007812E-01 -2.03772739628998E-01  1.18108347360085E-01 -5.12500410728131E-02
  1.36065605209679E-02 -1.13640189640622E-11  9.84776441390106E-12 -1.79048473021349E-11  3.06667550261019E-12
 -1.72083261429653E-11  1.10845216348263E-11 -2.64811105939829E-11  5.40851446667088E-12  8.77830567710621E-12
 -1.06573803741226E-11  1.43938904272497E-11 -1.76076582023417E-12 -4.89990276714910E-12  3.49040644984377E-12
 -7.41569171421928E-12  1.44013836272347E-12  1.27067044147905E-11 -9.73218704935699E-12  1.99777580095813E-11
 -3.71270819827608E-12
* ORBITAL    1   55
  9.31099298086740E-14 -6.95198110635712E-13  7.17226984165415E-12 -3.08249452134175E-11  1.54378235018562E-10
 -7.39806336504715E-10  3.72715989009053E-09 -7.70208629152687E-09  9.08350428554185E-09 -7.82006613659981E-09
  5.51054131921522E-09 -2.74971546112378E-09  9.25226458639074E-10 -3.25034235211594E-10  1.17008548002289E+00
 -1.16995403647599E+00  9.07849585301594E-01 -6.56818588409709E-01  4.30343493894094E-01 -2.57529359309430E-01
  1.49266123793540E-01 -6.47701466539890E-02  1.71960626627449E-02 -5.82257417797610E-01  5.82192008934705E-01
 -4.51763708166365E-01  3.26845774796187E-01 -2.14147338658840E-01  1.28151645619005E-01 -7.42777423604056E-02
  3.22308916673216E-02 -8.55709706994371E-03  7.54130982253061E-04 -7.54046265529171E-04  5.85117506897972E-04
 -4.23325692872247E-04  2.77360386736017E-04 -1.65980068767886E-04  9.62034058832990E-05 -4.17449623431105E-05
  1.10830224847441E-05 -1.80033447327464E-11  1.37951462441522E-11 -2.82587962584006E-11  5.24775855043816E-12
  4.78641986390925E-13  1.48007777102681E-12  3.81486245044188E-13 -5.00378227650169E-13 -2.67513175030678E-12
  1.47950088110383E-12 -4.19825990256621E-12  9.07962308307048E-13 -9.94364865040654E-13 -2.94912616975550E-12
 -8.26229731043464E-13  1.01255944234592E-12 -1.61077779402348E-11  1.39548296105796E-11 -2.53900286367905E-11
  4.35393931138260E-12
* ORBITAL    1   56
 -1.49308095527570E-12  2.95745506570785E-11 -1.59776786359166E-10  1.13030724188185E-09 -4.59351252924749E-09
  2.74733717929885E-08 -6.44743152557570E-08  9.98828113546600E-08 -1.12266833571780E-07  8.97142066899331E-08
 -5.05742459586801E-08  2.43984528760924E-08 -1.26786374803653E-08  4.02480115815235E-09 -4.12946533571413E-01
  4.12900143617591E-01 -3.20398248938831E-01  2.31804396677986E-01 -1.51876813195850E-01  9.08872538429435E-02
 -5.26789959015493E-02  2.28586782074490E-02 -6.06883388919901E-03 -8.28649098156662E-01  8.28556008662944E-01
 -6.42934855894941E-01  4.65155870465329E-01 -3.04767261784839E-01  1.82381094932598E-01 -1.05709574743288E-01
  4.58699166725790E-02 -1.21781715440650E-02  9.22464163419970E-01 -9.22360534831095E-01  7.15724382324300E-01
 -5.17818243962300E-01  3.39271324593208E-01 -2.03029273206837E-01  1.17677427792588E-01 -5.10630547931837E-02
  1.35569167444214E-02  1.14213981815860E-11 -9.89827467800095E-12  1.79938035832096E-11 -3.08962304205368E-12
 -1.57426222685222E-11  1.52023407965793E-11 -2.52400166506410E-11  3.96156015974005E-12 -1.06236709111261E-11
  5.30692041951735E-12 -1.59149234891268E-11  3.61115554056914E-12 -4.16781311026256E-12  5.52382397708288E-12
 -6.86699492014315E-12  7.44273029869991E-13 -1.27589714612474E-11  9.78124015983169E-12 -1.99819007336126E-11
  3.70819533599480E-12
* ORBITAL    1   57
  9.90093820025893E-04 -7.64538980860434E-03  8.11509990814470E-02 -3.75510768319993E-01  2.88014582910680E+00
 -4.33868459723053E+00  3.84056152359330E+00 -2.88763075444460E+00  1.99794750787946E+00 -1.25319971345628E+00
  7.25784025591351E-01 -3.74750106775282E-01  1.56950504732596E-01 -3.87514364613879E-02 -2.38257912131140E-11
 -6.33686018856865E-11 -1.06275218652002E-11  3.54903543955723E-11  1.53685225697861E-10  3.63027250048378E-10
  1.96339682470210E-10  2.29986899661385E-12  1.27980632936183E-12 -1.90398056990957E-10 -6.09676445850526E-10
 -3.47106854854165E-10  1.00439636936548E-10  4.70474133377995E-10  1.11017033789428E-09  5.87269931243596E-10
  7.24520773484787E-12  3.36573245580754E-12 -1.13781372850669E-10 -4.09264135920230E-10 -3.23417772977404E-10
 -2.26980966722670E-11 -6.22278998130537E-11 -1.47201663154918E-10 -9.37502716645281E-11 -5.71609560586233E-13
 -1.24263617413735E-12 -4.23314237943965E-14  2.32922202479658E-15  3.99183203074969E-15  2.00837221817970E-14
  4.45175537420491E-12  1.22072109665257E-12 -4.98415886586898E-12 -2.28024632171478E-12 -1.89830840388080E-14
 -3.47516738077850E-14  3.83439759850877E-14  3.84408095673386E-14  2.21364872790332E-12  6.08030448625749E-13
 -2.47906785060791E-12 -1.13355804948736E-12 -1.75048525098045E-14 -1.26397225076028E-13  1.83920517501423E-13
  9.58558038694345E-14
* ORBITAL    1   58
 -2.40943574365434E-03  4.11722835712005E-02 -2.73246092758055E-01  2.43395936350111E+00 -3.32167957599014E+00
  2.76074922623912E+00 -2.05022304356983E+00  1.49908184861333E+00 -1.03948927529674E+00  6.64130362660072E-01
 -3.87322658184821E-01  1.99157584902841E-01 -8.47078136756323E-02  2.08132940385443E-02 -3.80732624178967E-11
 -2.37908083742647E-10 -1.77459055968652E-10 -1.48665346625309E-11 -1.80641478576561E-11 -4.41158036751407E-11
 -2.72640918005008E-11 -1.58239255800982E-13 -2.97912898544945E-13 -9.77923618702047E-11 -6.10251181197680E-10
 -4.53818010197107E-10 -3.21412097234141E-11 -2.20150255375786E-11 -5.44797372147594E-11 -3.79097419255690E-11
  1.92893212076005E-13 -5.63556789347189E-13  3.13824032267822E-11  1.96858408639606E-10  1.48150858410170E-10
  1.80551238127565E-11  3.82973292122567E-11  9.28137628935366E-11  5.32873080711465E-11  6.99482349949565E-13
  4.38760965978007E-13 -2.49786792494023E-15  1.42732302864965E-15 -6.62258019813644E-16  1.60062809295975E-15
  1.87759974763533E-13  5.74914518630840E-14 -2.18887856577625E-13 -9.37178639548557E-14 -4.38739975445083E-16
 -1.85813097864376E-15  8.95943616049835E-16  1.90756590736335E-15  9.38233048764157E-14  2.92157882761815E-14
 -1.08276438594651E-13 -4.79122174116389E-14 -1.09232857266678E-15 -6.24555221254958E-15  8.35123052055561E-15
  4.05685382686583E-15
* ORBITAL    1   59
  1.43006529577857E-02 -1.67647664705581E-01  1.99483765247651E+00 -2.44583970549910E+00  1.90046875774345E+00
 -1.37211925451167E+00  1.00866900177296E+00 -7.46707813504663E-01  5.23349728258408E-01 -3.36295814606319E-01
  1.96812349325395E-01 -1.01453289876433E-01  4.31457340724496E-02 -1.06108674734233E-02 -1.09361118497144E-12
 -7.76368016108020E-12 -5.60069746555047E-12  7.17429530160822E-13  4.91557411763434E-12  1.18039063213373E-11
  6.46459938783472E-12  1.42853018402965E-13  3.96613350990609E-14 -5.50257755790681E-12 -3.90001334783134E-11
 -2.89183101361730E-11  1.21186561313289E-12  1.39286226256913E-11  3.33547908464902E-11  1.80840483133628E-11
  4.25398601802468E-13  1.05566497354436E-13 -1.65365666097740E-12 -1.16939559907452E-11 -9.17993720996657E-12
 -1.16090211838365E-12 -2.76456742643503E-12 -6.66860383879988E-12 -3.84063936392248E-12 -5.20166703246035E-14
 -3.22043620191885E-14 -6.80855957167161E-16  6.68604657767593E-16  2.06579761930823E-16 -6.66173959725118E-16
  2.24005953370702E-15  6.44741803466596E-16 -3.13609574149299E-15 -1.89029550137540E-15  1.68424132052679E-16
 -2.93653075448728E-16  6.80613295104555E-17 -2.05318807159900E-17  1.49560979602875E-15  1.22366062540739E-16
 -1.13080865739153E-15 -1.99943015372771E-15  2.69793945017535E-16 -1.81743275880499E-16 -1.12216260610581E-15
  5.94075727087095E-17
* ORBITAL    1   60
 -7.52138207128139E-02  1.59432135696352E+00 -1.67596884116218E+00  1.20586739543752E+00 -8.47570730320638E-01
  6.14639305172080E-01 -4.58298100131307E-01  3.42403553185715E-01 -2.41165500234181E-01  1.55378057894888E-01
 -9.10522620238875E-02  4.69664260274891E-02 -1.99806147387569E-02  4.91453797239546E-03 -1.26720258612677E-12
 -9.19587384674751E-12 -7.21414325377773E-12 -5.86342434986624E-13 -7.97897530619230E-13 -1.87169693417375E-12
 -1.15876205392883E-12 -8.24966629533728E-17 -1.34082877754030E-14 -3.28448270122672E-12 -2.38541209424197E-11
 -1.86538463676627E-11 -1.30202782766975E-12 -1.10365111799161E-12 -2.51409491046902E-12 -1.71434273907503E-12
  2.63524293994388E-14 -2.72865796459155E-14  1.05328738585993E-12  7.64801809830202E-12  6.05482398242097E-12
  7.02729690955953E-13  1.60112952351081E-12  3.82299798677821E-12  2.22216066045902E-12  2.43351278199960E-14
  1.96445979618825E-14  3.75023588102005E-16 -1.60879335264183E-15  1.43402360417514E-15 -2.44460828061060E-16
 -1.40364398597255E-17 -2.28091658758725E-16 -3.07907589370713E-16 -2.87220323625698E-16 -1.50304096321969E-16
  2.44737381662440E-16  2.54218037784232E-16  6.80562463471778E-16  6.14760134326885E-16 -2.60807728483434E-16
 -4.42017232587877E-16 -4.84028326603783E-16 -1.05242241178156E-15  1.53792133230679E-15 -1.25074027520305E-15
  3.24642093897875E-16
* ORBITAL    1   61
  1.25985186505748E+00 -9.86136544082893E-01  6.37209286049208E-01 -4.34662979060445E-01  3.10451106777470E-01
 -2.28335283737383E-01  1.71538313985200E-01 -1.28623791740617E-01  9.07499146279283E-02 -5.85182537552258E-02
  3.43061039654425E-02 -1.76993829348069E-02  7.53040401370615E-03 -1.85230506479829E-03 -2.06501080542529E-13
 -1.51230943653430E-12 -1.19251237877087E-12 -1.08723720163780E-13 -1.87052095157753E-13 -4.38101682869038E-13
 -2.66159237755319E-13 -5.94728845196241E-16 -3.32529572411663E-15 -4.78972193009767E-13 -3.51471494686247E-12
 -2.76533402962926E-12 -2.34497677543852E-13 -3.35657336946921E-13 -8.01023612225190E-13 -4.83591463342259E-13
 -3.96813301302883E-15 -5.43807496395333E-15  2.04175112568989E-13  1.49388086900972E-12  1.18721019566847E-12
  1.27279825995467E-13  2.83327463081259E-13  6.68017895488210E-13  3.90689858376979E-13  4.16587234516611E-15
  3.73451978742705E-15 -6.42792347856541E-16  1.94636238180378E-15 -1.67566605523326E-15  6.89786320182474E-16
 -6.62057466418463E-16  1.62269245343902E-16  1.30365806414524E-16 -4.33187573942584E-16 -6.42251656760817E-16
  2.96856701872031E-16  1.26467925816092E-15 -8.26862828951135E-16  3.95154224419415E-16  2.38548732997815E-16
 -5.54527606109482E-16  7.72554325204120E-16  8.68802456881052E-16 -1.12795015755740E-15  1.00471218730984E-15
 -9.82324700449238E-16
#OCC
* OCCUPATION NUMBERS
  1.99686931502903E+00  1.80732928803650E+00  6.30242979852036E-04  6.30242971262351E-04  6.30242975436457E-04
  1.25084575000600E-03  6.42199415781864E-02  6.42199399120924E-02  6.42199407676347E-02  0.00000000000000E+00
  0.00000000000000E+00  0.00000000000000E+00  0.00000000000000E+00  0.00000000000000E+00  0.00000000000000E+00
  0.00000000000000E+00  0.00000000000000E+00  0.00000000000000E+00  0.00000000000000E+00  0.00000000000000E+00
  0.00000000000000E+00  0.00000000000000E+00  0.00000000000000E+00  0.00000000000000E+00  0.00000000000000E+00
  0.00000000000000E+00  0.00000000000000E+00  0.00000000000000E+00  0.00000000000000E+00  0.00000000000000E+00
  0.00000000000000E+00  0.00000000000000E+00  0.00000000000000E+00  0.00000000000000E+00  0.00000000000000E+00
  0.00000000000000E+00  0.00000000000000E+00  0.00000000000000E+00  0.00000000000000E+00  0.00000000000000E+00
  0.00000000000000E+00  0.00000000000000E+00  0.00000000000000E+00  0.00000000000000E+00  0.00000000000000E+00
  0.00000000000000E+00  0.00000000000000E+00  0.00000000000000E+00  0.00000000000000E+00  0.00000000000000E+00
  0.00000000000000E+00  0.00000000000000E+00  0.00000000000000E+00  0.00000000000000E+00  0.00000000000000E+00
  0.00000000000000E+00  0.00000000000000E+00  0.00000000000000E+00  0.00000000000000E+00  0.00000000000000E+00
  0.00000000000000E+00
#OCHR
* OCCUPATION NUMBERS (HUMAN-READABLE)
  1.9969  1.8073  0.0006  0.0006  0.0006  0.0013  0.0642  0.0642  0.0642  0.0000
  0.0000  0.0000  0.0000  0.0000  0.0000  0.0000  0.0000  0.0000  0.0000  0.0000
  0.0000  0.0000  0.0000  0.0000  0.0000  0.0000  0.0000  0.0000  0.0000  0.0000
  0.0000  0.0000  0.0000  0.0000  0.0000  0.0000  0.0000  0.0000  0.0000  0.0000
  0.0000  0.0000  0.0000  0.0000  0.0000  0.0000  0.0000  0.0000  0.0000  0.0000
  0.0000  0.0000  0.0000  0.0000  0.0000  0.0000  0.0000  0.0000  0.0000  0.0000
  0.0000
#ONE
* ONE ELECTRON ENERGIES
  0.0000E+00  0.0000E+00  0.0000E+00  0.0000E+00  0.0000E+00  0.0000E+00  0.0000E+00  0.0000E+00  0.0000E+00  2.7466E-02
  2.7466E-02  2.7466E-02  3.8784E-02  1.3524E-01  1.3524E-01  1.3524E-01  1.8410E-01  1.8410E-01  1.8410E-01  1.8410E-01
  1.8410E-01  2.5585E-01  5.1155E-01  5.1155E-01  5.1155E-01  6.0298E-01  6.0298E-01  6.0298E-01  6.0298E-01  6.0298E-01
  1.0990E+00  1.6734E+00  1.6734E+00  1.6734E+00  1.7499E+00  1.7499E+00  1.7499E+00  1.7499E+00  1.7499E+00  4.2988E+00
  5.1856E+00  5.1856E+00  5.1856E+00  5.1856E+00  5.1856E+00  5.6385E+00  5.6385E+00  5.6385E+00  1.6735E+01  2.1883E+01
  2.1883E+01  2.1883E+01  5.5950E+01  9.3765E+01  9.3765E+01  9.3765E+01  1.6964E+02  5.3808E+02  1.8814E+03  7.7888E+03
  4.5633E+04
#INDEX
* 1234567890
0 222222222s
1 ssssssssss
2 ssssssssss
3 ssssssssss
4 ssssssssss
5 ssssssssss
6 s
