#INPORB 2.2
#INFO
* RASSCF natural orbitals for root number  1 E=      -14.653837068834
       0       1       0
      61
      61
*BC:HOST dzemail-jasarevic-compchemp-comp PID 257371 DATE Fri Feb 13 17:18:22 2026
#ORB
* ORBITAL    1    1
  5.31595267163170E-05  4.16902962186828E-04  2.21986220796436E-03  9.53598659677631E-03  3.47431667939158E-02
  1.05826929842056E-01  2.45347030852861E-01  3.86362368709075E-01  3.12916646531064E-01  6.59300496543842E-02
 -4.70206147945909E-03 -5.92136669726654E-03 -2.90382401848245E-03  9.49459893684293E-05  2.49921660376492E-12
 -2.83431938554304E-11  3.03963301946179E-11  6.90933910414092E-11 -1.61672305959358E-11  2.79420525368177E-11
 -3.16611656533462E-11 -2.98905292131161E-13  5.73127941754411E-13  1.99029057049320E-12 -1.31898117427366E-11
  4.63067049412368E-11  6.20592632138405E-11 -1.26816932563754E-12 -1.57221308710614E-12 -3.33385872507922E-11
 -4.73750029642107E-12  2.20539845198204E-12  7.32338002361378E-12 -8.11472588642805E-11  3.77851173208177E-10
  6.52983835370745E-10 -2.13080623206543E-11 -3.35168469114657E-11 -3.29593628737409E-10 -7.55736515016415E-11
  3.53527900613895E-11 -4.56919088714205E-13  2.69356175036805E-15 -5.29417037606045E-14  3.92389690689727E-13
  5.72678841582232E-13  6.84460574528346E-15  7.72978807677156E-14 -5.25913520587071E-13 -3.56133488095187E-12
 -1.83161002608114E-11  3.29886560919278E-12 -5.75396491208963E-11 -3.65179081995210E-11 -7.10904312800439E-13
 -4.99594509127351E-12  3.23712494520977E-11 -3.80537242759671E-13  7.51451891696046E-13  1.70779065132867E-13
  1.28133317043105E-12
* ORBITAL    1    2
 -9.34365282750216E-06 -7.33097137579868E-05 -3.90778329597499E-04 -1.68621828287417E-03 -6.21918407545676E-03
 -1.95769900999451E-02 -4.87939170413238E-02 -9.28201774519923E-02 -1.30269741340592E-01 -6.18858342102106E-02
  2.88527310861281E-01  6.24207905894382E-01  2.33175454935720E-01 -1.86429258539179E-03  9.43991201949049E-12
  4.41942869833841E-11 -1.43400086280855E-10 -3.36944123587982E-10 -1.92019132712423E-09  8.82219402315781E-10
  6.96093957198731E-11  1.49950494627941E-09 -4.63768895515386E-10  5.03746260646323E-12  5.89144014305592E-11
 -2.47881507095104E-10 -4.75997713983972E-10 -1.78108701212256E-09 -2.99127634455567E-10  1.73060212396372E-09
  8.92701379755862E-10 -3.74552946584300E-10  3.92253410352039E-11  5.90022641186143E-10 -2.46257350786577E-09
 -4.64817047284083E-09 -1.43388563247254E-08 -7.62769091109711E-09  2.06860794488362E-08  6.22069058063805E-09
 -2.17009716662192E-09 -9.10186227774956E-13 -1.91109529378855E-11  1.79007967726400E-11 -2.64082331302888E-11
  8.95071519643669E-13  2.77569200947302E-11 -2.62489817691186E-11  3.47946841705192E-11 -2.48239666760921E-10
  3.75132756562740E-10  5.90704706008536E-10  3.21111396222045E-09 -7.02614132596149E-11 -1.75468185793438E-09
  1.68010232159124E-09 -2.14850124387348E-09  3.36364775441321E-12 -2.28675273133228E-11  1.45592218280893E-11
 -5.90895523574888E-11
* ORBITAL    1    3
  2.85827898494505E-11  3.53984272235317E-10  8.37394789626826E-10  1.00280215329677E-08  1.05400456927726E-08
  1.38347580499988E-07  6.68882436596886E-08 -1.88923041557404E-07  4.25749558338140E-09 -5.70952461301427E-08
  1.76279772975797E-07 -3.84328622366651E-08 -5.78367928298112E-08 -6.99461209128844E-09 -4.21818345640723E-02
 -3.09642522638347E-01 -2.40402877641185E-01 -8.78432380017055E-03  2.26613177351856E-02  5.62551597617045E-02
  2.71971013035110E-02  1.27206321532737E-03  1.41445555761178E-06  1.00949191729088E-03  7.41033731786283E-03
  5.75330035695931E-03  2.10225585917347E-04 -5.42328541570591E-04 -1.34629355363534E-03 -6.50878549766354E-04
 -3.04429680688967E-05 -3.38297454471412E-08  6.72281265186436E-02  4.93498925408173E-01  3.83146881558863E-01
  1.40001590962595E-02 -3.61168618405319E-02 -8.96578190840054E-02 -4.33458203504692E-02 -2.02755350022390E-03
 -2.11274241539248E-06 -1.75842332973622E-10  2.15970594308932E-10 -1.03391320985273E-10  6.32201284692209E-11
  3.38260585781516E-10 -4.15298166704962E-10  1.73669104915712E-10 -9.62912718815263E-11  2.65562300712608E-09
 -3.00485108151455E-09  4.80387248791543E-11  5.04177937440960E-10 -1.31492425312001E-09  1.64863370014984E-09
 -2.96280407707937E-10 -2.27091482775208E-10 -1.66915234035522E-10  1.42352132566810E-10  4.09532513089305E-11
 -1.16019695080002E-13
* ORBITAL    1    4
  7.31123301879520E-12  1.41615005584699E-11  4.44037922175569E-10 -9.07545316834022E-10  1.05993656948909E-08
 -1.36009722159799E-08  8.60917526777451E-08 -1.43094643685769E-07  1.17003800904650E-07 -8.20266076525043E-08
  5.65956472328236E-08 -2.55285385009207E-08  6.48392305930599E-09 -2.56395780529780E-09  3.91089612419618E-04
  2.87085495440901E-03  2.22889818206085E-03  8.14437739650186E-05 -2.10104494117003E-04 -5.21570863774554E-04
 -2.52157725726689E-04 -1.17941555385948E-05 -1.31754312839947E-08  7.93656476068144E-02  5.82596038627866E-01
  4.52320754468465E-01  1.65277603232767E-02 -4.26374768240375E-02 -1.05844826665038E-01 -5.11715430772582E-02
 -2.39344936173498E-03 -2.67368054461970E-06 -9.46361069236414E-04 -6.94691367536222E-03 -5.39350263588465E-03
 -1.97077776312078E-04  5.08411365925924E-04  1.26210116467586E-03  6.10171474261129E-04  2.85421079481352E-05
  2.98714935362145E-08  2.15493757108270E-10 -1.20650020064485E-10 -1.75306170814455E-10  2.58357714821045E-11
  2.73429793760434E-09 -3.16758794471385E-09  1.94461345455769E-10  4.85578057526953E-10 -2.20100034920341E-10
  2.60942933536938E-10 -8.98436123621242E-11  5.61032124367950E-11 -7.80594954119507E-11  1.23035731829824E-10
 -8.91807390243640E-11  2.23364750490918E-11 -3.00934349709450E-10  3.55525652489482E-10 -1.45765971592999E-10
  1.07786916415134E-10
* ORBITAL    1    5
  4.55306589662329E-11  7.64295206033872E-11  2.43700602796134E-09 -5.79656576320460E-10  5.56416926962180E-08
 -6.27656722294185E-08  6.05908532376405E-07 -1.10500169741013E-06  1.04233894208686E-06 -8.45046665651473E-07
  5.83652196243543E-07 -2.44200374914379E-07  5.70515271959850E-08 -2.71459451741552E-08  6.72346237989053E-02
  4.93546263240844E-01  3.83183517987098E-01  1.40014793198083E-02 -3.61203248103980E-02 -8.96664759668515E-02
 -4.33499364637304E-02 -2.02762234711398E-03 -2.27222662943764E-06  1.71685121242047E-04  1.26028149867354E-03
  9.78467720689712E-04  3.57530841078251E-05 -9.22340735853006E-05 -2.28965357248750E-04 -1.10695024688220E-04
 -5.17758230831274E-06 -5.79104176786521E-09  4.21833195211893E-02  3.09653302316876E-01  2.40411186855545E-01
  8.78457893126820E-03 -2.26620315372659E-02 -5.62572007150822E-02 -2.71978939433617E-02 -1.27225255839089E-03
 -1.33413347947747E-06  2.47563801174982E-10 -2.87129834819280E-10  1.07537557877922E-10 -8.86436428047038E-11
  1.61947979246581E-10 -1.87622955767426E-10  6.73996162988819E-11 -5.46494499846454E-11  1.55601608158974E-09
 -1.85707280232848E-09  1.79793410224594E-10  2.91171107177197E-10  2.41073633868018E-09 -2.71799581550820E-09
  5.51053499660834E-11  4.29749063653653E-10  2.19600405892481E-10 -1.61114508276645E-10 -1.05259128938175E-10
  1.30354285068302E-11
* ORBITAL    1    6
  8.47067140120099E-05  6.91628942060569E-04  3.52627501819203E-03  1.69541964917702E-02  6.82217987762346E-02
  3.40497973599667E-01  7.41080575566893E-01 -1.90475210587317E-01 -7.93648946032677E-01 -1.82280469853490E-01
  7.93065455374265E-02  1.93447013962213E-01  7.04509051352775E-02 -2.27254092317209E-04 -2.59307212817848E-09
 -2.03104016006350E-08 -2.00904413313302E-08 -1.47745178347428E-10  4.40897874605795E-09  1.27049725506250E-08
  6.93476235664258E-09  6.38295423597184E-10 -6.09562968035322E-11 -1.19474835264895E-09 -8.96248356246474E-09
 -1.03304667442803E-08 -6.34240459025001E-10 -2.90248153031365E-09 -3.05940272326541E-09 -1.63853802556197E-09
  4.13883968896773E-10 -1.30389760461447E-10 -1.00465242345380E-08 -7.81015155359130E-08 -9.36018867316214E-08
 -9.01475130498518E-09 -3.16544658101172E-08 -4.64405642514380E-08 -2.16758862724171E-08  3.90903570331889E-09
 -9.27028894489324E-10 -1.10087880359117E-11  3.29420645554361E-12 -3.59504986066392E-12 -2.39662014643216E-11
  1.53289161505384E-11 -3.32312338205350E-12  3.26614187049013E-12  3.26272056148284E-11 -7.85104307637379E-10
  5.29705033281360E-10  5.87097884364596E-11  2.87802844066552E-09 -9.84935578251587E-10  2.13483934769801E-10
 -2.00955778859740E-10 -2.03083351348297E-09 -1.78463168151619E-11 -3.16703913926207E-11 -1.46261291497455E-11
 -6.61015598873968E-11
* ORBITAL    1    7
  3.39243025430086E-13 -2.38515048002784E-12  2.51083737560267E-10  3.76841589201813E-10  4.57662927662048E-09
 -3.51375409508356E-08  1.74619301634749E-07 -2.84304724789385E-07  5.83826169393105E-07 -5.23419955933803E-07
 -1.00652688186634E-07 -1.37665354493412E-07  4.29456480121009E-07 -9.28611738138153E-09 -1.33089073114023E-04
 -8.44287529805330E-04 -2.40605125833913E-03 -5.81869363693110E-03 -2.60194356708487E-02 -6.26328086314563E-02
 -3.47867238263374E-02 -6.85197363403089E-04 -2.39832171759167E-04  2.55319548183553E-06  1.61968725820336E-05
  4.61579563056265E-05  1.11626352485729E-04  4.99159225895012E-04  1.20155373478292E-03  6.67351796399751E-04
  1.31448620764751E-05  4.60097704223698E-06  1.13926018906507E-03  7.22709324397694E-03  2.05960845627902E-02
  4.98083885054267E-02  2.22727673604494E-01  5.36141204954259E-01  2.97776521829594E-01  5.86532439500937E-03
  2.05300198182011E-03 -2.34197313168291E-11 -1.58210367164200E-11 -2.53054269945305E-11  7.26551758076714E-12
  1.10994764665351E-10  3.57405765000833E-10  1.15665459508019E-10  1.60007421747925E-11  2.37293587303402E-10
  4.76823168805882E-09  3.49438775374838E-09 -1.44668610360346E-09  5.40086681870911E-11 -1.93444115663118E-10
 -4.08334992558299E-10  5.02460951173010E-10 -3.39537311094414E-11  2.75467262066829E-11 -4.28831837022435E-11
 -2.28415687360966E-11
* ORBITAL    1    8
  2.95709279713648E-12 -4.31693451389662E-12  1.76866328522566E-10 -1.09832438328416E-09  5.05946690220444E-09
 -1.85376116215933E-08  4.63495728272299E-08 -6.63439177845870E-08  8.38744350199581E-08 -5.76533968310814E-08
 -6.98582100990998E-09 -1.66602993818476E-08  4.38268964352502E-08 -3.22208530746856E-09 -4.91082787328751E-05
 -3.11526867742076E-04 -8.87804000711915E-04 -2.14701351697348E-03 -9.60077837094827E-03 -2.31106014482093E-02
 -1.28357934591243E-02 -2.52821725557465E-04 -8.84979483470666E-05  1.14592801135369E-03  7.26939100242214E-03
  2.07166573335354E-02  5.00999536785592E-02  2.24031452681189E-01  5.39279373606751E-01  2.99519618998783E-01
  5.89952431454989E-03  2.06507463888328E-03 -8.30513738296440E-06 -5.26841713700928E-05 -1.50143975157288E-04
 -3.63097033301284E-04 -1.62365597806732E-03 -3.90840620834282E-03 -2.17075479375541E-03 -4.27563630964946E-05
 -1.49667969673347E-05  1.14452491632127E-10  1.66184317594288E-10  2.65614154503421E-11  3.19488694085771E-10
  2.54510438854167E-10  4.00554865423196E-09  3.15541827893095E-09 -1.32318309767085E-09 -5.29688572226539E-11
 -2.55064023475089E-10 -7.13121234460364E-11  8.30439678432094E-13 -7.71022022557959E-11 -7.61129291701578E-12
 -2.72320758920504E-10  1.09630162332959E-10 -8.81817868205223E-11 -4.27470929991118E-10 -4.82587876324075E-11
 -5.50092912264253E-11
* ORBITAL    1    9
  1.17493973961789E-11 -1.69546852144273E-10  1.08230103209955E-09 -6.47381719635472E-09  2.97067502480004E-08
 -1.39861364907951E-07  3.81385412716308E-07 -6.98896956590473E-07  8.60815291272460E-07 -6.68553021261329E-07
  3.29663281301360E-07 -2.15182421755837E-07  1.62502112041004E-07 -2.24803831546435E-08  1.13820348953333E-03
  7.22038758987612E-03  2.05770108309161E-02  4.97622353448074E-02  2.22521274546260E-01  5.35644142502116E-01
  2.97500587276365E-01  5.85975137404125E-03  2.05115661390211E-03  4.97401251384608E-05  3.15534872628000E-04
  8.99226732107925E-04  2.17463694076000E-03  9.72430170538431E-03  2.34079433171955E-02  1.30009388919926E-02
  2.56074372021979E-04  8.96366733154376E-05  1.32856466646304E-04  8.42782617691706E-04  2.40183830068063E-03
  5.80842426798983E-03  2.59734506245122E-02  6.25223601402323E-02  3.47253341072869E-02  6.83967933143116E-04
  2.39422840592768E-04  8.53697538504934E-11  4.31060563896419E-10  4.49595520905257E-11  5.81791624854942E-11
  2.73326792815629E-12  2.65154995828411E-10  1.06984515466108E-10 -3.72516923648208E-11 -2.13248671685809E-11
  3.78909008763157E-10  4.38422140451658E-10 -3.75137495435319E-10  2.61496199587761E-10  4.01312517086746E-09
  3.12328584416203E-09 -1.27556515411611E-09  1.54598781602514E-10  6.42337349034865E-11  1.08655876278888E-10
  2.83730618674258E-10
* ORBITAL    1   10
  2.35860385733103E-13  8.85709695408731E-13  1.21842139640394E-11  1.22788359071480E-11  2.46065101637854E-10
  1.72371190476156E-10  3.94229047112170E-09 -1.35444506098292E-09  4.36795440422206E-09 -5.46610226436380E-08
  7.39868678391848E-08 -1.14269285466364E-07  4.59836786498798E-07 -5.64570318334473E-07 -1.92577107145293E-05
 -4.54491906077448E-05 -8.71394593701335E-04  9.82920298852990E-04 -3.74672679662588E-03  1.70825234626982E-02
 -2.74561839635895E-02  9.42809563554933E-02 -1.91566417349043E-01  3.37450102418950E-07  7.96400096901829E-07
  1.52693229756688E-05 -1.72235678670833E-05  6.56533402036525E-05 -2.99334593342872E-04  4.81110639631144E-04
 -1.65207160760033E-03  3.35679120836441E-03  1.34841221203918E-04  3.18231451613739E-04  6.10144719172171E-03
 -6.88235914136433E-03  2.62343502946390E-02 -1.19610792910105E-01  1.92246537610582E-01 -6.60149405918147E-01
  1.34133607515200E+00 -9.57030447593084E-13  4.17380209955357E-12 -7.89324411859485E-12  2.21075040285537E-11
  6.26956349493813E-12 -2.90814082123376E-11  5.24671055764273E-11 -1.69206685138341E-10  5.70382484863922E-11
 -2.71579187260151E-10  3.27178616627208E-10 -1.38488204564102E-09 -3.56809421524979E-12  1.65680190434213E-11
 -1.39741223448946E-11  2.33929376944300E-11 -6.97280541696632E-13  2.71357085549699E-12 -3.86680791800640E-12
  2.03837918934729E-11
* ORBITAL    1   11
 -2.09328705047378E-14 -7.31298221766352E-14 -1.15815482178632E-12 -7.48311887345481E-13 -2.39549733075408E-11
 -7.45372634920760E-12 -3.77268199095813E-10  1.75241713206677E-10 -3.58533166885150E-10  4.39681124980027E-09
 -5.87517742352567E-09  8.78571777829903E-09 -3.63376434443713E-08  4.49759463765972E-08  1.48509884065039E-06
  3.50497901487159E-06  6.71992924527308E-05 -7.57989714176887E-05  2.88935265984764E-04 -1.31734579773696E-03
  2.11732654103685E-03 -7.27062504017406E-03  1.47729447216858E-02 -1.36201764981980E-04 -3.21450171611662E-04
 -6.16299738736842E-03  6.95168525002908E-03 -2.64988922814274E-02  1.20816669011898E-01 -1.94184661017939E-01
  6.66804957804399E-01 -1.35485907375589E+00  5.52953543272028E-07  1.30502723558162E-06  2.50206030699362E-05
 -2.82225504851777E-05  1.07580525394080E-04 -4.90492905308258E-04  7.88353197720180E-04 -2.70710190958263E-03
  5.50047060480686E-03 -3.69674028517231E-12  1.70120562919720E-11 -2.57389205276278E-11  1.43644978927496E-10
 -4.99981564749474E-11  2.36827487478902E-10 -2.84254109908941E-10  1.19820502302605E-09  3.70906545127785E-12
 -1.74777326322992E-11  3.11510673368436E-11 -1.02182876581585E-10  1.00495054915162E-12 -3.22488164558163E-12
  2.99961167214330E-12 -1.00875072947210E-11  6.04946660527275E-12 -2.86885142939738E-11  5.28592264066125E-11
 -1.70464017929573E-10
* ORBITAL    1   12
  6.01854572235936E-14  3.65750868434692E-14  3.55016694874203E-12 -3.25844358000061E-12  7.83428755801937E-11
 -8.39160606784062E-11  1.27387455980537E-09 -1.46785591782253E-09  2.39637365540711E-09 -1.16931788095781E-08
  1.45167057717003E-08 -2.22023175417396E-08  9.11557463765744E-08 -1.12334753125711E-07  1.34834604496352E-04
  3.18223766135379E-04  6.10113427210071E-03 -6.88190253678063E-03  2.62328978756023E-02 -1.19603910820682E-01
  1.92235432990092E-01 -6.60111568436946E-01  1.34125898847607E+00  1.54835707447197E-06  3.65429197348702E-06
  7.00616321255913E-05 -7.90273989871391E-05  3.01242198540905E-04 -1.37345625956819E-03  2.20751107567300E-03
 -7.58030705750825E-03  1.54021761886247E-02  1.92528958660050E-05  4.54389025295451E-05  8.71174438347978E-04
 -9.82659692900580E-04  3.74576774699898E-03 -1.70781130517764E-02  2.74490895673246E-02 -9.42566004799425E-02
  1.91516869559075E-01  5.97873357949483E-12 -2.83984890393094E-11  5.22091694232014E-11 -1.69477531457474E-10
  1.29277818180666E-12 -6.51402511738711E-12  1.05003747616302E-11 -3.88135286341264E-11  6.04743146905146E-12
 -2.85958143330098E-11  3.06738442315378E-11 -1.11023976528214E-10  5.00230630957287E-11 -2.36933958908446E-10
  2.85538671018966E-10 -1.20636345892784E-09  3.94146553639203E-12 -1.72369484625332E-11  2.55741705063350E-11
 -1.39831862523931E-10
* ORBITAL    1   13
  6.43118656669797E-07  1.60406199318323E-06  3.50311224571935E-05  5.54790113091425E-06  7.13259573280681E-04
 -1.26978919383414E-04  1.04746928229319E-02 -7.83676229630376E-03  3.44806132254052E-02 -1.77636393547879E-01
  2.81291681004043E-01 -6.50086599894610E-01  1.83859277865055E+00 -1.93650409850811E+00  2.27986341644748E-12
  4.55792796074564E-11 -2.99708464861297E-11  4.89198047806315E-10 -1.32846063383554E-10  4.78548310197992E-09
 -3.99887253403532E-09  2.27843063456662E-08 -2.79989977678136E-08 -1.06083342327987E-11 -6.50266916545781E-11
 -4.95014007151968E-10  3.81695129378577E-11 -9.57798621847684E-10  6.83697522032030E-09 -5.99467110275702E-09
  3.54430547221698E-08 -4.33720870158536E-08 -2.60083666059831E-10 -2.01795390381561E-09 -1.02727228162534E-08
 -6.98933310839515E-09 -1.91863100086837E-08  7.67094373451519E-08 -7.13703369303505E-08  4.29204297707407E-07
 -5.23578766857028E-07 -1.05133235194222E-14 -1.96581626322126E-12  4.75741307215672E-12 -2.56528221429402E-11
  1.90432561903434E-14  2.74481640355061E-12 -6.54625087267041E-12  3.42089234210999E-11 -4.96167610009976E-11
  2.26612970155218E-10 -6.52054028847880E-10  3.32609628777476E-09 -2.04260331793952E-12 -1.71076819959562E-10
  4.06102516577421E-10 -2.12057150365122E-09  3.35827977090965E-13 -7.47248053848244E-12  9.85071702297665E-12
 -7.78195305758179E-11
* ORBITAL    1   14
  8.34501794422767E-14 -1.15832306491034E-13  5.24175610104276E-12 -1.02523165854562E-11  1.25766879084922E-10
 -2.57314115207442E-10  2.20143230885085E-09 -3.14148125960767E-09  4.83361612587547E-10  3.07400588916713E-09
 -2.77647698157221E-08  9.30872572316548E-08 -1.17867769989293E-07  5.51465125826043E-08  5.79076572095622E-06
  5.97432825771253E-03  7.21318802395373E-04  5.85069731944180E-02 -1.68184698454043E-01  3.37620017894719E-01
 -1.60271494957713E+00  2.56131996970094E+00 -1.01194864318615E+00  1.04443037139113E-07  1.07753155327620E-04
  1.30097405843987E-05  1.05523338322552E-03 -3.03338385839579E-03  6.08932386950308E-03 -2.89066113800511E-02
  4.61960384887744E-02 -1.82515337617851E-02  3.49247368366358E-07  3.60234507282331E-04  4.34953442338461E-05
  3.52779260702963E-03 -1.01410211293335E-02  2.03574467875738E-02 -9.66388368803852E-02  1.54439827932623E-01
 -6.10174259177444E-02  3.27458606147585E-11 -1.72622155818409E-10  3.96088635514615E-10 -1.72619477773205E-09
  6.00975695877780E-12 -3.38192057480213E-11  6.70091460111134E-11 -3.36201776636367E-10  4.47183262804520E-12
 -2.13488489738700E-11  2.45223187773467E-12  5.20900132617320E-11  2.52867627518438E-10 -1.33236994873170E-09
  2.34695101359381E-09 -1.20540025473129E-08  2.32224698018224E-11 -1.18070661262921E-10  2.56550328875974E-10
 -1.43333181881893E-09
* ORBITAL    1   15
  2.90691341589599E-14  3.11827938596673E-13  1.03319192049296E-12  8.14123010597671E-12  1.78648965488883E-11
  1.35100533125623E-10  3.47625766664090E-10  1.01979962637949E-09 -4.19895641179836E-09  4.70611760797010E-09
 -1.94466494410831E-08  6.63596920755579E-08 -8.47453243778620E-08  3.93091359999467E-08 -1.03919493684380E-07
 -1.07214088754735E-04 -1.29446363118088E-05 -1.04995438666064E-03  3.01820874577537E-03 -6.05886101948592E-03
  2.87619997354037E-02 -4.59649318951337E-02  1.81602265746511E-02  5.80128961148041E-06  5.98517630498607E-03
  7.22628958508459E-04  5.86132088913881E-02 -1.68490081083388E-01  3.38233057438600E-01 -1.60562510091752E+00
  2.56597071188844E+00 -1.01378610048299E+00 -1.18133525457420E-08 -1.21849748764536E-05 -1.47123593282970E-06
 -1.19328000529719E-04  3.43021234110261E-04 -6.88593018622293E-04  3.26882004531016E-03 -5.22394537037143E-03
  2.06392150677440E-03  2.21969560918515E-11 -1.17396183610254E-10  2.59706712975394E-10 -1.46592685134815E-09
  2.52054037072318E-10 -1.32808938381021E-09  2.33540276164348E-09 -1.19976477319306E-08 -1.91773707512307E-11
  1.00520212367135E-10 -2.27429449252595E-10  9.92576916522597E-10 -6.15697514024514E-12  2.51817080877261E-11
 -3.68048980646310E-11  1.73657026857976E-10 -3.27726211443666E-11  1.72631954750260E-10 -3.96321752032405E-10
  1.72206799960175E-09
* ORBITAL    1   16
 -2.32691472029713E-13 -3.84417678734431E-12 -5.21093456969657E-12 -1.11016354294885E-10 -4.39401992465201E-11
 -1.93895439032890E-09 -1.73192093569091E-09 -1.50947937925338E-08  5.05903005052187E-08 -5.57949545408023E-08
  2.31824515249509E-07 -7.88672788007764E-07  1.01262194762549E-06 -4.80483114623391E-07  3.49279749090169E-07
  3.60394622937800E-04  4.35122073870377E-05  3.52937254764819E-03 -1.01455626051010E-02  2.03665775593303E-02
 -9.66820509227008E-02  1.54508821993246E-01 -6.10447094065038E-02 -5.53288297711902E-09 -5.70897272650292E-06
 -6.89272101437442E-07 -5.59084183598032E-05  1.60714778391350E-04 -3.22624815326489E-04  1.53153008911511E-03
 -2.44755777490278E-03  9.67002822310643E-04 -5.79226515595174E-06 -5.97529386509894E-03 -7.21455114849236E-04
 -5.85164149892048E-02  1.68211689005912E-01 -3.37674327753156E-01  1.60297260380437E+00 -2.56173143181286E+00
  1.01211128963988E+00  2.28385891065733E-12 -1.01741605169795E-11  2.32538355954001E-11 -8.03428668317218E-11
 -3.32784121567644E-11  1.72396352324377E-10 -3.91009521126682E-10  1.69443988738966E-09 -2.89775266588970E-10
  1.53366323257525E-09 -2.70521588333052E-09  1.39203136222891E-08 -6.78326545558655E-12  3.99978037641444E-11
 -1.29095574773607E-10  7.95133178339575E-10  1.89888396869370E-12 -8.01187840970857E-12  1.59737196819449E-11
 -8.64046782403949E-11
* ORBITAL    1   17
  1.05352019152377E-14  5.80646719251035E-14  5.23470739069178E-13  1.10625983882576E-12  9.30304530872722E-12
  8.80097135567080E-12  9.16620612916304E-11 -3.78756799308918E-11  5.28849001385866E-10 -9.61250364851972E-10
  2.28160323876278E-09 -7.71047554656709E-09  9.42623424769738E-09 -3.45374644978493E-09 -1.00181154408663E-12
  1.86235160584479E-11 -3.79266023784959E-11  2.39243434241307E-10 -8.89917296740541E-10  1.89143163487358E-09
 -6.36860054510058E-09  8.05340131956019E-09 -2.75981894446027E-09  1.98517697100939E-13 -2.04397265571628E-11
  1.00952635282002E-11 -2.23660602900678E-10  6.53635573001182E-10 -1.57153268511420E-09  5.11728974488919E-09
 -6.59153015768014E-09  2.26498344693620E-09 -7.43402546372670E-14  1.89396503441075E-12 -2.95142307979608E-12
  2.34837397412236E-11 -8.29588937602070E-11  1.72444346078744E-10 -6.01663166828406E-10  7.41603531418505E-10
 -2.53369906213313E-10  6.16273181043195E-04 -3.90007874950042E-03  1.19353251676107E-02 -6.31062940957252E-02
  7.98375091543418E-04 -5.05250889481176E-03  1.54620817466484E-02 -8.17535060488345E-02 -1.35925946740823E-04
  8.60206013090189E-04 -2.63246952630183E-03  1.39187993609472E-02 -1.65330164905927E-03  1.04629031781013E-02
 -3.20193923525418E-02  1.69297875304253E-01 -1.06798752422293E-02  6.75874851693174E-02 -2.06836493349933E-01
  1.09361784406615E+00
* ORBITAL    1   18
  2.59884401304357E-15  2.25391258006367E-14  1.62591511417163E-13  3.84520316373508E-13  2.90472751013448E-12
  3.32079121329426E-12  2.83740479378478E-11 -6.71074023999081E-12  1.54178996778554E-10 -2.77034086177841E-10
  6.32340229672135E-10 -2.19467075538948E-09  2.68456770744936E-09 -9.84917738719461E-10 -1.19780065447425E-13
  1.99546357092594E-11 -7.31116929669540E-12  2.15473962166734E-10 -6.14008066355115E-10  1.48791492455749E-09
 -4.85525290722968E-09  6.24279540168363E-09 -2.14484775536804E-09 -1.65220055982954E-12  2.46410203287238E-11
 -6.11957838534001E-11  3.27607042124395E-10 -1.27892146078897E-09  2.72603826846498E-09 -9.01675280436890E-09
  1.15662710511105E-08 -3.97037402491262E-09 -4.14741974764918E-16  6.96071253455068E-12 -1.04439354552252E-12
  7.35413840411336E-11 -2.01230118305577E-10  4.87842829358593E-10 -1.61929618976171E-09  2.05929796214353E-09
 -7.06751829125634E-10 -1.03951062336817E-02  6.57853273056928E-02 -2.01321389314396E-01  1.06445753446512E+00
 -2.95475153628631E-03  1.86991159577765E-02 -5.72244930026378E-02  3.02566175276396E-01 -1.84835251450311E-04
  1.16972806611642E-03 -3.57969304996604E-03  1.89271058189986E-02 -7.09869959918782E-04  4.49240504180245E-03
 -1.37480082581694E-02  7.26905920401033E-02 -7.08479449274218E-04  4.48360520879819E-03 -1.37210783481196E-02
  7.25482040364247E-02
* ORBITAL    1   19
  3.30924565162774E-14  2.00881017568149E-13  1.52916666862590E-12  4.06156138114655E-12  2.65709831547717E-11
  3.88525235061636E-11  2.55360517422854E-10  1.45626101108407E-11  1.24791424763275E-09 -2.18350823191847E-09
  4.60554432251402E-09 -1.69497075988526E-08  2.07000509558860E-08 -7.61639060977578E-09 -5.86636811603905E-12
  3.38493617545267E-11 -2.06717981670321E-10  5.81562396095985E-10 -2.90889773442652E-09  6.08943021161874E-09
 -1.91015179349627E-08  2.55750256820045E-08 -8.82004636772404E-09 -2.72111075723088E-13  2.12974920113895E-12
 -9.57266994751521E-12  3.24835860688671E-11 -1.49866565384702E-10  3.24689500908892E-10 -1.00526463609885E-09
  1.36049957887577E-09 -4.69933752362762E-10 -2.34597060484465E-12  3.30034344967997E-11 -8.62611686246897E-11
  4.42236576769429E-10 -1.74806362115988E-09  3.75354188543071E-09 -1.22814956542449E-08  1.58833791000168E-08
 -5.45763001252593E-09  8.25460183545668E-04 -5.22391663315219E-03  1.59866370955929E-02 -8.45270160537103E-02
 -6.48490558587773E-04  4.10396610647217E-03 -1.25592771239168E-02  6.64053492247721E-02 -3.76683500034316E-03
  2.38383781561430E-02 -7.29520638894937E-02  3.85723416508644E-01 -9.99967506161602E-03  6.32828450335011E-02
 -1.93663097538957E-01  1.02396543201982E+00  1.59509917498989E-03 -1.00945694083812E-02  3.08921885035753E-02
 -1.63337948878472E-01
* ORBITAL    1   20
 -1.14523306742222E-15 -3.74890644291631E-16 -6.19042269430833E-14  5.66858425634742E-14 -1.24110095827190E-12
  1.92973910842576E-12 -1.37159558289487E-11  3.28555147567135E-11 -1.29871508200726E-10  2.55846817931626E-10
 -7.33724065234437E-10  2.16846622792952E-09 -2.66574801861198E-09  9.69309591308497E-10 -2.77753228399769E-13
  4.50590683510575E-12 -1.02005193348725E-11  5.78577393743812E-11 -2.18486214897143E-10  4.99364508824587E-10
 -1.56297088851015E-09  2.08244127629126E-09 -7.18050921799979E-10  6.05319005759025E-12 -3.76290223470777E-11
  2.13717536673297E-10 -6.28827916453056E-10  3.08124355502821E-09 -6.46796259968080E-09  2.03482477635796E-08
 -2.71811388052824E-08  9.37183688821700E-09 -7.27729021972490E-13 -1.09927919290416E-11 -2.32694421424664E-11
 -8.79031004802470E-11  7.25883961280184E-11 -3.27904136986192E-10  1.13247033806604E-09 -1.35283913873834E-09
  4.61701965104212E-10 -2.94940987878655E-03  1.86653113445588E-02 -5.71210414128731E-02  3.02019189824028E-01
  1.03814312506475E-02 -6.56987853140177E-02  2.01056546354731E-01 -1.06305721617429E+00 -7.81783767155444E-04
  4.94751086213276E-03 -1.51407585692576E-02  8.00545565421215E-02 -5.11362887270315E-04  3.23615499053406E-03
 -9.90353387263170E-03  5.23634934534816E-02  6.94983371162049E-04 -4.39819541239253E-03  1.34597006179654E-02
 -7.11662073408737E-02
* ORBITAL    1   21
  8.70199103331611E-14  4.04850063902623E-13  4.29317643571731E-12  6.54034390385536E-12  7.86077294322833E-11
  3.13864846800684E-11  7.95485234128095E-10 -7.05205688351176E-10  5.28856955789145E-09 -9.89523511997880E-09
  2.51900243725599E-08 -8.08419142545194E-08  9.91453089836205E-08 -3.62223851807330E-08 -2.14287841692964E-12
  2.27540215078311E-11 -7.74713113600480E-11  3.24641607147842E-10 -1.37576348882088E-09  2.92513849712334E-09
 -9.46091312078639E-09  1.23519934680640E-08 -4.24841469762328E-09  5.07748088522522E-13  8.39813405582002E-12
  1.61290083683656E-11  6.90971321602581E-11 -7.31168909787583E-11  2.77725857236594E-10 -9.65468838712506E-10
  1.15830080414109E-09 -3.95431611837699E-10  6.72293432181262E-12 -4.41562478944608E-11  2.37680203468323E-10
 -7.23086639575257E-10  3.48906975882853E-09 -7.35442828319789E-09  2.31379891370484E-08 -3.08982081187303E-08
  1.06533566197393E-08 -1.01899186806960E-04  6.44867999398716E-04 -1.97347534121330E-03  1.04344635403943E-02
  5.15944690565384E-04 -3.26515088728495E-03  9.99226937838418E-03 -5.28326695192053E-02  1.01477062216900E-02
 -6.42196587721574E-02  1.96530007856982E-01 -1.03912380301459E+00 -3.78635683948162E-03  2.39619219307995E-02
 -7.33301421219334E-02  3.87722450003350E-01  4.89684849478440E-04 -3.09896574428206E-03  9.48369662423540E-03
 -5.01436650955235E-02
* ORBITAL    1   22
  7.92025843607062E-07  2.27318245066164E-05 -4.63684992998411E-06  6.91836296868053E-04 -5.98224589199201E-04
  1.16208453722935E-02 -7.76641836484097E-03  1.16007199168865E-01 -2.87263798311131E-01  4.64956818285810E-01
 -1.77924729080762E+00  4.46308443561011E+00 -4.43880010253145E+00  1.40396816425136E+00  2.60601486911413E-11
  7.18653109962680E-11  7.73835155674652E-10 -6.78213421003945E-10  6.78702849737466E-09 -1.18427175544427E-08
  5.09005967345313E-08 -4.16878470791254E-08  1.27545915276886E-08  6.44623841696188E-13 -2.88693706010370E-10
 -6.17068698654066E-12 -3.45960427784678E-09  8.57180477063427E-09 -2.33312012940142E-08  8.67810661713667E-08
 -7.11913771914606E-08  2.17752271190720E-08 -2.38721305110396E-10 -5.55526378854231E-09 -7.75335473277000E-09
 -5.46669138135481E-08  8.02095956861166E-08 -2.87708673599605E-07  9.99653689234197E-07 -8.24402283810272E-07
  2.51131346426467E-07 -2.80009295366274E-12  1.02787875240779E-11 -3.61913883823957E-11  1.72648128931299E-10
  3.73547372044938E-12 -1.31945287978351E-11  4.71901617088497E-11 -2.29440212330384E-10  1.85680418319806E-10
 -1.41898913201803E-09  4.39506584433528E-09 -2.17556564798615E-08 -2.34482872843525E-10  8.14895213383825E-10
 -2.92784925698165E-09  1.42380246028078E-08 -8.00018554756606E-12  2.84501896949310E-11 -1.44072739280215E-10
  5.60144576111155E-10
* ORBITAL    1   23
 -5.14007066888003E-13  4.07362291206697E-12 -4.05972372241666E-11  1.72981364146139E-10 -1.01043561483054E-09
  3.27573628812884E-09 -1.66242585515496E-08  4.21851720900801E-08 -7.48037845888988E-08  1.82409110877925E-07
 -4.39037629606426E-07  6.66953947648387E-07 -4.90679784584230E-07  1.15344841962523E-07 -1.77273544497128E-03
 -1.01733387370460E-03 -8.13891105458987E-02  1.23518430233452E-01 -5.11859861385701E-01  2.31085397385742E+00
 -3.21196145493363E+00  1.72600249285954E+00 -4.58413158236978E-01 -1.49063533177649E-05 -8.55442935003200E-06
 -6.84374446292765E-04  1.03862612382375E-03 -4.30406236139456E-03  1.94312161604780E-02 -2.70083345685497E-02
  1.45133910960522E-02 -3.85464648056181E-03 -8.28569380693847E-04 -4.75497769626050E-04 -3.80409416615424E-02
  5.77320199786642E-02 -2.39241235082686E-01  1.08008382273418E+00 -1.50125776317504E+00  8.06726493322437E-01
 -2.14260387640147E-01  6.69702877802706E-12 -6.94229449427825E-12  9.56621121168406E-10 -7.71704376231617E-10
  6.38842719510242E-12 -1.18858559805665E-11  5.86824041816946E-10 -4.45530553549706E-10  1.19644432986031E-10
 -2.49464422671764E-10  7.39135159640252E-09 -4.35728579375303E-09  2.84954573736146E-10 -7.02257105039137E-10
  1.62591202233777E-08 -9.86279110344968E-09  3.77538525750096E-11 -1.48563866327274E-10  1.67023714904918E-09
 -1.15738890610570E-09
* ORBITAL    1   24
 -8.20106193105111E-14  4.71777338715602E-13 -6.06778399604753E-12  2.18613103907568E-11 -1.48511544545375E-10
  4.05262101687947E-10 -2.35003171694683E-09  5.28166120392094E-09 -8.94540370749720E-09  2.71941878551584E-08
 -7.09298037175220E-08  1.07007135153016E-07 -7.78692097859087E-08  1.89816355402289E-08  5.71830282977810E-06
  3.28160864169540E-06  2.62536400903571E-04 -3.98432681684679E-04  1.65110349971218E-03 -7.45410858966351E-03
  1.03608057744109E-02 -5.56755634227341E-03  1.47870067786163E-03 -1.95672699028181E-03 -1.12292312174542E-03
 -8.98364563762602E-02  1.36338347386520E-01 -5.64985598409025E-01  2.55069655491203E+00 -3.54532957211870E+00
  1.90514354069679E+00 -5.05991650413474E-01  2.29680522174785E-05  1.31808665715181E-05  1.05449991444747E-03
 -1.60033902138307E-03  6.63179845494510E-03 -2.99400647276549E-02  4.16150610360665E-02 -2.23625634480049E-02
  5.93932573836570E-03  4.75190572466064E-11 -1.81031381391052E-10  1.89491150199036E-09 -1.31620435571554E-09
  2.91393320244044E-10 -6.89494434651157E-10  1.70712719438384E-08 -1.02755690700558E-08 -6.95915128198847E-12
  9.90631188693086E-12 -8.30595301136016E-10  6.20962440839977E-10  7.74703606634994E-12 -2.13140291115656E-11
 -2.68521199357556E-11  6.39959782585699E-12 -5.16921656299011E-12  8.46850178119237E-14 -1.00805600867083E-09
  8.19350551153241E-10
* ORBITAL    1   25
  5.61681841847721E-13 -3.34779964469098E-12  4.17108395823840E-11 -1.48295934627955E-10  9.94457551956768E-10
 -2.46327480999507E-09  1.61677068693917E-08 -4.20393297013400E-08  9.30449600743702E-08 -3.26083657372622E-07
  8.59352935990800E-07 -1.30493915488868E-06  9.52694046054881E-07 -2.23682349876726E-07 -8.28683936074820E-04
 -4.75564771600648E-04 -3.80462018683015E-02  5.77399645278123E-02 -2.39274292211378E-01  1.08023294634015E+00
 -1.50146502199372E+00  8.06837908263333E-01 -2.14290003414115E-01  1.83856240659926E-05  1.05511325044610E-05
  8.44113339951782E-04 -1.28104968597884E-03  5.30866716659964E-03 -2.39666247208012E-02  3.33123043373000E-02
 -1.79009364218635E-02  4.75435238419175E-03  1.77264967420879E-03  1.01728691327729E-03  8.13851765369636E-02
 -1.23512401421581E-01  5.11835086968580E-01 -2.31074184654341E+00  3.21180532611100E+00 -1.72591836119310E+00
  4.58390680789277E-01 -1.66190695637333E-12  1.22534718272695E-11  3.56795692714348E-10 -3.00644806616708E-10
 -3.00939102425050E-12 -5.60931910986442E-12 -1.05904216017386E-09  8.24777224448341E-10 -3.25585357824595E-10
  7.90765184961568E-10 -1.83760789611214E-08  1.11137184022787E-08  7.57899760607143E-11 -1.15436468804878E-10
  5.48872016456899E-09 -3.13730040787958E-09  1.55672872768386E-11 -6.42575275307136E-11  7.88238245452961E-10
 -5.47545981833202E-10
* ORBITAL    1   26
  2.72938533175849E-15  3.77025652508518E-14  1.17709052438460E-13  9.50939694880458E-13  1.50158286493460E-12
  1.25600778463030E-11  4.13086771084488E-12  9.21226085326568E-11 -8.86694992550994E-11  5.29264294129835E-10
 -1.66035187759576E-09  1.85465025541049E-09 -9.64732669364928E-10  2.53498648669444E-10  1.09643458348636E-11
  1.37256770457304E-11  4.77889353682376E-10 -5.93597785172955E-10  2.85981243014755E-09 -1.10952281530511E-08
  1.28108685123006E-08 -6.94127014048498E-09  1.82476087678157E-09  1.29665922755817E-11  2.24398009066628E-11
  5.57710976390085E-10 -6.08190141702677E-10  3.25253197546512E-09 -1.26599711869247E-08  1.46438516401343E-08
 -7.83341935685014E-09  2.05733581314335E-09  7.80978906196782E-13  1.85155834533020E-12  3.05603006054124E-11
 -2.28612140667750E-11  1.78420714680437E-10 -6.29712509711883E-10  7.78609401591929E-10 -4.23919584575110E-10
  1.12051792291896E-10  3.82696734423225E-02 -1.25642721220130E-01  1.09652346436222E+00 -5.71142593534805E-01
  1.26550906085634E-02 -4.15477812735694E-02  3.62600528100386E-01 -1.88866552146590E-01 -8.28357506647197E-04
  2.71957092139545E-03 -2.37345490771678E-02  1.23625370198666E-02  8.25073804809638E-03 -2.70879024397808E-02
  2.36404626879778E-01 -1.23135305466919E-01  2.59761347340684E-02 -8.52819468054637E-02  7.44282317752935E-01
 -3.87671898594959E-01
* ORBITAL    1   27
  3.80871010141041E-15  5.17004354549849E-14  1.78234615992425E-13  1.27318361090010E-12  2.40648423521757E-12
  1.65469443032370E-11  1.06781909614986E-11  1.15649386539109E-10 -8.82629885554123E-11  5.87236002136156E-10
 -1.90726783635720E-09  2.10109848026433E-09 -1.15895066697030E-09  2.98283225519526E-10  1.33650073692952E-11
  2.19137789651841E-11  5.77763116321419E-10 -6.48797193941112E-10  3.38015260547224E-09 -1.32168636750042E-08
  1.52513575513464E-08 -8.16744183118681E-09  2.14491539828205E-09 -8.02946586382572E-12 -1.06100452234011E-11
 -3.46799635225135E-10  4.19631822268074E-10 -2.07344625255560E-09  7.99776032559907E-09 -9.28704267055006E-09
  5.03866745393377E-09 -1.32534212858770E-09  3.30745070004414E-12  6.17745174786177E-12  1.40447463522572E-10
 -1.44873650808315E-10  8.14742048077996E-10 -3.14905305417617E-09  3.67047896186792E-09 -1.96346762287717E-09
  5.15979130346763E-10 -2.70396470938047E-02  8.87735518997837E-02 -7.74754651375743E-01  4.03543923429854E-01
 -4.46622179454989E-03  1.46630010124894E-02 -1.27968612142857E-01  6.66545928201281E-02  2.33051126115065E-03
 -7.65127450374417E-03  6.67750741803939E-02 -3.47809146801164E-02  1.37244290097500E-02 -4.50585137803264E-02
  3.93239792636994E-01 -2.04825525741321E-01  3.77274272574903E-02 -1.23862479058119E-01  1.08098673222964E+00
 -5.63050026641096E-01
* ORBITAL    1   28
  8.86700719613563E-15  8.41583053479252E-14  3.93369926333177E-13  1.98185361868196E-12  6.03883458115522E-12
  2.40841616741213E-11  4.45706391499468E-11  1.33073180761069E-10  5.11348395078884E-11  2.80027806019615E-10
 -1.31916085648441E-09  1.17141720584873E-09 -1.04307948941800E-09  2.31249814609762E-10  2.96402472670198E-11
  2.72564863004344E-11  1.33611740504755E-09 -1.83905746824359E-09  8.06181941976288E-09 -3.18295263006647E-08
  3.60829366782861E-08 -1.95158315918205E-08  5.12205415495836E-09 -1.07844765633873E-12 -2.97724411968465E-13
 -5.04963515038945E-11  7.99177174996602E-11 -3.09711742216575E-10  1.27427873633651E-09 -1.42106287911436E-09
  7.71244533551712E-10 -2.02283715802403E-10  2.52692542656451E-11  3.50844772767653E-11  1.10550596381561E-09
 -1.33796363913545E-09  6.55348371034634E-09 -2.55701516182796E-08  2.93817858232757E-08 -1.58166091035038E-08
  4.15397085206280E-09  2.33797754710306E-03 -7.67578697653663E-03  6.69890022223498E-02 -3.48923426741284E-02
 -1.86061017681450E-03  6.10854769407288E-03 -5.33112131169994E-02  2.77680373663357E-02  2.27584116761962E-02
 -7.47178774814325E-02  6.52086369561240E-01 -3.39650096424323E-01  4.03416651257391E-02 -1.32445252984233E-01
  1.15589129525088E+00 -6.02065321715634E-01 -1.46258810704364E-02  4.80180605371294E-02 -4.19068686361398E-01
  2.18278937195401E-01
* ORBITAL    1   29
  1.71680355980855E-15  1.41449490268535E-14  2.94258033860102E-14  4.10773887004346E-13  1.97103329400393E-13
  5.69889904287383E-12 -4.10281968835984E-12  4.80492385327281E-11 -7.13439797750325E-11  3.68117601158992E-10
 -1.07906336225979E-09  1.23155282215231E-09 -5.63451321217153E-10  1.55230819062068E-10  1.72131757518834E-12
  1.64619628270787E-12  7.51423671743676E-11 -9.94466599719695E-11  4.56084136607863E-10 -1.77637164428810E-09
  2.05711998982022E-09 -1.12453190535915E-09  2.95946184826083E-10 -3.61639716930773E-11 -3.69512765707627E-11
 -1.61968954294951E-09  2.17190970705806E-09 -9.73557086039950E-09  3.83581908187835E-08 -4.36073493127563E-08
  2.35616694498314E-08 -6.18481055501960E-09 -5.90599002633532E-12 -2.99424879796361E-12 -2.66548238585864E-10
  3.96366979720507E-10 -1.64761768330845E-09  6.43683598721863E-09 -7.34014305966998E-09  4.02603883704388E-09
 -1.05844837459029E-09  1.27286655646338E-02 -4.17893342974090E-02  3.64708637467924E-01 -1.89964596174576E-01
 -4.66316166357420E-02  1.53095719834803E-01 -1.33611440142995E+00  6.95937542099394E-01 -4.27854924992409E-03
  1.40468554258067E-02 -1.22591316421241E-01  6.38537383819291E-02  8.19168581017080E-04 -2.68940287031768E-03
  2.34712630046755E-02 -1.22254000616256E-02  3.56875827652425E-03 -1.17165489236545E-02  1.02254000016299E-01
 -5.32607068308537E-02
* ORBITAL    1   30
 -9.96652552617785E-15 -1.54913586623616E-13 -2.99280726949366E-13 -4.18735694975713E-12 -2.15883056319839E-12
 -5.78285708533724E-11  4.05232817194156E-11 -4.84241953024295E-10  7.05790878045022E-10 -3.73146138829658E-09
  1.09414762965480E-08 -1.24255098324672E-08  5.67914152874294E-09 -1.56426247967655E-09 -1.93622820384349E-11
 -2.42883416847392E-11 -8.54344743999230E-10  1.07512092645236E-09 -5.08967340510670E-09  1.99403152954404E-08
 -2.28233008268462E-08  1.23031444998358E-08 -3.23061071433598E-09 -3.83510449350429E-12 -2.14122371895496E-12
 -1.72847733876195E-10  2.54664783484374E-10 -1.06807956255877E-09  4.14345737797721E-09 -4.72655456456090E-09
  2.59147761215566E-09 -6.81243854560905E-10  3.73811315493960E-11  3.76699633835396E-11  1.67705806967173E-09
 -2.25906715931031E-09  1.00858417387512E-08 -3.97355973169995E-08  4.51330400734522E-08 -2.43841311141695E-08
  6.40012440819385E-09  2.24592246767056E-03 -7.37356201120650E-03  6.43513900994604E-02 -3.35184982668214E-02
 -3.18930363793682E-03  1.04707657894597E-02 -9.13816596661002E-02  4.75976664525651E-02  4.27302107247909E-02
 -1.40287059295635E-01  1.22432920078303E+00 -6.37712349970849E-01 -2.19928179452514E-02  7.22043655398980E-02
 -6.30150162110859E-01  3.28224255730322E-01  6.59309322154567E-03 -2.16457078942890E-02  1.88908887063039E-01
 -9.83963546742185E-02
* ORBITAL    1   31
 -7.94202241379177E-06  5.41524394262823E-06 -4.90811312382993E-04  7.65244338932353E-04 -1.06348233633626E-02
  1.61241213086484E-02 -1.57235751305217E-01  2.58478924722785E-01 -9.54467202554847E-01  3.85786593838985E+00
 -6.94875360944905E+00  6.03943504498118E+00 -2.72949893515183E+00  6.75618995501097E-01 -6.98261441110057E-11
 -4.84223667172817E-10 -1.98129247585840E-09 -2.06479376322669E-09 -1.35452686709497E-08  4.77167157192799E-09
 -1.20035524034101E-08  4.29196068464889E-09 -1.11440761108361E-09  6.28803886407488E-11 -3.61555751065467E-10
  2.69916941166952E-09 -6.58788252906351E-09  3.76360994873493E-08 -8.00156284091086E-08  4.93710316463651E-08
 -2.36984720258824E-08  6.00306473697381E-09  8.56928966495591E-10 -3.21644024357989E-09  3.48933657340158E-08
 -6.96811684013355E-08  4.60055991897032E-07 -9.27791895028753E-07  5.93041817105866E-07 -2.80265842465515E-07
  7.14513744106975E-08  3.19070036084764E-12 -1.02776619282998E-12 -1.48759214423230E-11 -2.16976157544857E-11
 -4.31382366995898E-12 -8.64528784422758E-13  2.04924931764304E-11  2.89421892687650E-11  5.42468370562474E-12
  1.55530810477123E-09  3.93223289712533E-10  3.03343764627323E-09  2.74000358580316E-10  8.56368542238492E-11
 -1.29777769819214E-09 -1.79200997835333E-09 -5.83217383307644E-13  5.50715314327512E-11 -1.51114196432338E-10
 -1.78469782446977E-11
* ORBITAL    1   32
 -6.06441023653197E-13  6.30117163895894E-12 -5.17531355848907E-11  2.57634019717814E-10 -1.39006431761868E-09
  5.29385250900849E-09 -2.52297731748540E-08  6.20803356219507E-08 -3.15466761668856E-08 -1.40719519673305E-07
  2.77539902757161E-07 -1.85362327438831E-07  5.16319908085865E-08 -1.88363244579557E-08  1.18801311464004E-03
 -6.42151850475351E-02  5.62925541237441E-02 -9.12769663615945E-01  3.06818945665801E+00 -3.42847231128763E+00
  2.05652301358509E+00 -9.12336516493871E-01  2.32421139221541E-01  2.11908265444584E-05 -1.14541906871913E-03
  1.00410150636490E-03 -1.62812545522629E-02  5.47279073928423E-02 -6.11543445744959E-02  3.66826113565314E-02
 -1.62735285181651E-02  4.14574225326840E-03  3.52255382277985E-04 -1.90403252980092E-02  1.66911965647118E-02
 -2.70643605337533E-01  9.09743096032562E-01 -1.01656989864940E+00  6.09775839179675E-01 -2.70515247037845E-01
  6.89147891274575E-02 -4.26574528915354E-10  4.45727038101790E-09 -3.42534343869201E-09  1.16661467490742E-09
 -1.83543656889185E-10  1.94433768712760E-09 -1.52164480212436E-09  5.32761777075473E-10 -1.40488340503422E-09
  1.51211748409050E-08 -1.18456041637709E-08  4.36925324119071E-09 -4.40627403033144E-09  4.66443043238760E-08
 -3.68884550764672E-08  1.35358286690131E-08 -2.10209829883349E-10  1.77355076659602E-09 -1.53738385598506E-09
  5.28657491123381E-10
* ORBITAL    1   33
 -2.61969652858397E-14  7.13663332982902E-14 -1.94960049478071E-12  5.28991268427590E-12 -6.66606508411783E-11
  1.16602553221748E-10 -1.43163575329355E-09  1.13914559987164E-09  1.94191778567866E-08 -7.00350841793991E-08
  1.01056949852719E-07 -6.92637325536102E-08  2.47338513104681E-08 -6.93116322891624E-09 -1.82382204129464E-05
  9.85822951526330E-04 -8.64195797912176E-04  1.40127183687464E-02 -4.71024355467754E-02  5.26334495742147E-02
 -3.15714666639334E-02  1.40060683811830E-02 -3.56809835397731E-03  1.23911497567957E-03 -6.69773679758581E-02
  5.87139498275851E-02 -9.52031995331516E-01  3.20016606036901E+00 -3.57594627732633E+00  2.14498327337402E+00
 -9.51580196587810E-01  2.42418618328506E-01 -1.30320855575902E-05  7.04418247582905E-04 -6.17509608971854E-04
  1.00127648099630E-02 -3.36569693582822E-02  3.76091468599375E-02 -2.25593428005833E-02  1.00080157434717E-02
 -2.54958016646542E-03 -1.57815328907312E-10  1.26001172244942E-09 -1.17810116487796E-09  3.98691795286957E-10
 -4.55568203951121E-09  4.83246130827169E-08 -3.81621239586818E-08  1.40119046467194E-08  3.22173125800235E-10
 -3.37303405532557E-09  2.59786048851988E-09 -8.99244967455502E-10  1.73531832498068E-10 -1.72704286626219E-09
  1.30407943996526E-09 -4.72178167122706E-10  4.51275564104784E-10 -4.71618898780064E-09  3.61694686346931E-09
 -1.23364622887027E-09
* ORBITAL    1   34
  9.13254047012665E-13 -5.14103357141288E-12  6.63328124860083E-11 -2.46150602642637E-10  1.44771664662407E-09
 -5.18915320053029E-09  1.65245175676734E-08 -4.09687744078361E-08  2.71454842149693E-07 -8.88352850888460E-07
  1.29906684545851E-06 -8.79323093183530E-07  2.93416421315697E-07 -9.06954031278533E-08 -3.52421031103086E-04
  1.90492529276067E-02 -1.66990300985119E-02  2.70770591006549E-01 -9.10169792540814E-01  1.01704663196443E+00
 -6.10061691253603E-01  2.70642030475922E-01 -6.89470818706107E-02  7.30868887037903E-06 -3.95053240443115E-04
  3.46313098128362E-04 -5.61538024062042E-03  1.88755709385463E-02 -2.10920380243514E-02  1.26517743070835E-02
 -5.61271416037652E-03  1.42986017002281E-03  1.18813108926221E-03 -6.42215360530848E-02  5.62981205999384E-02
 -9.12860017227038E-01  3.06849299672713E+00 -3.42881133352883E+00  2.05672636286097E+00 -9.12426846095008E-01
  2.32444250363715E-01  1.49579100403961E-10 -1.55075910535347E-09  1.17117415883880E-09 -4.02509220230931E-10
 -5.08116227718879E-10  5.27253316286761E-09 -4.03079965084121E-09  1.38611694220024E-09 -4.97157371724877E-09
  5.27768544354315E-08 -4.17699013416305E-08  1.53378832668589E-08  1.19127619596199E-09 -1.29775313687392E-08
  1.00443763815957E-08 -3.71921523478301E-09  9.07790478144902E-11 -7.94067797296071E-10  6.53786352665392E-10
 -2.25985455816595E-10
* ORBITAL    1   35
 -1.56620589367138E-15 -5.03271067908553E-15 -9.25431785997584E-14 -5.67809439946791E-14 -1.81970277103266E-12
  2.95522710448463E-13 -2.27534089885700E-11  2.39171136490445E-11 -1.68034984707509E-10  5.67343476703592E-10
 -6.63484299627828E-10  2.99701820934559E-10 -1.82642141575201E-10  3.86913195409785E-11  1.58861323919138E-12
 -8.46860381773461E-11  7.92466377356909E-11 -1.20106610051360E-09  3.90632042952133E-09 -4.20648419889002E-09
  2.52835328830572E-09 -1.12015263796011E-09  2.85584171826579E-10 -1.41710450043848E-11  7.35060787758097E-10
 -6.81833865809175E-10  1.03952708677797E-08 -3.38427696044825E-08  3.60092774127243E-08 -2.19942941887131E-08
  9.69863541765566E-09 -2.47464542915046E-09 -1.17009481908660E-13  1.20985752125562E-11 -6.15530072190734E-12
  1.68838261443422E-10 -5.21333410234295E-10  5.59589985556524E-10 -3.37162078529242E-10  1.49055795370828E-10
 -3.80320778971245E-11 -1.04808883039022E-01  1.32305584498157E+00 -9.82861263723870E-01  3.40928670725002E-01
 -3.02045974808427E-02  3.81287998566739E-01 -2.83248213244209E-01  9.82513406435533E-02  1.82751460544942E-03
 -2.30696464920759E-02  1.71377965560068E-02 -5.94464998721823E-03  1.27721332760638E-02 -1.61229135312863E-01
  1.19772625082432E-01 -4.15459672342340E-02  3.72608137265205E-02 -4.70362205572243E-01  3.49418955768034E-01
 -1.21204227405373E-01
* ORBITAL    1   36
 -3.54528957618634E-15 -1.50364231703831E-14 -2.23295041152700E-13 -1.63994991501035E-13 -4.31934799203645E-12
  2.29327080589175E-13 -5.35710778863653E-11  5.26015340458280E-11 -3.98652713980173E-10  1.35726511716747E-09
 -1.55568300537758E-09  6.55683838326453E-10 -4.18226465376619E-10  8.74574461658517E-11  1.43753952034565E-11
 -7.61449358980482E-10  6.96608177620309E-10 -1.07688656969763E-08  3.49700896954924E-08 -3.72594581767816E-08
  2.27137391570165E-08 -1.00214714558251E-08  2.55682174798881E-09  7.11715606455424E-13 -1.86378027415406E-11
  3.11837397296905E-11 -2.67396372355065E-10  9.76985610560731E-10 -1.02683340373540E-09  6.41109425851406E-10
 -2.81219745399437E-10  7.17672052496438E-11  2.01548349756621E-12 -8.55734261472924E-11  9.27978679530304E-11
 -1.21279551526863E-09  4.03603905565158E-09 -4.24038956513763E-09  2.63695797842112E-09 -1.15746331104533E-09
  2.95523702139197E-10  3.77926672022664E-02 -4.77076062539117E-01  3.54406492740554E-01 -1.22934272542731E-01
  1.10870631850727E-02 -1.39957638387074E-01  1.03970623653603E-01 -3.60646693744157E-02  2.98131162601289E-03
 -3.76346131978585E-02  2.79577038476836E-02 -9.69779068650755E-03  3.03711899992772E-02 -3.83390980668727E-01
  2.84810459956809E-01 -9.87932428582518E-02  1.04735614979074E-01 -1.32213094499897E+00  9.82174181338568E-01
 -3.40690339952448E-01
* ORBITAL    1   37
  1.56848377020860E-14  2.97887634768180E-14  8.99267452392089E-13 -2.62419521204819E-13  1.82815823212715E-11
 -1.50082287533663E-11  2.40400943017832E-10 -3.47132539718040E-10  1.73083647064805E-09 -5.66477194149633E-09
  7.36699398086091E-09 -4.28961897245506E-09  2.26264191561513E-09 -5.00041626087307E-10 -3.36988369772892E-11
  1.88095568034587E-09 -1.61929454201790E-09  2.65301858334722E-08 -8.60974337116784E-08  9.18203418957364E-08
 -5.58894355275594E-08  2.46522492932814E-08 -6.28971710871583E-09 -2.92157602254699E-12  1.34742798993208E-10
 -1.31290982396569E-10  1.89843016610823E-09 -6.32111766412619E-09  6.65071606541667E-09 -4.12610089985628E-09
  1.80959386409167E-09 -4.62056198376465E-10 -2.57017068920242E-11  1.34730507982301E-09 -1.22649219461802E-09
  1.90296262588024E-08 -6.20403269154834E-08  6.59919032965430E-08 -4.03214136099632E-08  1.77722580177497E-08
 -4.53487693197747E-09  7.29452533468430E-04 -9.20825039198114E-03  6.84055223678623E-03 -2.37280729863001E-03
 -9.33003120416702E-03  1.17777729936595E-01 -8.74937886705136E-02  3.03492895334281E-02 -5.73374499617783E-02
  7.23799797601109E-01 -5.37690670081852E-01  1.86510723489405E-01 -9.57571145921757E-02  1.20879076772279E+00
 -8.97976926823615E-01  3.11484531195805E-01  3.01241656636703E-02 -3.80272666849751E-01  2.82493951683114E-01
 -9.79897071702058E-02
* ORBITAL    1   38
 -8.55447279815295E-16 -3.08257660305652E-15 -1.00369338025866E-13  4.23843657094486E-14 -2.04904788733389E-12
  1.88667324509082E-12 -2.70681054060088E-11  4.07948216923864E-11 -1.91137924695258E-10  6.11863092152870E-10
 -8.18615596540196E-10  5.17033603289629E-10 -2.58051863573106E-10  5.81293660475906E-11  3.41327532248064E-12
 -1.99210562384394E-10  1.67513412116823E-10 -2.81185310818931E-09  9.06026152785831E-09 -9.68285518492925E-09
  5.87516389279010E-09 -2.59432365455047E-09  6.61822184819686E-10 -3.99095158731536E-11  2.21032613683207E-09
 -1.91810354571523E-09  3.11847955968977E-08 -1.01236913168477E-07  1.07941014726936E-07 -6.57240989994180E-08
  2.89893058230791E-08 -7.39630583308663E-09 -1.04333738171120E-12  7.17590112884701E-11 -5.57992442187094E-11
  1.01566191284578E-09 -3.17483007278911E-09  3.40397649153701E-09 -2.05438633602114E-09  9.09809754762963E-10
 -2.32049561779687E-10  3.22025572463075E-02 -4.06509261048788E-01  3.01984385315556E-01 -1.04750424957068E-01
 -1.10998593076905E-01  1.40119170377136E+00 -1.04090621276976E+00  3.61062933816110E-01  7.34762989177733E-03
 -9.27528697590456E-02  6.89035184302878E-02 -2.39008147030304E-02  6.08115730027728E-03 -7.67655419967826E-02
  5.70269788027416E-02 -1.97811560935066E-02 -1.84244559200548E-03  2.32581279314451E-02 -1.72778141594086E-02
  5.99321840336339E-03
* ORBITAL    1   39
  1.25878049248368E-14 -1.65848027714145E-16  7.73130548593793E-13 -9.94874079807965E-13  1.63753670258747E-11
 -2.52219506621075E-11  2.21909616934354E-10 -4.18506262085000E-10  1.38930003068077E-09 -3.78112777243512E-09
  6.21171527323551E-09 -5.88615810197220E-09  2.28231524311527E-09 -5.65948670567719E-10  2.11035440670672E-11
 -1.13131388569603E-09  1.01051027498898E-09 -1.59727046559612E-08  5.19786700121943E-08 -5.53456316653673E-08
  3.37659096911670E-08 -1.48874793319750E-08  3.79859739526710E-09  1.34867475095638E-12 -5.87669827837135E-11
  6.07282127065479E-11 -8.29825037489904E-10  2.75290020155703E-09 -2.86950025351103E-09  1.80290880276396E-09
 -7.88811261819933E-10  2.01513689650700E-10 -4.10952678997544E-11  2.26724699905392E-09 -1.96867038205839E-09
  3.19809739142775E-08 -1.03907654281553E-07  1.10743080956217E-07 -6.74694782900094E-08  2.97528298334615E-08
 -7.59133130573304E-09  1.15354149675642E-03 -1.45617411033328E-02  1.08175110802193E-02 -3.75230951576473E-03
 -3.01285196386355E-03  3.80327629363789E-02 -2.82534781808110E-02  9.80038700608189E-03 -1.00490080302296E-01
  1.26853740160250E+00 -9.42361033795486E-01  3.26880208214159E-01  5.62148829389537E-02 -7.09629063056963E-01
  5.27163626885106E-01 -1.82859169617815E-01 -1.35380154702211E-02  1.70897255861856E-01 -1.26954802044266E-01
  4.40372751393386E-02
* ORBITAL    1   40
 -1.23670442793593E-06  2.82405329841598E-04 -7.25670632967891E-04  9.44928481165774E-03 -2.20241199314153E-02
  1.67442724222076E-01 -3.37327317363513E-01  2.15040156439352E+00 -6.16224789593299E+00  8.44458517959232E+00
 -6.24492674513106E+00  3.16961965393437E+00 -1.40570170939797E+00  3.26834824868029E-01 -4.77973422993055E-10
  4.26326455912504E-09 -3.34498507224626E-08  1.34315973337920E-07 -1.34196880233988E-07  1.10700164164607E-07
 -4.54809366312934E-08  2.25236175774537E-08 -5.75761003488304E-09  2.25256940615414E-10 -1.00807317052577E-09
  1.34538246767877E-08 -4.90803063035919E-08  5.81894891030627E-08 -2.87532797096448E-08  2.35873810078115E-08
 -8.71600849017186E-09  2.30449459069551E-09  2.01149798424517E-09 -8.13386790703690E-09  1.17753070345314E-07
 -4.22983423230107E-07  5.11078202359767E-07 -2.31512003133898E-07  2.10411917840290E-07 -7.54677680226864E-08
  1.98010401364126E-08 -3.11234982249706E-11  3.03970772935910E-11 -1.21932262110328E-11  2.00655910921299E-11
  4.39156674479174E-11 -4.41342461042118E-11  1.88206538174123E-11 -2.77191865416345E-11 -2.91312145693655E-09
  2.65938817888085E-09 -1.66301309884792E-09 -1.29642460670792E-09 -2.83369577359887E-09  2.84897506930534E-09
 -1.22568650261374E-09  1.74281389386096E-09 -5.35987934489341E-11  8.98790476239752E-11 -2.24392742657067E-11
  5.22308999124265E-11
* ORBITAL    1   41
  2.57098280618244E-15  5.71455533870697E-14 -3.58717640482382E-14  1.80313216704013E-12 -2.24365879334288E-12
  3.00017997302018E-11 -4.58409448337757E-11  3.74261720398593E-10 -9.18363583303287E-10  1.06393054157999E-09
 -7.19088544136930E-10  3.63218404641026E-10 -1.54933339156976E-10  3.67586395685848E-11  2.02938547620524E-11
 -9.46003132966827E-11  1.22147291574787E-09 -3.72979150392013E-09  3.63086224483290E-09 -2.34347482710580E-09
  1.29205520290179E-09 -5.58465265187156E-10  1.44919830804635E-10  4.82987725654433E-11 -2.34499749829791E-10
  2.90799128919528E-09 -9.11120884943633E-09  8.92970308990158E-09 -5.71485709567726E-09  3.18608737424717E-09
 -1.36991011309463E-09  3.55634691541272E-10  5.24430814170046E-12 -2.50078018046927E-11  3.15790264322587E-10
 -9.78404941512816E-10  9.53587059578850E-10 -6.18400627400187E-10  3.38796220366153E-10 -1.47118691275451E-10
  3.81581663144206E-11  1.26868264244007E+00 -1.03989788617273E+00  4.95525347477479E-01 -1.62606611196262E-01
  5.15208998904902E-01 -4.22300054391590E-01  2.01231663204570E-01 -6.60341574551702E-02  3.73151803748455E-03
 -3.05860393263882E-03  1.45746596536590E-03 -4.78267363631302E-04  7.01079211883274E-02 -5.74651820796200E-02
  2.73829331680667E-02 -8.98570777390941E-03  2.02562256067497E-01 -1.66033691056085E-01  7.91172898296417E-02
 -2.59623336156606E-02
* ORBITAL    1   42
  1.26023037170381E-14  4.79008256192750E-13 -3.46665851476277E-13  1.48364183291669E-11 -1.92449301220458E-11
  2.47254738201874E-10 -3.86038958680850E-10  3.08429602230171E-09 -7.58031443913941E-09  8.82972499405924E-09
 -6.00855336149612E-09  3.04987938898229E-09 -1.29857153559201E-09  3.08045757482568E-10  5.78682477481073E-11
 -2.73575364505336E-10  3.48307414576998E-09 -1.07345596639104E-08  1.04903349539840E-08 -6.71504217317439E-09
  3.74265267645236E-09 -1.60788341974147E-09  4.17459932647320E-10 -2.50731637252939E-11  1.13189294254446E-10
 -1.50872889900888E-09  4.52329791601813E-09 -4.38879524438005E-09  2.83270693059659E-09 -1.56150314043480E-09
  6.74094974859961E-10 -1.74951323157677E-10  8.50505321822596E-12 -4.61493783573437E-11  5.12894877364223E-10
 -1.73156719833408E-09  1.71618516879447E-09 -1.10154238589315E-09  6.11425268689075E-10 -2.64526329308842E-10
  6.86217703583311E-11 -1.97595428859570E-01  1.61962544386325E-01 -7.71773336137539E-02  2.53257371070730E-02
 -7.99074638890107E-02  6.54975484091539E-02 -3.12104638990270E-02  1.02417117392268E-02  1.03421064733382E-01
 -8.47708820215348E-02  4.03944669276215E-02 -1.32554417475844E-02  5.63728735415023E-01 -4.62070103849273E-01
  2.20182627370436E-01 -7.22529151382947E-02  1.24380115458638E+00 -1.01950334008380E+00  4.85807071605015E-01
 -1.59417559588139E-01
* ORBITAL    1   43
  2.74831145111200E-14  1.22833882275894E-12 -1.18056248127822E-12  3.84319396598547E-11 -5.54785413878076E-11
  6.44481110809280E-10 -1.06623694714944E-09  8.03972179287786E-09 -1.98496981284237E-08  2.34691837644042E-08
 -1.62616921338401E-08  8.36821905550000E-09 -3.54163230678073E-09  8.40223357954073E-10  7.62016073543471E-11
 -3.72680982439310E-10  4.58444516759381E-09 -1.42429629115888E-08  1.39899579967277E-08 -8.85232941888412E-09
  5.01797903331376E-09 -2.13959641508566E-09  5.55911983170697E-10 -5.33366472006907E-12  1.76318976803852E-11
 -3.20195418071396E-10  8.16085586365524E-10 -7.64951956458406E-10  4.96890949164672E-10 -2.71055997429793E-10
  1.16109701681290E-10 -3.01681744852174E-11  7.69468553837283E-11 -3.82111623863603E-10  4.63225693392323E-09
 -1.46364131451931E-08  1.43871367258022E-08 -9.16456451115403E-09  5.14471057260684E-09 -2.20602321118597E-09
  5.72837242585876E-10  2.10435353739686E-02 -1.72487013072764E-02  8.21923846789499E-03 -2.69714257938928E-03
  9.31574506975763E-03 -7.63581315152320E-03  3.63856780125845E-03 -1.19399579206471E-03  8.10726241702097E-01
 -6.64525923852013E-01  3.16655552153345E-01 -1.03910499252665E-01  9.98447451059899E-01 -8.18394891765115E-01
  3.89976187575883E-01 -1.27970661093214E-01 -5.15996615504253E-01  4.22945638091611E-01 -2.01539292522859E-01
  6.61351059955325E-02
* ORBITAL    1   44
  1.98718148148698E-16  2.25211292548563E-14 -2.04719517713777E-14  6.45673650305245E-13 -8.99583522444488E-13
  1.07721318979908E-11 -1.74917157860146E-11  1.34339511669121E-10 -3.31171145723935E-10  3.89745903726830E-10
 -2.68553738723352E-10  1.37577921423975E-10 -5.83578776897061E-11  1.38424010400484E-11  7.54512495152685E-12
 -3.17186960503685E-11  4.53756223937161E-10 -1.30692713043087E-09  1.25674321317649E-09 -8.15553923001205E-10
  4.46197729868954E-10 -1.92912706832724E-10  5.00632773149418E-11 -1.03078194372312E-10  5.02441334973333E-10
 -6.20223081586859E-09  1.92820102060502E-08 -1.89264895813948E-08  1.20061985836548E-08 -6.78084536942599E-09
  2.89642568034016E-09 -7.52419664777214E-10 -1.65065526937570E-11  7.11325129061595E-11 -9.92929780004875E-10
  2.89899829772841E-09 -2.79498906908220E-09  1.81355844199479E-09 -9.92549038802298E-10  4.29514664976807E-10
 -1.11455038014507E-10  5.21414857520842E-01 -4.27386794794564E-01  2.03655563501609E-01 -6.68295601817019E-02
 -1.28409859873200E+00  1.05253384403186E+00 -5.01546551571802E-01  1.64582468925090E-01  1.10694582074737E-02
 -9.07327475474990E-03  4.32353761404319E-03 -1.41876859241102E-03 -6.72314312911408E-03  5.51074168932130E-03
 -2.62594263027806E-03  8.61702906757396E-04  2.46449666556453E-03 -2.02006773573833E-03  9.62589480987392E-04
 -3.15873676785681E-04
* ORBITAL    1   45
 -4.02460068023175E-15  2.00215372945488E-13 -6.99174614803946E-13  6.94029541868809E-12 -1.97311883371037E-11
  1.23250959136299E-10 -3.07787226464012E-10  1.53754849676400E-09 -3.93372371281377E-09  5.24216938952643E-09
 -4.12816470075248E-09  2.29654448358347E-09 -9.46113527226341E-10  2.23731710342020E-10 -6.35428762005153E-11
  3.12845304868642E-10 -3.82460615931336E-09  1.19999955199274E-08 -1.17870193935780E-08  7.49758141747038E-09
 -4.21770212136924E-09  1.80598229393827E-09 -4.69029752943530E-10 -4.29301654646020E-12  2.33989975615671E-11
 -2.58878171280460E-10  8.64261874464971E-10 -8.52332840845333E-10  5.54621108443719E-10 -3.02866248212940E-10
  1.32545964337544E-10 -3.43503990973938E-11  9.77876925091247E-11 -4.82553542922205E-10  5.88408085286054E-09
 -1.84024336123597E-08  1.80908073629949E-08 -1.14576523265414E-08  6.48615459577955E-09 -2.76844214871425E-09
  7.19216853897429E-10 -6.37082764393498E-03  5.22196014881041E-03 -2.48833433712671E-03  8.16546754135434E-04
  1.16173362799282E-02 -9.52235258598842E-03  4.53752924847654E-03 -1.48898993359075E-03  1.11930650827525E+00
 -9.17459128901516E-01  4.37181630708949E-01 -1.43461124244672E-01 -7.75441004386619E-01  6.35603762808236E-01
 -3.02873752903979E-01  9.93880027064758E-02  2.58118405998569E-01 -2.11571259672745E-01  1.00816554545013E-01
 -3.30829459473438E-02
* ORBITAL    1   46
  4.30896495676094E-12 -3.43890811963942E-11  3.41249253253866E-10 -1.46657706859666E-09  8.60104949705966E-09
 -2.90228247756542E-08  1.50816261973146E-07 -4.04580416684531E-07  5.80286178533166E-07 -4.73069611233789E-07
  2.34142382649273E-07 -1.32725418866834E-07  8.77238290446870E-08 -1.30874427212219E-08  2.08116988647355E-02
 -6.33644915320482E-02  1.22361516823253E+00 -2.82228575369013E+00  2.57341372267689E+00 -1.58948918774490E+00
  9.12946224452499E-01 -3.82492297616386E-01  9.97282169677869E-02  3.13970131601382E-05 -9.55931465946785E-05
  1.84597432900643E-03 -4.25776598486798E-03  3.88231185908445E-03 -2.39794040531773E-03  1.37729193095576E-03
 -5.77036788678263E-04  1.50452303842107E-04  1.41992613388645E-02 -4.32318870455335E-02  8.34839677547815E-01
 -1.92556955611684E+00  1.75577085469443E+00 -1.08446565495039E+00  6.22878585089556E-01 -2.60964127904490E-01
  6.80418220670990E-02 -8.59240131096476E-10  7.86144202993001E-10 -3.74106997942565E-10  1.53486123103472E-10
 -6.22003140074044E-10  5.68519968073771E-10 -2.70149643677028E-10  1.09171407633370E-10 -5.47921174818645E-09
  5.09613309143407E-09 -2.10769976515730E-09  4.85255142272617E-10 -7.83594337963864E-09  7.18200571889502E-09
 -2.86414015637977E-09  6.96141442511646E-10 -8.40480450130530E-10  7.00784230463548E-10 -2.31388684359591E-10
  8.70579423527047E-11
* ORBITAL    1   47
  5.98228006800206E-13 -7.06580677760951E-12  5.28066197179470E-11 -2.82016559702050E-10  1.37201635348606E-09
 -5.36352557869163E-09  2.27203198322014E-08 -7.01255966469983E-08  1.25284298789376E-07 -1.30224383967437E-07
  8.07973968768325E-08 -4.06187634234316E-08  2.04989122869661E-08 -4.27245449689359E-09  1.66943843292041E-04
 -5.08286837917950E-04  9.81539395254553E-03 -2.26393449681152E-02  2.06429843420392E-02 -1.27503014063933E-02
  7.32332109566487E-03 -3.06821347818023E-03  7.99983273452409E-04  2.51918385559151E-02 -7.67005227184490E-02
  1.48114368804321E+00 -3.41627886206859E+00  3.11502788826992E+00 -1.92402143953182E+00  1.10508970266569E+00
 -4.62993642007904E-01  1.20717535836896E-01 -3.00391211407521E-04  9.14588422471853E-04 -1.76613769489319E-02
  4.07362155033779E-02 -3.71440538744972E-02  2.29423166587281E-02 -1.31772526812627E-02  5.52080346484808E-03
 -1.43945266596532E-03 -7.37603243998337E-10  5.92772271343053E-10 -1.45761912048485E-10  6.46765403997996E-11
 -9.16267435098310E-09  8.45100634831642E-09 -3.44753327931968E-09  8.24224153058281E-10  8.19060573959660E-10
 -7.50254440434751E-10  3.52037657357184E-10 -1.31553212969512E-10  5.24199576723044E-10 -4.74884609493049E-10
  2.48606314647698E-10 -7.84684847430909E-11  1.10523948487985E-09 -1.01290661947613E-09  4.89772108519949E-10
 -1.96210180349793E-10
* ORBITAL    1   48
  1.21667141598962E-12 -3.89979763934711E-11  1.64043752937050E-10 -1.35951299080959E-09  4.54208473577344E-09
 -2.28981521832759E-08  8.06231940679527E-08 -4.01083454538399E-07  9.22912199894392E-07 -1.04303833364460E-06
  6.22079532635420E-07 -3.17380661629746E-07  1.86767760720427E-07 -3.23660761577323E-08 -1.41983152371849E-02
  4.32290156813348E-02 -8.34784082314947E-01  1.92544120267570E+00 -1.75565379570110E+00  1.08439336776211E+00
 -6.22837125649948E-01  2.60946806892175E-01 -6.80373322792505E-02  3.42227061252167E-04 -1.04196440656840E-03
  2.01210987916945E-02 -4.64095967505864E-02  4.23171502196573E-02 -2.61375204853293E-02  1.50124655921644E-02
 -6.28969402200946E-03  1.63992809671084E-03  2.08095545929181E-02 -6.33579830098601E-02  1.22348920032252E+00
 -2.82199499813334E+00  2.57314851488307E+00 -1.58932541341472E+00  9.12852157488120E-01 -3.82452812140216E-01
  9.97178527150274E-02  7.29619848023808E-10 -6.68945204016448E-10  3.31226314511828E-10 -1.27422309471233E-10
 -1.35158221699343E-09  1.23662525013190E-09 -5.96910569195146E-10  2.18617540154409E-10 -8.43071251230439E-09
  7.75542752156519E-09 -3.07921133441314E-09  7.26975001927935E-10  4.82908270756596E-09 -4.52312322336656E-09
  1.95111307482993E-09 -4.50399378103593E-10  7.56077678837182E-10 -6.42429757279687E-10  2.40792065907112E-10
 -8.66016815161754E-11
* ORBITAL    1   49
  1.03178848518175E-04 -4.50672627491049E-04  7.28594102688230E-03 -2.28939194248501E-02  1.73339999921751E-01
 -4.85100763564086E-01  3.20597362227989E+00 -7.03786809963519E+00  7.57985401995864E+00 -5.09600395681221E+00
  2.95146150954615E+00 -1.56390731166779E+00  5.99684338305348E-01 -1.51619547963386E-01 -7.86070977625665E-09
  1.51530317817371E-07 -4.26162936768633E-07  3.43117125439588E-07 -2.41204994925641E-07  1.13075805848249E-07
 -9.00899244990217E-08  3.27434592450869E-08 -8.79501399788328E-09 -1.83737393037059E-09  3.62417122041528E-08
 -1.00190230993250E-07  8.15830497133972E-08 -5.41132946225419E-08  3.22246252057260E-08 -1.83624412855510E-08
  7.68813893634685E-09 -2.02756802814453E-09 -1.22708422032046E-08  2.46525938255461E-07 -6.73504351316713E-07
  5.53382779034166E-07 -3.54492246229591E-07  2.41340289770872E-07 -1.12470605988988E-07  5.16961153404673E-08
 -1.36269761322075E-08  5.35699915962571E-12 -2.05004590270894E-12  1.70445671211525E-12  8.40257262189410E-12
 -7.48046499458577E-12  2.37775769055057E-12 -1.71661804494961E-12 -1.14487625216611E-11  4.27332660563034E-10
 -3.13738304203459E-10  3.17899248565075E-11 -1.04370413183546E-09  4.81275722500808E-10 -1.53390107135046E-10
  1.07258575709505E-10  7.12224471824928E-10  8.85841847451380E-12  1.12253443942029E-11  5.20620691517186E-12
  2.35226777240722E-11
* ORBITAL    1   50
 -2.21344764951813E-11  9.04105774608991E-11 -1.54630504016507E-09  4.71311173399642E-09 -3.62274327493256E-08
  1.01423839160625E-07 -6.87554223087062E-07  1.48258706916922E-06 -1.57469737095307E-06  1.07815782065064E-06
 -6.54503178346544E-07  3.34910431239513E-07 -1.13437091757129E-07  3.29004109927122E-08 -5.45033570486087E-02
  1.45608414138317E+00 -2.38521184294950E+00  1.82575500322873E+00 -1.17876340598579E+00  7.43530719839698E-01
 -3.79571472100669E-01  1.72827119320815E-01 -4.53938873785051E-02 -2.05864470874379E-04  5.49977116231703E-03
 -9.00917668116132E-03  6.89605389696535E-03 -4.45230381792465E-03  2.80838771290486E-03 -1.43367830691527E-03
  6.52784811340888E-04 -1.71457123593912E-04 -3.16211338950909E-02  8.44774220481939E-01 -1.38382488941857E+00
  1.05924563420774E+00 -6.83881464803915E-01  4.31373146781987E-01 -2.20215451256270E-01  1.00268893249920E-01
 -2.63361327317960E-02 -9.86145365881947E-11  1.07014549517686E-10 -4.10129392191565E-11  3.03186831599916E-11
 -5.99265748399077E-11  6.46466929913520E-11 -2.30633144793109E-11  1.69365905320564E-11 -5.62317458846613E-10
  6.31587739429292E-10 -8.90078811243273E-11 -7.82040222878950E-11 -9.48855043852999E-10  1.00790958790076E-09
 -7.28952415544342E-11 -1.25709965968154E-10 -9.10168812622533E-11  6.62381226685148E-11  2.95393068081378E-11
 -3.42330191072098E-12
* ORBITAL    1   51
 -2.88011438470421E-12  1.08301032948163E-11 -1.98669669482212E-10  5.77229703456100E-10 -4.60784437600418E-09
  1.27210819042658E-08 -8.99597420753475E-08  1.92392170265433E-07 -1.98334741012472E-07  1.29452935769489E-07
 -7.77113002690607E-08  4.09989473692933E-08 -1.40121074675896E-08  3.91068475952987E-09 -1.95276355048413E-04
  5.21690432341075E-03 -8.54581227818095E-03  6.54137260918693E-03 -4.22331068906466E-03  2.66394526807611E-03
 -1.35994060302408E-03  6.19210435762926E-04 -1.62638660727676E-04 -6.30076087739513E-02  1.68327940587677E+00
 -2.75738042138912E+00  2.11063058460862E+00 -1.36268781298159E+00  8.59545039290415E-01 -4.38796627395667E-01
  1.99793617546353E-01 -5.24767734955539E-02  7.46786807638495E-04 -1.99507783343994E-02  3.26813750669227E-02
 -2.50158844977036E-02  1.61510221477140E-02 -1.01876092784915E-02  5.20076170522080E-03 -2.36802012734755E-03
  6.21972517750923E-04 -8.68643960697049E-11  4.97047984276170E-11  5.30344034917199E-11 -8.18981965368173E-12
 -1.05534456818690E-09  1.14838255855708E-09 -1.21635713859418E-10 -1.38633300811679E-10  8.55112097708265E-11
 -9.49162290531809E-11  3.39802644179076E-11 -1.92856295840447E-11  3.40759865362186E-11 -4.88712479226400E-11
  3.27834825517980E-11 -8.29351844493845E-12  1.17247381815064E-10 -1.29390331820272E-10  5.34706803628974E-11
 -3.61480174401008E-11
* ORBITAL    1   52
 -1.32198305908455E-11  7.36337074118532E-11 -9.69832941561993E-10  3.54160204794731E-09 -2.33647811119696E-08
  8.07244754360788E-08 -4.18742140716688E-07  7.95744554604364E-07 -7.53030465206176E-07  4.83833009961863E-07
 -3.25502925646348E-07  1.62479975351723E-07 -3.53398672894107E-08  1.62632465664353E-08  3.16212034486842E-02
 -8.44776041750665E-01  1.38382778273526E+00 -1.05924781466417E+00  6.83882858649249E-01 -4.31374004225340E-01
  2.20215861078398E-01 -1.00269055936108E-01  2.63361635880221E-02 -7.43937674700824E-04  1.98746618002752E-02
 -3.25566870133074E-02  2.49204417089893E-02 -1.60894010813852E-02  1.01487400746258E-02 -5.18091845213902E-03
  2.35898450661171E-03 -6.19598951048489E-04 -5.44986353116428E-02  1.45595789226330E+00 -2.38500488646707E+00
  1.82559655220200E+00 -1.17866111070870E+00  7.43466162302037E-01 -3.79538524647499E-01  1.72812160997998E-01
 -4.53899987553604E-02  6.54055733138622E-11 -7.52036197224693E-11  3.61261186987717E-11 -2.03768600838352E-11
 -1.33451640731376E-10  1.53140267436657E-10 -6.51625566753613E-11  3.39676914008298E-11 -1.04440457180693E-09
  1.11182403442496E-09 -7.35047049891350E-11 -1.49093518634195E-10  4.72526611494002E-10 -5.58801984622937E-10
  1.23257177338744E-10  5.88757044849532E-11  6.43768324370905E-11 -5.37031756753710E-11 -8.05353496938373E-12
 -9.44048861349748E-13
* ORBITAL    1   53
 -1.12961345775062E-04  3.55107980754445E-03 -1.52080605044161E-02  1.32591068422365E-01 -4.61504505546405E-01
  3.27106958253860E+00 -5.68428615674916E+00  5.32399946937882E+00 -3.73747769711630E+00  2.42607172389094E+00
 -1.38691447483720E+00  6.77763323980459E-01 -3.02988070841536E-01  7.22686311922902E-02 -2.34438732124121E-09
  2.41134483041846E-08 -2.18586797686636E-09  8.87623013173270E-09  2.45781953790709E-10  1.45927391583879E-08
  4.93509047633244E-09  7.69499638864544E-10 -1.27396356939755E-10  8.91819918621945E-11 -5.68966464907224E-10
  6.47546975293381E-10  5.33470064549740E-11  1.80218082730764E-09  3.37909009248464E-09  1.94601293962604E-09
 -3.33367972635300E-11  3.18619131856018E-11  5.09112602992997E-09 -4.74177634340066E-08  1.15061123747837E-08
 -1.43906215055465E-08  1.90968681087264E-08  1.24562262600799E-08  1.27425734839734E-08 -1.72184381811726E-09
  5.28356265496811E-10  1.38696146380925E-12 -4.80749969433639E-13  4.68083301832464E-13  2.68804611495397E-12
 -1.93313367798121E-12  5.24004404027280E-13 -4.50871115315934E-13 -3.66131407020352E-12  9.55986658053752E-11
 -6.36427805350482E-11 -6.74398131142346E-12 -3.25130592622706E-10  1.24152852424012E-10 -3.35359933903353E-11
  2.78571499692739E-11  2.27856226569223E-10  2.28393886207476E-12  3.48995839654376E-12  1.72474279649373E-12
  7.44133403908779E-12
* ORBITAL    1   54
 -5.76971746656460E-13 -6.78174530619322E-13 -3.07179092137848E-11  1.31070866405386E-11 -5.38578914674688E-11
  1.66524471294732E-09 -3.12932591477410E-08  6.88242996835690E-08 -7.25598551614620E-08  5.33117511111618E-08
 -3.54968720740943E-08  1.65766150475502E-08 -4.09976244511336E-09  1.69432852942302E-09  1.16848731540738E+00
 -1.16835102778628E+00  9.06608137409032E-01 -6.55920834889254E-01  4.29755491174721E-01 -2.57177678982676E-01
  1.49061619967904E-01 -6.46813453549385E-02  1.71722630100742E-02  7.57632285330314E-03 -7.57543918239600E-03
  5.87833163573093E-03 -4.25290710864708E-03  2.78647984088611E-03 -1.66750729771135E-03  9.66496546564130E-04
 -4.19385599590720E-04  1.11342764096500E-04  5.85410077849934E-01 -5.85341798640774E-01  4.54209073436675E-01
 -3.28615176919633E-01  2.15306738699374E-01 -1.28845560872848E-01  7.46796036827589E-02 -3.24052339764870E-02
  8.60326921895549E-03 -1.57059655280167E-11  1.80323540773348E-11 -7.05410522330429E-12  5.43309617083402E-12
 -8.45094650138907E-12  9.55194330401449E-12 -3.18695702099439E-12  2.48960431339816E-12 -7.68511251262819E-11
  9.16802474096636E-11 -1.28493007358368E-11 -1.22744188845728E-11 -1.50162740223120E-10  1.68524482166551E-10
 -1.06847270700020E-11 -2.28419734303258E-11 -1.39223011301390E-11  1.02341891068775E-11  5.62209195952126E-12
 -6.42624535202220E-13
* ORBITAL    1   55
 -1.26930407935966E-14 -7.10761975772193E-13  1.56368084958081E-12 -2.86095552489193E-11  1.79178952958536E-10
 -1.03322524983537E-10 -3.85076093919301E-09  8.47884519788953E-09 -8.01149356677645E-09  5.00874446096742E-09
 -3.41962651404627E-09  1.74202961978416E-09 -3.80591914674991E-10  1.59801603748256E-10 -9.28980627116494E-04
  9.28872265422327E-04 -7.20779235000244E-04  5.21475704590219E-04 -3.41667827445535E-04  2.04463565028725E-04
 -1.18508225807406E-04  5.14235082572463E-05 -1.36524374231081E-05  1.30686545957184E+00 -1.30671302125429E+00
  1.01397323195099E+00 -7.33598276902661E-01  4.80649296514848E-01 -2.87633954506026E-01  1.66714247642483E-01
 -7.23412359209286E-02  1.92058882903115E-02 -1.50590720973025E-02  1.50573155597705E-02 -1.16840612083158E-02
  8.45328739256428E-03 -5.53854437721269E-03  3.31441954135814E-03 -1.92105600461204E-03  8.33591319678595E-04
 -2.21310248014662E-04 -1.28248227082092E-11  7.18266001324252E-12  9.35889553543380E-12 -1.37872580475641E-12
 -1.62552181735004E-10  1.86375268066636E-10 -1.74410190554046E-11 -2.46200671035021E-11  1.29624900957190E-11
 -1.52141649286488E-11  5.52788194378060E-12 -3.30605344692756E-12  5.47727473006232E-12 -8.13060839831345E-12
  5.19357416108689E-12 -1.14903362129749E-12  1.79664148252428E-11 -2.09297800335274E-11  8.75379390593418E-12
 -6.21691793389995E-12
* ORBITAL    1   56
  4.59088271877971E-13 -2.63115690097597E-11  9.21728899706055E-11 -9.42095032001527E-10  3.53600420505690E-09
 -2.24164818274529E-08  1.97180177290082E-08 -1.11388008505045E-09 -3.56383915194059E-10  3.22647033926102E-10
 -8.77931658956831E-09  2.73918347906521E-09  4.01291589760692E-09  3.38814836527770E-10 -5.85458366271786E-01
  5.85390058819734E-01 -4.54246538482695E-01  3.28642280842447E-01 -2.15324498967521E-01  1.28856193562058E-01
 -7.46857706771875E-02  3.24079139006292E-02 -8.60398234382831E-03  1.30475281206498E-02 -1.30460058192174E-02
  1.01233406579850E-02 -7.32412353416656E-03  4.79872287092003E-03 -2.87168978063667E-03  1.66444746100630E-03
 -7.22242930746637E-04  1.91748393289096E-04  1.16841483996789E+00 -1.16827851796071E+00  9.06551904000664E-01
 -6.55880142316004E-01  4.29728827179138E-01 -2.57161731397430E-01  1.49052371492686E-01 -6.46773250125457E-02
  1.71711884572745E-02  9.00915514521492E-12 -1.09879994030529E-11  5.45595442107274E-12 -3.13544499274151E-12
 -2.04117990026759E-11  2.47011751832703E-11 -1.06968232259032E-11  5.95189703059982E-12 -1.66125988287188E-10
  1.86670512970951E-10 -1.04218370573241E-11 -2.70199948288783E-11  6.39340152984022E-11 -8.09614114673343E-11
  1.87422401705648E-11  9.27539636110249E-12  8.58632398150540E-12 -7.37776521150449E-12 -1.45055317439643E-12
 -1.17391014917219E-13
* ORBITAL    1   57
  9.90163324570186E-04 -7.64361827599936E-03  8.11512408884734E-02 -3.75446536876565E-01  2.88005933534929E+00
 -4.33882210573042E+00  3.84073838440334E+00 -2.88777248897957E+00  1.99808647128037E+00 -1.25327605959753E+00
  7.25821116086500E-01 -3.74776567904998E-01  1.56959155209838E-01 -3.87540100988484E-02 -7.55709715872000E-10
 -2.57042019685651E-09 -1.87235697408884E-09 -1.30705187508506E-10 -3.04520352872992E-10 -6.80038697968450E-10
 -4.24819735443064E-10 -4.98994827603157E-12 -3.96207572991862E-12 -3.75801892650341E-10 -1.28193116240294E-09
 -9.10122759510423E-10 -4.24936071670317E-11 -7.98815051663628E-12 -3.54073319054954E-11 -4.39674308717510E-11
 -1.89645309745511E-12  5.50718891739811E-14 -1.94328500469304E-09 -6.55237132375312E-09 -4.35915831305714E-09
  1.03109347797198E-10  1.44867381775531E-09  3.24220594128062E-09  1.62325397879670E-09  5.74774079972030E-13
  1.51254716429873E-11  1.41627598436041E-13 -4.05304322979824E-14  4.43485896024123E-14  3.05748036923162E-13
 -1.96859958084686E-13  4.06174744233113E-14 -3.95626091633095E-14 -4.16881542521614E-13  1.06012219705169E-11
 -7.36867317453749E-12 -3.69027337929176E-13 -3.67703502465830E-11  1.26799366974853E-11 -2.66595188722646E-12
  2.47968510473577E-12  2.58776381585668E-11  2.27777607924770E-13  4.12005672866703E-13  1.79373363675940E-13
  8.43786744504587E-13
* ORBITAL    1   58
 -2.40900605918814E-03  4.11726583757626E-02 -2.73216007051222E-01  2.43392893072447E+00 -3.32174471607079E+00
  2.76083912407641E+00 -2.05029807348778E+00  1.49913740301730E+00 -1.03952575241998E+00  6.64153993062278E-01
 -3.87336641809072E-01  1.99164407668650E-01 -8.47108263565847E-02  2.08140131664734E-02 -2.59005674978423E-11
 -1.60846673098402E-10 -1.15509653287641E-10 -1.48143239743327E-13  3.20369375415422E-11  7.59344397369592E-11
  4.02217171489231E-11  8.67377294089357E-13  2.48688918704047E-13 -1.14347527013040E-11 -7.03734103860389E-11
 -4.90585308851836E-11  3.88937086958929E-12  3.19072978834774E-11  7.51090080343862E-11  4.06645702733078E-11
  7.34738271159906E-13  3.00692774972833E-13 -3.36051128781385E-10 -2.09408194718121E-09 -1.54306823640108E-09
 -8.03662877503412E-11  7.10387034060221E-11  1.55082966714535E-10  5.93509693725378E-11  3.08460224773896E-12
 -2.52563418542458E-13  6.45932570192202E-15 -1.95054587842910E-15  2.03524266484595E-15  1.27158581116992E-14
 -9.58812763372155E-15  3.68145396976595E-15 -3.81061819989672E-15 -1.68926354533193E-14  3.84391292853130E-13
 -2.25297313138898E-13 -8.24936826374597E-14 -1.54287321744995E-12  5.80687768405555E-13 -1.71255752823399E-13
  1.48005171173535E-13  1.08937659987543E-12  9.96679498613430E-15  1.65597849885627E-14  8.55538246986044E-15
  3.61183433638533E-14
* ORBITAL    1   59
  1.43009125596982E-02 -1.67635874166601E-01  1.99482878908541E+00 -2.44587267004308E+00  1.90050746168728E+00
 -1.37214931615699E+00  1.00869116246284E+00 -7.46724139130925E-01  5.23361165621461E-01 -3.36303125839105E-01
  1.96816615201028E-01 -1.01455495181839E-01  4.31466669494594E-02 -1.06110974274037E-02 -7.55797410306775E-12
 -5.33496643104027E-11 -4.08622442466463E-11 -2.02807044852709E-12  1.97364438600255E-12  4.78404995698296E-12
  2.02286048966759E-12  1.46069188169554E-13 -1.25080051340063E-14 -5.74021292907157E-12 -4.05645852081012E-11
 -3.09893739222162E-11 -1.37798334609877E-12  2.36636493951936E-12  5.65920587247846E-12  2.66516409448088E-12
  1.32537640181644E-13 -1.62047972159993E-15 -5.25458442779399E-11 -3.71418964107724E-10 -2.83260356612880E-10
 -1.12717509729480E-11  2.78562602645366E-11  6.66503472411172E-11  3.26353998228400E-11  1.37688233951313E-12
  3.55448798328298E-14 -3.59000054021120E-16  5.99189247950772E-16  2.23478075227645E-17  2.81926996224002E-16
  1.67153656108572E-16 -6.51441126507609E-16  1.23567512297771E-15 -8.27440613809174E-16  1.38284822942231E-14
 -1.41284865760382E-14  7.07446593053621E-15 -2.81994254344964E-14  2.89853429330324E-15  6.47933923223998E-15
 -3.44090309787127E-15  1.91575927204929E-14 -4.28886350759662E-16  7.76532902693406E-16 -1.24296478772923E-15
  2.02202616030806E-15
* ORBITAL    1   60
 -7.52102354261383E-02  1.59431976181704E+00 -1.67598292695213E+00  1.20588130468744E+00 -8.47581043238179E-01
  6.14646832534592E-01 -4.58303704544614E-01  3.42407736854559E-01 -2.41168446798228E-01  1.55379952911569E-01
 -9.10533723761816E-02  4.69669989870963E-02 -1.99808580675553E-02  4.91459785338088E-03 -8.59074417029359E-13
 -6.24187158633720E-12 -4.75984862796283E-12  5.80338565094356E-14  1.50756605144567E-12  3.66401507047055E-12
  1.95428500486549E-12  5.19334532814996E-14  1.02358110110826E-14 -2.00043806821506E-12 -1.45178462292540E-11
 -1.14346795781384E-11 -1.06681568286769E-12 -1.89177733950037E-12 -4.47207362897620E-12 -2.67406051929896E-12
 -1.66588357395930E-14 -2.86934045829760E-14 -1.00919947346770E-11 -7.32811182737099E-11 -5.65848174899382E-11
 -1.52877129287603E-12  7.68186536207829E-12  1.89371118213341E-11  9.54725114255115E-12  3.62461652667923E-13
  2.05512989969346E-14  7.92659134418953E-16 -1.20612632665276E-15  4.66705859605087E-16 -1.81822515533367E-16
  5.92001197061813E-16 -1.21464636188275E-15  4.67652997104506E-16 -6.52448201123753E-16  2.42189873533332E-16
  9.38499869769441E-16 -7.76484364528675E-16 -1.25637493582167E-15  9.66906779442435E-16 -1.30578987540257E-15
  1.31647135112521E-15  4.43393573663330E-16  3.87720156132971E-16 -9.96872387299186E-16 -3.60987428193200E-16
  1.46880542720960E-15
* ORBITAL    1   61
  1.25985207691439E+00 -9.86141124576236E-01  6.37212943793647E-01 -4.34665560283055E-01  3.10452964541188E-01
 -2.28336653863107E-01  1.71539342730379E-01 -1.28624563883660E-01  9.07504607704529E-02 -5.85186049400254E-02
  3.43063098692830E-02 -1.76994895297373E-02  7.53044911770771E-03 -1.85231618639968E-03 -2.34777150127175E-13
 -1.71944631445344E-12 -1.33800203969047E-12 -7.48418441525762E-14  2.32082837394030E-14  5.79558913376605E-14
  1.35847290495175E-14  1.66476453074223E-15 -8.95663167909961E-17 -1.89027961225078E-13 -1.39272576268229E-12
 -1.09473681273059E-12 -1.13366185249554E-13 -2.05131732528234E-13 -4.94098615254215E-13 -2.88630822598658E-13
 -5.04131206624543E-15 -2.27788614817992E-15 -1.37559312094556E-12 -1.00997968325721E-11 -7.77107920066274E-12
 -9.12547366886277E-14  1.64354786970583E-12  3.99757680619024E-12  2.09135473501928E-12  6.51055310211696E-14
  8.08092411557441E-15 -4.64269401353213E-16  6.47380034655309E-16 -5.50330608877858E-16  9.33793093419989E-16
 -1.33695983873044E-16 -6.98048747184192E-16 -5.57295189854762E-16 -1.92886302987880E-16  4.76092649838882E-16
 -2.53722931907026E-16  3.54461546932876E-17 -7.36655010182355E-17 -1.34547174452677E-16  7.22809412272988E-16
 -1.63857163584695E-15  7.44076459207660E-16  8.99729923259794E-16 -1.68781337903362E-15  2.09327093475801E-15
 -1.06615778509241E-15
#OCC
* OCCUPATION NUMBERS
  1.99686923643261E+00  1.80732906082771E+00  6.30262397620651E-04  6.30262330161946E-04  6.30262301100748E-04
  1.25086761873983E-03  6.42200187411017E-02  6.42200147413063E-02  6.42200146096427E-02  0.00000000000000E+00
  0.00000000000000E+00  0.00000000000000E+00  0.00000000000000E+00  0.00000000000000E+00  0.00000000000000E+00
  0.00000000000000E+00  0.00000000000000E+00  0.00000000000000E+00  0.00000000000000E+00  0.00000000000000E+00
  0.00000000000000E+00  0.00000000000000E+00  0.00000000000000E+00  0.00000000000000E+00  0.00000000000000E+00
  0.00000000000000E+00  0.00000000000000E+00  0.00000000000000E+00  0.00000000000000E+00  0.00000000000000E+00
  0.00000000000000E+00  0.00000000000000E+00  0.00000000000000E+00  0.00000000000000E+00  0.00000000000000E+00
  0.00000000000000E+00  0.00000000000000E+00  0.00000000000000E+00  0.00000000000000E+00  0.00000000000000E+00
  0.00000000000000E+00  0.00000000000000E+00  0.00000000000000E+00  0.00000000000000E+00  0.00000000000000E+00
  0.00000000000000E+00  0.00000000000000E+00  0.00000000000000E+00  0.00000000000000E+00  0.00000000000000E+00
  0.00000000000000E+00  0.00000000000000E+00  0.00000000000000E+00  0.00000000000000E+00  0.00000000000000E+00
  0.00000000000000E+00  0.00000000000000E+00  0.00000000000000E+00  0.00000000000000E+00  0.00000000000000E+00
  0.00000000000000E+00
#OCHR
* OCCUPATION NUMBERS (HUMAN-READABLE)
  1.9969  1.8073  0.0006  0.0006  0.0006  0.0013  0.0642  0.0642  0.0642  0.0000
  0.0000  0.0000  0.0000  0.0000  0.0000  0.0000  0.0000  0.0000  0.0000  0.0000
  0.0000  0.0000  0.0000  0.0000  0.0000  0.0000  0.0000  0.0000  0.0000  0.0000
  0.0000  0.0000  0.0000  0.0000  0.0000  0.0000  0.0000  0.0000  0.0000  0.0000
  0.0000  0.0000  0.0000  0.0000  0.0000  0.0000  0.0000  0.0000  0.0000  0.0000
  0.0000  0.0000  0.0000  0.0000  0.0000  0.0000  0.0000  0.0000  0.0000  0.0000
  0.0000
#ONE
* ONE ELECTRON ENERGIES
  0.0000E+00  0.0000E+00  0.0000E+00  0.0000E+00  0.0000E+00  0.0000E+00  0.0000E+00  0.0000E+00  0.0000E+00  2.7467E-02
  2.7467E-02  2.7467E-02  3.8734E-02  1.3524E-01  1.3524E-01  1.3524E-01  1.8410E-01  1.8410E-01  1.8410E-01  1.8410E-01
  1.8410E-01  2.5547E-01  5.1154E-01  5.1154E-01  5.1154E-01  6.0298E-01  6.0298E-01  6.0298E-01  6.0298E-01  6.0298E-01
  1.0974E+00  1.6734E+00  1.6734E+00  1.6734E+00  1.7499E+00  1.7499E+00  1.7499E+00  1.7499E+00  1.7499E+00  4.2920E+00
  5.1856E+00  5.1856E+00  5.1856E+00  5.1856E+00  5.1856E+00  5.6386E+00  5.6386E+00  5.6386E+00  1.6711E+01  2.1883E+01
  2.1883E+01  2.1883E+01  5.5885E+01  9.3765E+01  9.3765E+01  9.3765E+01  1.6945E+02  5.3751E+02  1.8794E+03  7.7809E+03
  4.5587E+04
#INDEX
* 1234567890
0 222222222s
1 ssssssssss
2 ssssssssss
3 ssssssssss
4 ssssssssss
5 ssssssssss
6 s
