#INPORB 2.2
#INFO
* RASSCF spin density orbitals for root number  1
       0       1       0
      61
      61
*BC:HOST dzemail-jasarevic-compchemp-comp PID 257371 DATE Fri Feb 13 17:18:22 2026
#ORB
* ORBITAL    1    1
  5.31595267157229E-05  4.16902962187455E-04  2.21986220796311E-03  9.53598659677844E-03  3.47431667939127E-02
  1.05826929842064E-01  2.45347030852848E-01  3.86362368709089E-01  3.12916646531050E-01  6.59300496543935E-02
 -4.70206147946688E-03 -5.92136669726214E-03 -2.90382401848207E-03  9.49459893674710E-05  2.49927444133609E-12
 -2.83415576344214E-11  3.03960686861486E-11  6.90935066212661E-11 -1.61667695557416E-11  2.79421185969604E-11
 -3.16624931228887E-11 -2.96804001988532E-13  5.72438510653555E-13  1.99073028331893E-12 -1.31897396183574E-11
  4.63065437844158E-11  6.20604248020737E-11 -1.27170208465703E-12 -1.57047440848699E-12 -3.33386776430166E-11
 -4.73797706865588E-12  2.20622292163447E-12  7.32349876037669E-12 -8.11477908860224E-11  3.77849171149989E-10
  6.52986153906686E-10 -2.13101553032624E-11 -3.35173494087517E-11 -3.29591407344017E-10 -7.55763547106838E-11
  3.53541668444929E-11 -4.55336026488608E-13  2.85968432370479E-15 -5.30965629677821E-14  3.92620115728652E-13
  5.71816490578107E-13  7.65816414418628E-15  7.67065588762861E-14 -5.26531545198975E-13 -3.56088712355220E-12
 -1.83172818651841E-11  3.29903756443506E-12 -5.75392999258415E-11 -3.65180530623827E-11 -7.09642024163472E-13
 -4.99684817006306E-12  3.23713322151157E-11 -3.80250819727095E-13  7.50331833887476E-13  1.71659951998321E-13
  1.28199214212467E-12
* ORBITAL    1    2
 -9.34365282738234E-06 -7.33097137568166E-05 -3.90778329599896E-04 -1.68621828287209E-03 -6.21918407545674E-03
 -1.95769900999477E-02 -4.87939170413239E-02 -9.28201774519901E-02 -1.30269741340595E-01 -6.18858342102075E-02
  2.88527310861276E-01  6.24207905894388E-01  2.33175454935718E-01 -1.86429258539113E-03  9.44027960642166E-12
  4.41932311131923E-11 -1.43397856079866E-10 -3.36946946519439E-10 -1.92018894649910E-09  8.82218196726183E-10
  6.96080968473045E-11  1.49950532066540E-09 -4.63768451464447E-10  5.03808136621139E-12  5.89135589329232E-11
 -2.47879519770152E-10 -4.75999082908018E-10 -1.78108493606961E-09 -2.99130348292444E-10  1.73060335763580E-09
  8.92702206054585E-10 -3.74553015674700E-10  3.92238181219071E-11  5.90024445191111E-10 -2.46257629563593E-09
 -4.64816864014613E-09 -1.43388572737883E-08 -7.62768925838253E-09  2.06860790062671E-08  6.22069186767635E-09
 -2.17009739688983E-09 -9.10613872414070E-13 -1.91099849144386E-11  1.78999797768530E-11 -2.64084166805408E-11
  8.95814976253053E-13  2.77557865280440E-11 -2.62478313533767E-11  3.47940420013210E-11 -2.48240934783065E-10
  3.75134267118609E-10  5.90703988629960E-10  3.21111388776326E-09 -7.02619148295464E-11 -1.75468143277108E-09
  1.68010253165930E-09 -2.14850183228163E-09  3.36293732844190E-12 -2.28662959229931E-11  1.45587772589038E-11
 -5.90898713395163E-11
* ORBITAL    1    3
  2.85826468987668E-11  3.53983939292800E-10  8.37399275425618E-10  1.00280207293703E-08  1.05401374050425E-08
  1.38347474911794E-07  6.68892452530889E-08 -1.88924873504622E-07  4.25922746311573E-09 -5.70966453143052E-08
  1.76280738770903E-07 -3.84332664930419E-08 -5.78366993880342E-08 -6.99465666445433E-09 -4.21817232980615E-02
 -3.09641705872807E-01 -2.40402243514017E-01 -8.78430062924123E-03  2.26612579599632E-02  5.62550113734140E-02
  2.71970295640670E-02  1.27205985983129E-03  1.41445179813116E-06  1.00949418429384E-03  7.41035395916330E-03
  5.75331327706663E-03  2.10226058018843E-04 -5.42329759469819E-04 -1.34629657699216E-03 -6.50880011432978E-04
 -3.04430364333118E-05 -3.38298233745129E-08  6.72281962975602E-02  4.93499437631299E-01  3.83147279242882E-01
  1.40001736275567E-02 -3.61168993276715E-02 -8.96579121436907E-02 -4.33458653407555E-02 -2.02755560476106E-03
 -2.11274462331658E-06 -1.75841980213820E-10  2.15970770792275E-10 -1.03392393395207E-10  6.32210813907674E-11
  3.38260269901986E-10 -4.15298021728551E-10  1.73668823764062E-10 -9.62911289380225E-11  2.65562475500097E-09
 -3.00485355325354E-09  4.80384889470226E-11  5.04179227430346E-10 -1.31492050141606E-09  1.64862884964385E-09
 -2.96280583916818E-10 -2.27090061546888E-10 -1.66914540074512E-10  1.42352425873011E-10  4.09514975429068E-11
 -1.15095488686884E-13
* ORBITAL    1    4
  7.31108368383170E-12  1.41617085833067E-11  4.44037269220007E-10 -9.07544520189592E-10  1.05993673070023E-08
 -1.36009766413852E-08  8.60917771376577E-08 -1.43094689344016E-07  1.17003849715112E-07 -8.20266472747429E-08
  5.65956719618663E-08 -2.55285512310407E-08  6.48392785262055E-09 -2.56395827979162E-09  3.91093953122388E-04
  2.87088681802472E-03  2.22892292060022E-03  8.14446779063464E-05 -2.10106826063669E-04 -5.21576652691128E-04
 -2.52160524423815E-04 -1.17942864409401E-05 -1.31755794522978E-08  7.93656475899856E-02  5.82596038504331E-01
  4.52320754372552E-01  1.65277603197697E-02 -4.26374768149927E-02 -1.05844826642597E-01 -5.11715430664064E-02
 -2.39344936122699E-03 -2.67368054478275E-06 -9.46360686743428E-04 -6.94691086761674E-03 -5.39350045598807E-03
 -1.97077696659515E-04  5.08411160442448E-04  1.26210065456864E-03  6.10171227652067E-04  2.85420964095700E-05
  2.98714816800623E-08  2.15493117970027E-10 -1.20650049039728E-10 -1.75307472826806E-10  2.58367772036774E-11
  2.73429681430506E-09 -3.16758604126358E-09  1.94459952112258E-10  4.85578499287446E-10 -2.20099841418619E-10
  2.60943178921368E-10 -8.98436988848227E-11  5.61025624925276E-11 -7.80601985001295E-11  1.23036814669627E-10
 -8.91813591046677E-11  2.23369291046785E-11 -3.00934986996611E-10  3.55526766125424E-10 -1.45766986243189E-10
  1.07787348633375E-10
* ORBITAL    1    5
  4.55304244186094E-11  7.64272790899583E-11  2.43700503870741E-09 -5.79671827318791E-10  5.56416723011662E-08
 -6.27658988792169E-08  6.05908417509019E-07 -1.10500138141210E-06  1.04233893372157E-06 -8.45046567823574E-07
  5.83651897732113E-07 -2.44200303770390E-07  5.70516181500741E-08 -2.71459319958616E-08  6.72346935798898E-02
  4.93546775479353E-01  3.83183915683157E-01  1.40014938516284E-02 -3.61203622987884E-02 -8.96665690291968E-02
 -4.33499814556207E-02 -2.02762445147592E-03 -2.27222896838421E-06  1.71679570945322E-04  1.26024075583983E-03
  9.78436088428110E-04  3.57519282692895E-05 -9.22310918115829E-05 -2.28957955174816E-04 -1.10691446095111E-04
 -5.17741492798797E-06 -5.79085547758843E-09  4.21832083219652E-02  3.09652486040999E-01  2.40410553108358E-01
  8.78455577419201E-03 -2.26619717978801E-02 -5.62570524158424E-02 -2.71978222468581E-02 -1.27224920470029E-03
 -1.33412998419300E-06  2.47563102226554E-10 -2.87129682762848E-10  1.07536752150640E-10 -8.86426752953774E-11
  1.61946810963270E-10 -1.87621975586577E-10  6.73994772104848E-11 -5.46496101962058E-11  1.55601219838716E-09
 -1.85706816310561E-09  1.79793288873389E-10  2.91170394667966E-10  2.41073866813110E-09 -2.71799910741759E-09
  5.51077254962734E-11  4.29748569997388E-10  2.19599749186104E-10 -1.61112547923754E-10 -1.05260378687896E-10
  1.30352097105268E-11
* ORBITAL    1    6
  8.47067140112681E-05  6.91628942061383E-04  3.52627501819188E-03  1.69541964917714E-02  6.82217987762307E-02
  3.40497973599676E-01  7.41080575566876E-01 -1.90475210587291E-01 -7.93648946032703E-01 -1.82280469853473E-01
  7.93065455374168E-02  1.93447013962219E-01  7.04509051352734E-02 -2.27254092315441E-04 -2.59307228350413E-09
 -2.03104053229160E-08 -2.00904413925470E-08 -1.47746319403394E-10  4.40897864036512E-09  1.27049757012621E-08
  6.93475860860054E-09  6.38296971621566E-10 -6.09565654757055E-11 -1.19474850687875E-09 -8.96248336717831E-09
 -1.03304653083617E-08 -6.34243742854279E-10 -2.90247703204713E-09 -3.05940837579601E-09 -1.63853280354366E-09
  4.13881936062197E-10 -1.30389531671714E-10 -1.00465246754963E-08 -7.81015109193665E-08 -9.36018870307284E-08
 -9.01474727079034E-09 -3.16544699148641E-08 -4.64405598789125E-08 -2.16758928401969E-08  3.90904016636875E-09
 -9.27030440383304E-10 -1.10076182323500E-11  3.29134763933614E-12 -3.59285804097416E-12 -2.39666182955838E-11
  1.53289857279886E-11 -3.32289570145482E-12  3.26619678425460E-12  3.26260407625436E-11 -7.85103979843460E-10
  5.29704171939812E-10  5.87106262861178E-11  2.87802739735644E-09 -9.84935910400102E-10  2.13483069877494E-10
 -2.00954960300756E-10 -2.03083385285767E-09 -1.78459594475776E-11 -3.16701450272002E-11 -1.46257515491524E-11
 -6.61028395833128E-11
* ORBITAL    1    7
  3.39566101854971E-13 -2.38695913463219E-12  2.51086370251809E-10  3.76840147060518E-10  4.57662943217167E-09
 -3.51375350136569E-08  1.74619284614136E-07 -2.84304694370891E-07  5.83826130019487E-07 -5.23419925630687E-07
 -1.00652700090449E-07 -1.37665346086875E-07  4.29456473228561E-07 -9.28611735097361E-09 -1.33089123093268E-04
 -8.44287846853189E-04 -2.40605216188356E-03 -5.81869582200900E-03 -2.60194454418357E-02 -6.26328321517839E-02
 -3.47867368896938E-02 -6.85197620706669E-04 -2.39832261827150E-04  2.55316087917772E-06  1.61966530731257E-05
  4.61573307394570E-05  1.11624839654268E-04  4.99152460981562E-04  1.20153745055790E-03  6.67342752022886E-04
  1.31446839355147E-05  4.60091468378201E-06  1.13926018330431E-03  7.22709320742947E-03  2.05960844586404E-02
  4.98083882535522E-02  2.22727672478193E-01  5.36141202243067E-01  2.97776520323786E-01  5.86532436534665E-03
  2.05300197144053E-03 -2.34193331720026E-11 -1.58200438278642E-11 -2.53066658491336E-11  7.26618651551915E-12
  1.10993793307319E-10  3.57407087860034E-10  1.15664397420304E-10  1.60010214254428E-11  2.37294667635227E-10
  4.76822840824703E-09  3.49439015400293E-09 -1.44668674537595E-09  5.40078178568076E-11 -1.93442743759807E-10
 -4.08336349002016E-10  5.02462122194520E-10 -3.39538950843851E-11  2.75470304886746E-11 -4.28836786338009E-11
 -2.28408086859572E-11
* ORBITAL    1    8
  2.95633974295744E-12 -4.31738903289745E-12  1.76865386730180E-10 -1.09832363267047E-09  5.05947913333366E-09
 -1.85376874450385E-08  4.63497892107703E-08 -6.63443171378442E-08  8.38749334067529E-08 -5.76537842755473E-08
 -6.98564186346120E-09 -1.66604214395959E-08  4.38269976978590E-08 -3.22209663978841E-09 -4.91076393654402E-05
 -3.11522811804912E-04 -8.87792441903731E-04 -2.14698556383223E-03 -9.60065337317481E-03 -2.31103005586641E-02
 -1.28356263429139E-02 -2.52818433939395E-04 -8.84967961411898E-05  1.14592803953063E-03  7.26939118116593E-03
  2.07166578429320E-02  5.00999549104498E-02  2.24031458189830E-01  5.39279386866918E-01  2.99519626363577E-01
  5.89952445960926E-03  2.06507468966119E-03 -8.30503014444962E-06 -5.26834910930255E-05 -1.50142036450786E-04
 -3.63092344871675E-04 -1.62363501288019E-03 -3.90835574170995E-03 -2.17072676425192E-03 -4.27558110073174E-05
 -1.49666037139680E-05  1.14452611635943E-10  1.66183956805653E-10  2.65613096698672E-11  3.19488803963550E-10
  2.54509473410418E-10  4.00555088077662E-09  3.15541710387868E-09 -1.32318271990085E-09 -5.29682669335295E-11
 -2.55064123560648E-10 -7.13114489838549E-11  8.29652504236600E-13 -7.71023594086304E-11 -7.60913710981529E-12
 -2.72318623577537E-10  1.09629176998064E-10 -8.81809481030762E-11 -4.27470677958734E-10 -4.82580625088354E-11
 -5.50105489783448E-11
* ORBITAL    1    9
  1.17495493113965E-11 -1.69546123850105E-10  1.08230030775920E-09 -6.47381554103613E-09  2.97067447560676E-08
 -1.39861352500676E-07  3.81385392005361E-07 -6.98896931384506E-07  8.60815271650859E-07 -6.68553014085153E-07
  3.29663283042689E-07 -2.15182420133231E-07  1.62502104361314E-07 -2.24803792604562E-08  1.13820351127489E-03
  7.22038772779753E-03  2.05770112239745E-02  4.97622362953465E-02  2.22521278796788E-01  5.35644152733807E-01
  2.97500592959125E-01  5.85975148597099E-03  2.05115665308241E-03  4.97394777628233E-05  3.15530765892158E-04
  8.99215028540669E-04  2.17460863752337E-03  9.72417514211586E-03  2.34076386592398E-02  1.30007696827929E-02
  2.56071039170746E-04  8.96355066822179E-05  1.32856522751434E-04  8.42782973608076E-04  2.40183931499199E-03
  5.80842672093451E-03  2.59734615933361E-02  6.25223865439406E-02  3.47253487720909E-02  6.83968221996101E-04
  2.39422941698886E-04  8.53693579436879E-11  4.31060691899460E-10  4.49572318470610E-11  5.81798552400332E-11
  2.73302154267192E-12  2.65152762880969E-10  1.06983228959878E-10 -3.72499442309237E-11 -2.13249903401526E-11
  3.78909856397402E-10  4.38421293385549E-10 -3.75136247984603E-10  2.61496218037436E-10  4.01312369535041E-09
  3.12328645552118E-09 -1.27556668710817E-09  1.54599686056219E-10  6.42334139005228E-11  1.08655476242383E-10
  2.83731659606552E-10
* ORBITAL    1   10
  2.35443781008293E-13  8.86595253493757E-13  1.21827546044460E-11  1.22801267010045E-11  2.46063206747800E-10
  1.72372457845681E-10  3.94228944576411E-09 -1.35444345462437E-09  4.36795406947434E-09 -5.46610231519946E-08
  7.39868690845056E-08 -1.14269288976962E-07  4.59836790144482E-07 -5.64570318922907E-07 -1.92577107157054E-05
 -4.54491906062523E-05 -8.71394593702263E-04  9.82920298853690E-04 -3.74672679662422E-03  1.70825234626953E-02
 -2.74561839635867E-02  9.42809563554911E-02 -1.91566417349042E-01  3.37450102494370E-07  7.96400095964188E-07
  1.52693229776361E-05 -1.72235678680752E-05  6.56533402019712E-05 -2.99334593339421E-04  4.81110639627228E-04
 -1.65207160759798E-03  3.35679120836379E-03  1.34841221204668E-04  3.18231451613231E-04  6.10144719172022E-03
 -6.88235914136175E-03  2.62343502946376E-02 -1.19610792910103E-01  1.92246537610582E-01 -6.60149405918146E-01
  1.34133607515199E+00 -9.56594282732930E-13  4.17441409324813E-12 -7.89458097435221E-12  2.21085919349930E-11
  6.27131491368054E-12 -2.90838619730750E-11  5.24688589887892E-11 -1.69207548177803E-10  5.70390688350696E-11
 -2.71579382277115E-10  3.27178318224512E-10 -1.38488248233741E-09 -3.56808767124652E-12  1.65680902136236E-11
 -1.39744960917162E-11  2.33928707224318E-11 -6.97340035148015E-13  2.71412970496759E-12 -3.86796033106691E-12
  2.03840976910594E-11
* ORBITAL    1   11
 -2.17526071410273E-14 -7.38211300325395E-14 -1.15749428000254E-12 -7.49074624710696E-13 -2.39533621819334E-11
 -7.45630420957087E-12 -3.77266426620372E-10  1.75242019954842E-10 -3.58535412352097E-10  4.39681286280124E-09
 -5.87517770944619E-09  8.78571578724812E-09 -3.63376415710819E-08  4.49759459143345E-08  1.48509884074856E-06
  3.50497901556179E-06  6.71992924510365E-05 -7.57989714150552E-05  2.88935265982686E-04 -1.31734579773474E-03
  2.11732654103474E-03 -7.27062504017328E-03  1.47729447216858E-02 -1.36201764981102E-04 -3.21450171612331E-04
 -6.16299738736864E-03  6.95168525003164E-03 -2.64988922814306E-02  1.20816669011900E-01 -1.94184661017941E-01
  6.66804957804400E-01 -1.35485907375589E+00  5.52953543126327E-07  1.30502723681741E-06  2.50206030689725E-05
 -2.82225504842880E-05  1.07580525394235E-04 -4.90492905307724E-04  7.88353197717811E-04 -2.70710190958059E-03
  5.50047060480610E-03 -3.69609371343102E-12  1.70114069727871E-11 -2.57380743504646E-11  1.43644946270021E-10
 -4.99985396189608E-11  2.36827522870969E-10 -2.84253978188397E-10  1.19820533007620E-09  3.70887699621915E-12
 -1.74791190356045E-11  3.11526086583478E-11 -1.02183518934493E-10  1.00357565930639E-12 -3.22419326397038E-12
  2.99993979716917E-12 -1.00878546561922E-11  6.04935052633838E-12 -2.86886080069168E-11  5.28602092081519E-11
 -1.70465436421272E-10
* ORBITAL    1   12
  6.03418111683332E-14  3.68360572727268E-14  3.54881168698259E-12 -3.25703121945958E-12  7.83403450953725E-11
 -8.39137988254781E-11  1.27387397845120E-09 -1.46785684958729E-09  2.39637489322716E-09 -1.16931773868718E-08
  1.45167024306724E-08 -2.22023175566725E-08  9.11557497684087E-08 -1.12334754293950E-07  1.34834604497545E-04
  3.18223766135934E-04  6.10113427209893E-03 -6.88190253677947E-03  2.62328978756046E-02 -1.19603910820686E-01
  1.92235432990096E-01 -6.60111568436949E-01  1.34125898847607E+00  1.54835707292882E-06  3.65429197399086E-06
  7.00616321257391E-05 -7.90273989901325E-05  3.01242198545274E-04 -1.37345625957255E-03  2.20751107567662E-03
 -7.58030705751000E-03  1.54021761886249E-02  1.92528958663304E-05  4.54389025310533E-05  8.71174438346685E-04
 -9.82659692900920E-04  3.74576774699941E-03 -1.70781130517739E-02  2.74490895673200E-02 -9.42566004799407E-02
  1.91516869559075E-01  5.97934938459418E-12 -2.83984301218696E-11  5.22095751222509E-11 -1.69477333335627E-10
  1.29104416825659E-12 -6.51272164266033E-12  1.04991095992335E-11 -3.88131363327896E-11  6.04654683512380E-12
 -2.85955936469415E-11  3.06735236524758E-11 -1.11022956918432E-10  5.00229278633304E-11 -2.36933864574712E-10
  2.85538736982419E-10 -1.20636332427887E-09  3.94264492801684E-12 -1.72378158578911E-11  2.55744181509923E-11
 -1.39831542083047E-10
* ORBITAL    1   13
  6.43118657176042E-07  1.60406199230542E-06  3.50311224581996E-05  5.54790112985655E-06  7.13259573281854E-04
 -1.26978919386430E-04  1.04746928229352E-02 -7.83676229630546E-03  3.44806132254062E-02 -1.77636393547878E-01
  2.81291681004038E-01 -6.50086599894602E-01  1.83859277865054E+00 -1.93650409850810E+00  2.28007193641830E-12
  4.55790785399148E-11 -2.99710394661552E-11  4.89199183914552E-10 -1.32848340383719E-10  4.78548157163920E-09
 -3.99886881138444E-09  2.27843028430038E-08 -2.79989965833744E-08 -1.06084324591672E-11 -6.50297771377890E-11
 -4.95009724353846E-10  3.81646549614623E-11 -9.57792444268796E-10  6.83696938969480E-09 -5.99466838070787E-09
  3.54430533578682E-08 -4.33720865151795E-08 -2.60083276894327E-10 -2.01795445906937E-09 -1.02727222400376E-08
 -6.98933312639703E-09 -1.91863119216934E-08  7.67094399913431E-08 -7.13703380676541E-08  4.29204298331379E-07
 -5.23578767481729E-07 -1.09823972332557E-14 -1.96605443542412E-12  4.75836641840396E-12 -2.56527331306654E-11
  1.88520165333938E-14  2.74469440893573E-12 -6.54543594024416E-12  3.42086127553460E-11 -4.96172597786859E-11
  2.26615075019582E-10 -6.52056343870837E-10  3.32609745783028E-09 -2.04228131284528E-12 -1.71077195027073E-10
  4.06103453526934E-10 -2.12057135020706E-09  3.35236915941273E-13 -7.47240960853507E-12  9.85124388556956E-12
 -7.78201587728003E-11
* ORBITAL    1   14
  8.30212377015487E-14 -1.15784108290366E-13  5.24261691925708E-12 -1.02544060683086E-11  1.25769765761710E-10
 -2.57315747859138E-10  2.20143244250887E-09 -3.14148147404451E-09  4.83364180868463E-10  3.07400338767421E-09
 -2.77647681563639E-08  9.30872563231310E-08 -1.17867770232602E-07  5.51465135623833E-08  5.79076572127668E-06
  5.97432825771155E-03  7.21318802397064E-04  5.85069731944161E-02 -1.68184698454039E-01  3.37620017894715E-01
 -1.60271494957713E+00  2.56131996970094E+00 -1.01194864318615E+00  1.04443037843942E-07  1.07753155327523E-04
  1.30097405835882E-05  1.05523338322867E-03 -3.03338385839976E-03  6.08932386950435E-03 -2.89066113800508E-02
  4.61960384887740E-02 -1.82515337617850E-02  3.49247368590911E-07  3.60234507281850E-04  4.34953442337834E-05
  3.52779260703007E-03 -1.01410211293349E-02  2.03574467875750E-02 -9.66388368803858E-02  1.54439827932625E-01
 -6.10174259177455E-02  3.27455895705674E-11 -1.72621626417124E-10  3.96088438849781E-10 -1.72619525988315E-09
  6.01074159499622E-12 -3.38202296078703E-11  6.70102689916299E-11 -3.36201820160513E-10  4.47306947976109E-12
 -2.13500073152753E-11  2.45383254678064E-12  5.20893010007749E-11  2.52866934722174E-10 -1.33237076137460E-09
  2.34695181832200E-09 -1.20540033864663E-08  2.32213405918472E-11 -1.18070274957664E-10  2.56550583428224E-10
 -1.43333250019122E-09
* ORBITAL    1   15
  2.97738648788645E-14  3.10817013952153E-13  1.03535789724244E-12  8.13837130512250E-12  1.78672409970263E-11
  1.35099437873828E-10  3.47627454666707E-10  1.01979667202872E-09 -4.19895430107373E-09  4.70611774666368E-09
 -1.94466519895747E-08  6.63596965888848E-08 -8.47453269335996E-08  3.93091368371319E-08 -1.03919493647294E-07
 -1.07214088754287E-04 -1.29446363129337E-05 -1.04995438666330E-03  3.01820874578021E-03 -6.05886101948945E-03
  2.87619997354050E-02 -4.59649318951340E-02  1.81602265746510E-02  5.80128961147239E-06  5.98517630498695E-03
  7.22628958507192E-04  5.86132088913899E-02 -1.68490081083390E-01  3.38233057438601E-01 -1.60562510091752E+00
  2.56597071188844E+00 -1.01378610048299E+00 -1.18133536666998E-08 -1.21849748752379E-05 -1.47123593154701E-06
 -1.19328000533430E-04  3.43021234114516E-04 -6.88593018624816E-04  3.26882004531122E-03 -5.22394537037034E-03
  2.06392150677414E-03  2.21967872372158E-11 -1.17396730691358E-10  2.59706759572255E-10 -1.46592711667013E-09
  2.52053611130778E-10 -1.32808813346087E-09  2.33540141365134E-09 -1.19976470691018E-08 -1.91783207806799E-11
  1.00521233360837E-10 -2.27430366677259E-10  9.92576953840910E-10 -6.15691938027278E-12  2.51816702868932E-11
 -3.68044396128630E-11  1.73657006565108E-10 -3.27734928634206E-11  1.72632025422862E-10 -3.96322140209513E-10
  1.72206857046636E-09
* ORBITAL    1   16
 -2.32652655848649E-13 -3.84376683129311E-12 -5.21146337618399E-12 -1.11016010645852E-10 -4.39401208738805E-11
 -1.93895465575594E-09 -1.73192180601276E-09 -1.50947915052205E-08  5.05902982566458E-08 -5.57949513666166E-08
  2.31824513131891E-07 -7.88672786647929E-07  1.01262194579281E-06 -4.80483114172914E-07  3.49279748878225E-07
  3.60394622938601E-04  4.35122073857073E-05  3.52937254765065E-03 -1.01455626051045E-02  2.03665775593326E-02
 -9.66820509227014E-02  1.54508821993245E-01 -6.10447094065030E-02 -5.53288349053537E-09 -5.70897272559809E-06
 -6.89272100833433E-07 -5.59084183613664E-05  1.60714778392710E-04 -3.22624815327817E-04  1.53153008911725E-03
 -2.44755777490564E-03  9.67002822312193E-04 -5.79226515635385E-06 -5.97529386509805E-03 -7.21455114850761E-04
 -5.85164149892020E-02  1.68211689005908E-01 -3.37674327753150E-01  1.60297260380436E+00 -2.56173143181285E+00
  1.01211128963988E+00  2.28490074365558E-12 -1.01763877775474E-11  2.32548633744154E-11 -8.03435436427053E-11
 -3.32791023602718E-11  1.72396753224855E-10 -3.91010013741903E-10  1.69444002678676E-09 -2.89776266718999E-10
  1.53366411975789E-09 -2.70521576966069E-09  1.39203129657804E-08 -6.78382836506816E-12  3.99984250418773E-11
 -1.29096616895046E-10  7.95133765368029E-10  1.89931736202279E-12 -8.01211893558836E-12  1.59741152411861E-11
 -8.64052816549495E-11
* ORBITAL    1   17
  1.06433504242569E-14  5.70501450838088E-14  5.22331389168837E-13  1.10791697177373E-12  9.30159186498011E-12
  8.80195020643760E-12  9.16594108163986E-11 -3.78722840955657E-11  5.28849680922210E-10 -9.61252141806122E-10
  2.28160499774070E-09 -7.71047793298705E-09  9.42623552904351E-09 -3.45374648582044E-09 -1.00217233881691E-12
  1.86222264568996E-11 -3.79249153442485E-11  2.39241319380893E-10 -8.89914894007958E-10  1.89143130011696E-09
 -6.36860069460241E-09  8.05340029884919E-09 -2.75981798049419E-09  1.98352602351346E-13 -2.04406976793397E-11
  1.00962900432178E-11 -2.23659242335054E-10  6.53631663118040E-10 -1.57152977963604E-09  5.11728715020339E-09
 -6.59152907712893E-09  2.26498417231635E-09 -7.44788010120399E-14  1.89387931101517E-12 -2.95074153779308E-12
  2.34815066958050E-11 -8.29545904841766E-11  1.72439673748384E-10 -6.01659222603736E-10  7.41602428210587E-10
 -2.53370001032763E-10  6.16273181042658E-04 -3.90007874950177E-03  1.19353251676116E-02 -6.31062940957252E-02
  7.98375091542722E-04 -5.05250889481114E-03  1.54620817466484E-02 -8.17535060488349E-02 -1.35925946741809E-04
  8.60206013092592E-04 -2.63246952630418E-03  1.39187993609480E-02 -1.65330164905938E-03  1.04629031781019E-02
 -3.20193923525416E-02  1.69297875304253E-01 -1.06798752422288E-02  6.75874851693184E-02 -2.06836493349933E-01
  1.09361784406615E+00
* ORBITAL    1   18
  3.22129347483018E-15  2.15050251100296E-14  1.62640172472355E-13  3.84707123193344E-13  2.90411830309071E-12
  3.32306432323008E-12  2.83714417205761E-11 -6.70974840858414E-12  1.54179744145814E-10 -2.77034694665908E-10
  6.32339913893087E-10 -2.19467075616787E-09  2.68456810551246E-09 -9.84918693022898E-10 -1.20292511126737E-13
  1.99544111169653E-11 -7.31094944958949E-12  2.15475116192862E-10 -6.14009799023593E-10  1.48791707565268E-09
 -4.85525452406379E-09  6.24279517245307E-09 -2.14484709017928E-09 -1.65210148584751E-12  2.46427040272915E-11
 -6.11985416134504E-11  3.27610681792486E-10 -1.27892614663940E-09  2.72604046318930E-09 -9.01675190750651E-09
  1.15662700356201E-08 -3.97037408348025E-09  3.87470364342655E-16  6.96008109141011E-12 -1.04264821386020E-12
  7.35389197035813E-11 -2.01226424023443E-10  4.87841188325131E-10 -1.61929746370624E-09  2.05929936562419E-09
 -7.06751864744842E-10 -1.03951062336816E-02  6.57853273056921E-02 -2.01321389314395E-01  1.06445753446512E+00
 -2.95475153628530E-03  1.86991159577741E-02 -5.72244930026362E-02  3.02566175276393E-01 -1.84835251449798E-04
  1.16972806611609E-03 -3.57969304996577E-03  1.89271058189988E-02 -7.09869959918591E-04  4.49240504180310E-03
 -1.37480082581691E-02  7.26905920401027E-02 -7.08479449273931E-04  4.48360520879848E-03 -1.37210783481202E-02
  7.25482040364249E-02
* ORBITAL    1   19
  3.28870169598845E-14  2.01724051892663E-13  1.52850980499054E-12  4.06125101618276E-12  2.65724764186280E-11
  3.88506293540586E-11  2.55361789485089E-10  1.45607890572986E-11  1.24791754927133E-09 -2.18351327177494E-09
  4.60554950422357E-09 -1.69497111691720E-08  2.07000526889580E-08 -7.61639194276737E-09 -5.86719777341186E-12
  3.38500472436192E-11 -2.06718525427776E-10  5.81562724393008E-10 -2.90889945989063E-09  6.08943159547288E-09
 -1.91015191859849E-08  2.55750252482604E-08 -8.82004564239455E-09 -2.71633166624270E-13  2.12977549915128E-12
 -9.57231154279921E-12  3.24812445508182E-11 -1.49862862594994E-10  3.24686032265559E-10 -1.00526259161540E-09
  1.36049876874206E-09 -4.69933571315910E-10 -2.34430394192089E-12  3.30022007232465E-11 -8.62594749570867E-11
  4.42235554429054E-10 -1.74806358475575E-09  3.75354212541902E-09 -1.22814950446251E-08  1.58833789805206E-08
 -5.45763043825714E-09  8.25460183546345E-04 -5.22391663315322E-03  1.59866370955939E-02 -8.45270160537109E-02
 -6.48490558587182E-04  4.10396610647164E-03 -1.25592771239161E-02  6.64053492247717E-02 -3.76683500034305E-03
  2.38383781561419E-02 -7.29520638894938E-02  3.85723416508644E-01 -9.99967506161624E-03  6.32828450335015E-02
 -1.93663097538957E-01  1.02396543201982E+00  1.59509917498979E-03 -1.00945694083820E-02  3.08921885035756E-02
 -1.63337948878472E-01
* ORBITAL    1   20
 -1.45523162412959E-15 -5.69732502326938E-16 -6.07444200116073E-14  5.51551111627143E-14 -1.24088633521695E-12
  1.93008186292229E-12 -1.37134410167217E-11  3.28535200236904E-11 -1.29870132265559E-10  2.55844711817440E-10
 -7.33722305440323E-10  2.16846541594898E-09 -2.66574739567948E-09  9.69309296403089E-10 -2.77372367805992E-13
  4.50558226648377E-12 -1.02011077645934E-11  5.78598726388619E-11 -2.18488435769204E-10  4.99365608536928E-10
 -1.56297256657070E-09  2.08244078530269E-09 -7.18050291500608E-10  6.05269558991430E-12 -3.76302294636670E-11
  2.13719716877495E-10 -6.28829623259780E-10  3.08124691967484E-09 -6.46796784504402E-09  2.03482526821762E-08
 -2.71811418145598E-08  9.37183800190769E-09 -7.27925081232234E-13 -1.09928688539371E-11 -2.32693918189878E-11
 -8.79024274117126E-11  7.25892780110980E-11 -3.27906257120510E-10  1.13247202337178E-09 -1.35284017754688E-09
  4.61702625696574E-10 -2.94940987878737E-03  1.86653113445589E-02 -5.71210414128726E-02  3.02019189824029E-01
  1.03814312506463E-02 -6.56987853140154E-02  2.01056546354729E-01 -1.06305721617429E+00 -7.81783767155278E-04
  4.94751086213189E-03 -1.51407585692561E-02  8.00545565421205E-02 -5.11362887270358E-04  3.23615499053426E-03
 -9.90353387263241E-03  5.23634934534823E-02  6.94983371161909E-04 -4.39819541239275E-03  1.34597006179657E-02
 -7.11662073408734E-02
* ORBITAL    1   21
  8.63879620550797E-14  4.05027108069830E-13  4.29266939657832E-12  6.54202064752422E-12  7.86057560946540E-11
  3.13884842728869E-11  7.95483931544480E-10 -7.05203835441708E-10  5.28856633928205E-09 -9.89523318377359E-09
  2.51900234147276E-08 -8.08419136255883E-08  9.91453088933943E-08 -3.62223851792595E-08 -2.14303690771825E-12
  2.27550687089776E-11 -7.74728266146043E-11  3.24642867205310E-10 -1.37576411890422E-09  2.92513653782243E-09
 -9.46091150551453E-09  1.23519924814855E-08 -4.24841530912582E-09  5.07646583895070E-13  8.39851083169474E-12
  1.61296780411231E-11  6.90967347152891E-11 -7.31164556730622E-11  2.77724883553300E-10 -9.65467753901388E-10
  1.15830088879037E-09 -3.95431768697299E-10  6.72309905219610E-12 -4.41569333343094E-11  2.37681201210539E-10
 -7.23088454903213E-10  3.48907155885496E-09 -7.35442978604962E-09  2.31379907613997E-08 -3.08982100535005E-08
  1.06533577556769E-08 -1.01899186807535E-04  6.44867999399439E-04 -1.97347534121334E-03  1.04344635403940E-02
  5.15944690563897E-04 -3.26515088728349E-03  9.99226937838371E-03 -5.28326695192057E-02  1.01477062216899E-02
 -6.42196587721569E-02  1.96530007856981E-01 -1.03912380301459E+00 -3.78635683948186E-03  2.39619219307999E-02
 -7.33301421219337E-02  3.87722450003350E-01  4.89684849478521E-04 -3.09896574428256E-03  9.48369662423569E-03
 -5.01436650955234E-02
* ORBITAL    1   22
  7.92025844572998E-07  2.27318245054731E-05 -4.63684992959170E-06  6.91836296868270E-04 -5.98224589200563E-04
  1.16208453722979E-02 -7.76641836484385E-03  1.16007199168864E-01 -2.87263798311131E-01  4.64956818285812E-01
 -1.77924729080762E+00  4.46308443561010E+00 -4.43880010253144E+00  1.40396816425136E+00  2.60603590253493E-11
  7.18659072890711E-11  7.73834888196911E-10 -6.78213678323621E-10  6.78702913617502E-09 -1.18427168079947E-08
  5.09005952385109E-08 -4.16878458011498E-08  1.27545898755290E-08  6.45289606498973E-13 -2.88693816499636E-10
 -6.17167813061263E-12 -3.45960324809076E-09  8.57180302813643E-09 -2.33311988980164E-08  8.67810639364826E-08
 -7.11913756611959E-08  2.17752271932460E-08 -2.38721062488398E-10 -5.55526399309742E-09 -7.75335406402115E-09
 -5.46669139838113E-08  8.02095953126734E-08 -2.87708673305407E-07  9.99653689870156E-07 -8.24402284128970E-07
  2.51131345169006E-07 -2.80010564794538E-12  1.02787415006671E-11 -3.61900176024658E-11  1.72647476444366E-10
  3.73500205694331E-12 -1.31938816653934E-11  4.71895228577440E-11 -2.29439923121032E-10  1.85680091349639E-10
 -1.41898855605816E-09  4.39506555409182E-09 -2.17556563304548E-08 -2.34482830562887E-10  8.14894397930515E-10
 -2.92784853379417E-09  1.42380245237321E-08 -8.00056420132384E-12  2.84503119565620E-11 -1.44072960346451E-10
  5.60144247902048E-10
* ORBITAL    1   23
 -5.13273893925318E-13  4.07315725683400E-12 -4.05961838125232E-11  1.72979461381775E-10 -1.01043311616153E-09
  3.27573566544544E-09 -1.66242583844900E-08  4.21851748542704E-08 -7.48037915925842E-08  1.82409117759774E-07
 -4.39037636274477E-07  6.66953954713173E-07 -4.90679790233055E-07  1.15344845388274E-07 -1.77273544497122E-03
 -1.01733387370613E-03 -8.13891105458963E-02  1.23518430233450E-01 -5.11859861385700E-01  2.31085397385742E+00
 -3.21196145493363E+00  1.72600249285954E+00 -4.58413158236977E-01 -1.49063533183093E-05 -8.55442934993128E-06
 -6.84374446292953E-04  1.03862612382454E-03 -4.30406236139647E-03  1.94312161604786E-02 -2.70083345685503E-02
  1.45133910960532E-02 -3.85464648056306E-03 -8.28569380693905E-04 -4.75497769626395E-04 -3.80409416615419E-02
  5.77320199786625E-02 -2.39241235082682E-01  1.08008382273418E+00 -1.50125776317504E+00  8.06726493322438E-01
 -2.14260387640147E-01  6.69670163499966E-12 -6.94259931641126E-12  9.56621080527781E-10 -7.71703459206200E-10
  6.38723109659149E-12 -1.18849385027563E-11  5.86823764266884E-10 -4.45530620262275E-10  1.19644107241991E-10
 -2.49462839443818E-10  7.39135002006530E-09 -4.35728464394288E-09  2.84954461336594E-10 -7.02257478704657E-10
  1.62591208964809E-08 -9.86279143424605E-09  3.77541083141180E-11 -1.48563954789681E-10  1.67023682022301E-09
 -1.15738824141327E-09
* ORBITAL    1   24
 -8.26553851736640E-14  4.72290792843913E-13 -6.06730411809598E-12  2.18597469451690E-11 -1.48511924710937E-10
  4.05263076117466E-10 -2.35003441880564E-09  5.28166391802117E-09 -8.94540614812990E-09  2.71941897223736E-08
 -7.09298040225686E-08  1.07007134776609E-07 -7.78692102510404E-08  1.89816354144348E-08  5.71830283045235E-06
  3.28160864009598E-06  2.62536400906180E-04 -3.98432681688513E-04  1.65110349971786E-03 -7.45410858966991E-03
  1.03608057744162E-02 -5.56755634227704E-03  1.47870067786223E-03 -1.95672699028167E-03 -1.12292312174499E-03
 -8.98364563762612E-02  1.36338347386521E-01 -5.64985598409027E-01  2.55069655491204E+00 -3.54532957211872E+00
  1.90514354069680E+00 -5.05991650413475E-01  2.29680522172036E-05  1.31808665712173E-05  1.05449991444811E-03
 -1.60033902138352E-03  6.63179845494444E-03 -2.99400647276539E-02  4.16150610360663E-02 -2.23625634480050E-02
  5.93932573836633E-03  4.75188704084941E-11 -1.81031958469614E-10  1.89491178512241E-09 -1.31620555857284E-09
  2.91393936033252E-10 -6.89494609464776E-10  1.70712722543234E-08 -1.02755687479881E-08 -6.95945520221774E-12
  9.90656489665972E-12 -8.30595475906744E-10  6.20962838339523E-10  7.74708756759345E-12 -2.13138419861120E-11
 -2.68513394069295E-11  6.39882422140459E-12 -5.16890505397278E-12  8.48188584697044E-14 -1.00805688618885E-09
  8.19350921091079E-10
* ORBITAL    1   25
  5.62216371993148E-13 -3.34769658308733E-12  4.17108591749701E-11 -1.48296238945060E-10  9.94458103710590E-10
 -2.46327530557288E-09  1.61677067787678E-08 -4.20393295077574E-08  9.30449605883043E-08 -3.26083656848083E-07
  8.59352934939804E-07 -1.30493915235023E-06  9.52694043243631E-07 -2.23682348304586E-07 -8.28683936074117E-04
 -4.75564771603139E-04 -3.80462018682966E-02  5.77399645278067E-02 -2.39274292211373E-01  1.08023294634015E+00
 -1.50146502199372E+00  8.06837908263332E-01 -2.14290003414117E-01  1.83856240669330E-05  1.05511325024956E-05
  8.44113339954199E-04 -1.28104968598182E-03  5.30866716660292E-03 -2.39666247208042E-02  3.33123043373015E-02
 -1.79009364218638E-02  4.75435238419217E-03  1.77264967420947E-03  1.01728691327492E-03  8.13851765369663E-02
 -1.23512401421583E-01  5.11835086968582E-01 -2.31074184654341E+00  3.21180532611100E+00 -1.72591836119310E+00
  4.58390680789276E-01 -1.66259292005994E-12  1.22541265975137E-11  3.56794889116377E-10 -3.00644966478305E-10
 -3.01004536166416E-12 -5.60943794833683E-12 -1.05904167630987E-09  8.24776436352812E-10 -3.25585658485714E-10
  7.90766149043667E-10 -1.83760799834050E-08  1.11137191724745E-08  7.57896623208371E-11 -1.15437532700273E-10
  5.48872053961366E-09 -3.13730011039585E-09  1.55677191548760E-11 -6.42582725490778E-11  7.88239270690243E-10
 -5.47545681158804E-10
* ORBITAL    1   26
  2.63999222537269E-15  3.88018543234336E-14  1.15777272720647E-13  9.53772052582582E-13  1.49778178119106E-12
  1.25626754552926E-11  4.13026628784290E-12  9.21240068205344E-11 -8.86709289385551E-11  5.29263357721824E-10
 -1.66035014862890E-09  1.85465050064341E-09 -9.64732897168843E-10  2.53497623158004E-10  1.09633392052015E-11
  1.37274922429893E-11  4.77887045294955E-10 -5.93595307270986E-10  2.85981120770321E-09 -1.10952295946051E-08
  1.28108685393621E-08 -6.94127025852706E-09  1.82476125500801E-09  1.29664283066547E-11  2.24378424496047E-11
  5.57711266517060E-10 -6.08188422066665E-10  3.25253080363324E-09 -1.26599716057740E-08  1.46438532737534E-08
 -7.83342071951705E-09  2.05733547615230E-09  7.80437179520324E-13  1.85239209212619E-12  3.05582865514667E-11
 -2.28607593551502E-11  1.78421416247661E-10 -6.29713627746927E-10  7.78609251595936E-10 -4.23918451286640E-10
  1.12050544246309E-10  3.82696734423224E-02 -1.25642721220131E-01  1.09652346436222E+00 -5.71142593534805E-01
  1.26550906085621E-02 -4.15477812735685E-02  3.62600528100386E-01 -1.88866552146590E-01 -8.28357506647872E-04
  2.71957092139632E-03 -2.37345490771694E-02  1.23625370198672E-02  8.25073804809605E-03 -2.70879024397814E-02
  2.36404626879778E-01 -1.23135305466919E-01  2.59761347340684E-02 -8.52819468054638E-02  7.44282317752934E-01
 -3.87671898594958E-01
* ORBITAL    1   27
  3.33444640113285E-15  5.22759015369842E-14  1.78064612756472E-13  1.27360713258505E-12  2.40640179139400E-12
  1.65475612191761E-11  1.06754783091635E-11  1.15653781418510E-10 -8.82661733664305E-11  5.87235754032986E-10
 -1.90726497431226E-09  2.10109419654954E-09 -1.15894677099318E-09  2.98282058765403E-10  1.33647730109183E-11
  2.19150431615783E-11  5.77763270214368E-10 -6.48798078302295E-10  3.38015325493443E-09 -1.32168632062094E-08
  1.52513568017969E-08 -8.16744109468671E-09  2.14491491808462E-09 -8.02972708395717E-12 -1.06098079103480E-11
 -3.46798819203942E-10  4.19631743335315E-10 -2.07344764517652E-09  7.99776259194176E-09 -9.28704346949064E-09
  5.03866812747497E-09 -1.32534269520901E-09  3.30646366517738E-12  6.17904674839064E-12  1.40445291751166E-10
 -1.44871001831605E-10  8.14739448952644E-10 -3.14905197842084E-09  3.67047966492014E-09 -1.96346837853786E-09
  5.15979049663351E-10 -2.70396470938042E-02  8.87735518997841E-02 -7.74754651375744E-01  4.03543923429854E-01
 -4.46622179454971E-03  1.46630010124878E-02 -1.27968612142855E-01  6.66545928201276E-02  2.33051126115151E-03
 -7.65127450374526E-03  6.67750741803942E-02 -3.47809146801164E-02  1.37244290097493E-02 -4.50585137803269E-02
  3.93239792636994E-01 -2.04825525741322E-01  3.77274272574892E-02 -1.23862479058117E-01  1.08098673222964E+00
 -5.63050026641094E-01
* ORBITAL    1   28
  9.79538211588512E-15  8.31521739360314E-14  3.92655167532724E-13  1.98300108439176E-12  6.03840253401480E-12
  2.40838058704200E-11  4.45710452740016E-11  1.33072534188521E-10  5.11354081802252E-11  2.80028393448637E-10
 -1.31916393268760E-09  1.17142113624858E-09 -1.04308152899321E-09  2.31250172711589E-10  2.96405972247590E-11
  2.72568599701247E-11  1.33611814087869E-09 -1.83905892124772E-09  8.06182137000157E-09 -3.18295288688840E-08
  3.60829375634740E-08 -1.95158317550279E-08  5.12205423196661E-09 -1.07817009251171E-12 -2.98754672492155E-13
 -5.04937078011923E-11  7.99129056779817E-11 -3.09705179539445E-10  1.27427432142118E-09 -1.42106224940949E-09
  7.71245193565559E-10 -2.02284389580377E-10  2.52705045038315E-11  3.50822153333732E-11  1.10550868929213E-09
 -1.33796473399129E-09  6.55348322064503E-09 -2.55701496179579E-08  2.93817828060423E-08 -1.58166068316360E-08
  4.15396990210459E-09  2.33797754710352E-03 -7.67578697653654E-03  6.69890022223490E-02 -3.48923426741274E-02
 -1.86061017681503E-03  6.10854769407314E-03 -5.33112131169999E-02  2.77680373663361E-02  2.27584116761959E-02
 -7.47178774814315E-02  6.52086369561239E-01 -3.39650096424322E-01  4.03416651257405E-02 -1.32445252984234E-01
  1.15589129525088E+00 -6.02065321715635E-01 -1.46258810704357E-02  4.80180605371294E-02 -4.19068686361397E-01
  2.18278937195401E-01
* ORBITAL    1   29
  1.23838778508049E-15  1.35085502414869E-14  3.05545570883187E-14  4.09184019196959E-13  1.98620365834403E-13
  5.69788105366734E-12 -4.10262708943920E-12  4.80496344676958E-11 -7.13422436922994E-11  3.68114685975388E-10
 -1.07906235193347E-09  1.23155412446385E-09 -5.63453581493886E-10  1.55231918053793E-10  1.72029111888067E-12
  1.64628295600771E-12  7.51439286832679E-11 -9.94500956723934E-11  4.56088053481040E-10 -1.77637599119176E-09
  2.05712312956202E-09 -1.12453485669247E-09  2.95947977899726E-10 -3.61639379005103E-11 -3.69503872479066E-11
 -1.61969136872660E-09  2.17191065287036E-09 -9.73556991215919E-09  3.83581883767989E-08 -4.36073474561915E-08
  2.35616689719154E-08 -6.18481055686935E-09 -5.90702935407176E-12 -2.99329645220494E-12 -2.66547469763930E-10
  3.96364219977179E-10 -1.64761693298654E-09  6.43683696150453E-09 -7.34014375891982E-09  4.02603902782516E-09
 -1.05844867005212E-09  1.27286655646329E-02 -4.17893342974097E-02  3.64708637467925E-01 -1.89964596174575E-01
 -4.66316166357417E-02  1.53095719834803E-01 -1.33611440142995E+00  6.95937542099394E-01 -4.27854924992314E-03
  1.40468554258067E-02 -1.22591316421241E-01  6.38537383819290E-02  8.19168581017361E-04 -2.68940287031814E-03
  2.34712630046755E-02 -1.22254000616258E-02  3.56875827652339E-03 -1.17165489236527E-02  1.02254000016297E-01
 -5.32607068308529E-02
* ORBITAL    1   30
 -1.12918917342395E-14 -1.53208030211398E-13 -3.00243925979882E-13 -4.18722043626898E-12 -2.16024429521966E-12
 -5.78262409904095E-11  4.05210737368108E-11 -4.84241281771671E-10  7.05792393680376E-10 -3.73146309288619E-09
  1.09414747478402E-08 -1.24255068251210E-08  5.67913882830476E-09 -1.56426060013727E-09 -1.93625233334957E-11
 -2.42886310042910E-11 -8.54344233598005E-10  1.07511973082876E-09 -5.08967303667076E-09  1.99403147824030E-08
 -2.28233009633121E-08  1.23031458701442E-08 -3.23061145759531E-09 -3.83498804654164E-12 -2.14069687614262E-12
 -1.72848567475385E-10  2.54666140067605E-10 -1.06808330584788E-09  4.14346072477581E-09 -4.72655501940728E-09
  2.59147691128232E-09 -6.81243745924593E-10  3.73812276123124E-11  3.76694568283786E-11  1.67705815974132E-09
 -2.25906777806622E-09  1.00858435951128E-08 -3.97355995968062E-08  4.51330426455752E-08 -2.43841331557137E-08
  6.40012483253247E-09  2.24592246767077E-03 -7.37356201120724E-03  6.43513900994603E-02 -3.35184982668211E-02
 -3.18930363793594E-03  1.04707657894597E-02 -9.13816596661008E-02  4.75976664525646E-02  4.27302107247909E-02
 -1.40287059295633E-01  1.22432920078303E+00 -6.37712349970847E-01 -2.19928179452514E-02  7.22043655398974E-02
 -6.30150162110858E-01  3.28224255730321E-01  6.59309322154550E-03 -2.16457078942886E-02  1.88908887063038E-01
 -9.83963546742185E-02
* ORBITAL    1   31
 -7.94202241432939E-06  5.41524394328469E-06 -4.90811312383223E-04  7.65244338931689E-04 -1.06348233633567E-02
  1.61241213086288E-02 -1.57235751305170E-01  2.58478924722718E-01 -9.54467202554799E-01  3.85786593838984E+00
 -6.94875360944905E+00  6.03943504498119E+00 -2.72949893515183E+00  6.75618995501097E-01 -6.98266224586927E-11
 -4.84222306491775E-10 -1.98129247992472E-09 -2.06479473173524E-09 -1.35452687430841E-08  4.77167239180657E-09
 -1.20035536622742E-08  4.29196085231824E-09 -1.11440653010502E-09  6.28807447514803E-11 -3.61555883166795E-10
  2.69917010810713E-09 -6.58788478585136E-09  3.76361027307510E-08 -8.00156315866917E-08  4.93710335963485E-08
 -2.36984722006890E-08  6.00306469204027E-09  8.56928958226889E-10 -3.21644013846260E-09  3.48933658053995E-08
 -6.96811674386595E-08  4.60055991042353E-07 -9.27791894988713E-07  5.93041816328344E-07 -2.80265842090595E-07
  7.14513746883912E-08  3.19124279724788E-12 -1.02773143688528E-12 -1.48762056590708E-11 -2.16973441028101E-11
 -4.31365962906615E-12 -8.63928137204486E-13  2.04916133021587E-11  2.89426842913186E-11  5.42470777166129E-12
  1.55530753860473E-09  3.93224805859779E-10  3.03343683309701E-09  2.74000782023895E-10  8.56366353076463E-11
 -1.29777752321195E-09 -1.79201049279072E-09 -5.83887864199301E-13  5.50718345632416E-11 -1.51114926722147E-10
 -1.78463834320626E-11
* ORBITAL    1   32
 -6.06736419532994E-13  6.30196201370012E-12 -5.17524289529517E-11  2.57633687383609E-10 -1.39006595423169E-09
  5.29385398796499E-09 -2.52297732576336E-08  6.20803342110510E-08 -3.15466727670842E-08 -1.40719524708326E-07
  2.77539907667414E-07 -1.85362329780579E-07  5.16319903851499E-08 -1.88363230441312E-08  1.18801311463976E-03
 -6.42151850475332E-02  5.62925541237419E-02 -9.12769663615941E-01  3.06818945665800E+00 -3.42847231128763E+00
  2.05652301358508E+00 -9.12336516493868E-01  2.32421139221541E-01  2.11908265437205E-05 -1.14541906872038E-03
  1.00410150636901E-03 -1.62812545522690E-02  5.47279073928479E-02 -6.11543445744982E-02  3.66826113565293E-02
 -1.62735285181620E-02  4.14574225326695E-03  3.52255382277376E-04 -1.90403252980085E-02  1.66911965647089E-02
 -2.70643605337529E-01  9.09743096032559E-01 -1.01656989864940E+00  6.09775839179674E-01 -2.70515247037844E-01
  6.89147891274581E-02 -4.26574075273543E-10  4.45727066688652E-09 -3.42534299822727E-09  1.16661458879003E-09
 -1.83544863725468E-10  1.94433756564066E-09 -1.52164439202405E-09  5.32761225487425E-10 -1.40488241003209E-09
  1.51211735177275E-08 -1.18456034081196E-08  4.36925264885755E-09 -4.40627453556698E-09  4.66443048859742E-08
 -3.68884548981433E-08  1.35358281274650E-08 -2.10210434800753E-10  1.77355112212926E-09 -1.53738406952628E-09
  5.28658253150959E-10
* ORBITAL    1   33
 -2.50291857793712E-14  7.07315548802431E-14 -1.94882284484380E-12  5.28922705091546E-12 -6.66598892658980E-11
  1.16601989866851E-10 -1.43163478596736E-09  1.13914225736098E-09  1.94191816561151E-08 -7.00350881586086E-08
  1.01056951505469E-07 -6.92637338303484E-08  2.47338549992746E-08 -6.93116607733665E-09 -1.82382204119412E-05
  9.85822951523955E-04 -8.64195797910350E-04  1.40127183687440E-02 -4.71024355467721E-02  5.26334495742118E-02
 -3.15714666639299E-02  1.40060683811801E-02 -3.56809835397561E-03  1.23911497567927E-03 -6.69773679758544E-02
  5.87139498275798E-02 -9.52031995331509E-01  3.20016606036900E+00 -3.57594627732632E+00  2.14498327337402E+00
 -9.51580196587808E-01  2.42418618328506E-01 -1.30320855577499E-05  7.04418247582899E-04 -6.17509608971873E-04
  1.00127648099627E-02 -3.36569693582809E-02  3.76091468599354E-02 -2.25593428005808E-02  1.00080157434710E-02
 -2.54958016646610E-03 -1.57814530930057E-10  1.26001122006230E-09 -1.17809988321810E-09  3.98690434856937E-10
 -4.55568095867649E-09  4.83246122425523E-08 -3.81621239138863E-08  1.40119037303292E-08  3.22173659413279E-10
 -3.37303353942259E-09  2.59785911122812E-09 -8.99244021796175E-10  1.73530554604447E-10 -1.72704022283514E-09
  1.30407951463470E-09 -4.72178132477094E-10  4.51276109236348E-10 -4.71618823263442E-09  3.61694520595536E-09
 -1.23364655084211E-09
* ORBITAL    1   34
  9.12542230082286E-13 -5.14057374722299E-12  6.63314753464112E-11 -2.46148700032707E-10  1.44771406753404E-09
 -5.18915220038396E-09  1.65245192026405E-08 -4.09687770227578E-08  2.71454843332382E-07 -8.88352849975378E-07
  1.29906684369608E-06 -8.79323092468513E-07  2.93416420656313E-07 -9.06954021500108E-08 -3.52421031102449E-04
  1.90492529276080E-02 -1.66990300985157E-02  2.70770591006552E-01 -9.10169792540816E-01  1.01704663196444E+00
 -6.10061691253606E-01  2.70642030475922E-01 -6.89470818706108E-02  7.30868886999469E-06 -3.95053240442185E-04
  3.46313098127658E-04 -5.61538024062025E-03  1.88755709385466E-02 -2.10920380243541E-02  1.26517743070860E-02
 -5.61271416037788E-03  1.42986017002269E-03  1.18813108926314E-03 -6.42215360530864E-02  5.62981205999391E-02
 -9.12860017227039E-01  3.06849299672713E+00 -3.42881133352884E+00  2.05672636286097E+00 -9.12426846095008E-01
  2.32444250363715E-01  1.49580005936201E-10 -1.55075866829074E-09  1.17117362492879E-09 -4.02508055000654E-10
 -5.08114787125457E-10  5.27253149185029E-09 -4.03079747332153E-09  1.38611556019051E-09 -4.97157422501763E-09
  5.27768536695280E-08 -4.17699001153445E-08  1.53378826829567E-08  1.19127631483437E-09 -1.29775321972844E-08
  1.00443762553164E-08 -3.71921505193701E-09  9.07789927341625E-11 -7.94068201897684E-10  6.53786596554665E-10
 -2.25984843739493E-10
* ORBITAL    1   35
 -2.09123700184091E-15 -5.82609822806904E-15 -9.27108082635075E-14 -5.76665198211577E-14 -1.81887525421297E-12
  2.94173931724845E-13 -2.27525540646001E-11  2.39158284443146E-11 -1.68030887440575E-10  5.67341817104236E-10
 -6.63485386101587E-10  2.99704323966012E-10 -1.82644418994771E-10  3.86924671060684E-11  1.58849272944954E-12
 -8.46862426984609E-11  7.92448612151875E-11 -1.20106291236240E-09  3.90631773255042E-09 -4.20648330457214E-09
  2.52835298652159E-09 -1.12015216347812E-09  2.85584294515476E-10 -1.41713673830901E-11  7.35059381583919E-10
 -6.81831138411342E-10  1.03952675255129E-08 -3.38427673361937E-08  3.60092750098991E-08 -2.19942917901819E-08
  9.69863387241135E-09 -2.47464490984362E-09 -1.16985518558646E-13  1.20979822119212E-11 -6.15475520245872E-12
  1.68837422785805E-10 -5.21330375205866E-10  5.59586838798063E-10 -3.37160442359829E-10  1.49056816913636E-10
 -3.80323164722862E-11 -1.04808883039022E-01  1.32305584498156E+00 -9.82861263723870E-01  3.40928670725002E-01
 -3.02045974808419E-02  3.81287998566737E-01 -2.83248213244206E-01  9.82513406435522E-02  1.82751460544847E-03
 -2.30696464920745E-02  1.71377965560059E-02 -5.94464998721829E-03  1.27721332760649E-02 -1.61229135312863E-01
  1.19772625082433E-01 -4.15459672342344E-02  3.72608137265212E-02 -4.70362205572243E-01  3.49418955768033E-01
 -1.21204227405375E-01
* ORBITAL    1   36
 -4.34646626854666E-15 -1.59444983060258E-14 -2.21025589543141E-13 -1.67169249804733E-13 -4.31519746247676E-12
  2.25063551385098E-13 -5.35673377811142E-11  5.25995091229286E-11 -3.98652238879821E-10  1.35726542764373E-09
 -1.55568393048562E-09  6.55684626398833E-10 -4.18227086323254E-10  8.74570879146125E-11  1.43756326955947E-11
 -7.61448584720920E-10  6.96605312123414E-10 -1.07688623738849E-08  3.49700868048506E-08 -3.72594549904500E-08
  2.27137361343502E-08 -1.00214689223075E-08  2.55682079626001E-09  7.11024228264310E-13 -1.86360864861992E-11
  3.11814769388749E-11 -2.67394592008278E-10  9.76981600319970E-10 -1.02682946929230E-09  6.41106286284386E-10
 -2.81217272157157E-10  7.17661450451194E-11  2.01533618556031E-12 -8.55743837646047E-11  9.27983789064517E-11
 -1.21279653478509E-09  4.03604047361127E-09 -4.24039195017425E-09  2.63696018147624E-09 -1.15746454430532E-09
  2.95523527982142E-10  3.77926672022665E-02 -4.77076062539117E-01  3.54406492740555E-01 -1.22934272542731E-01
  1.10870631850733E-02 -1.39957638387075E-01  1.03970623653605E-01 -3.60646693744165E-02  2.98131162601392E-03
 -3.76346131978606E-02  2.79577038476847E-02 -9.69779068650780E-03  3.03711899992768E-02 -3.83390980668726E-01
  2.84810459956808E-01 -9.87932428582506E-02  1.04735614979074E-01 -1.32213094499897E+00  9.82174181338567E-01
 -3.40690339952448E-01
* ORBITAL    1   37
  1.55370928807975E-14  2.99411199204300E-14  8.97014248730597E-13 -2.59404565770717E-13  1.82795028071999E-11
 -1.50071076230432E-11  2.40399698925261E-10 -3.47132299928917E-10  1.73083717760425E-09 -5.66477069058237E-09
  7.36699341729607E-09 -4.28962020105331E-09  2.26264399261741E-09 -5.00043136541866E-10 -3.36988530549227E-11
  1.88095628992744E-09 -1.61929683484193E-09  2.65301892248297E-08 -8.60974363651003E-08  9.18203425057644E-08
 -5.58894351126914E-08  2.46522477117951E-08 -6.28971674340288E-09 -2.92256469354323E-12  1.34744859592271E-10
 -1.31291632132284E-10  1.89842757744609E-09 -6.32111237627518E-09  6.65071104826378E-09 -4.12609876169800E-09
  1.80959300891831E-09 -4.62055167375227E-10 -2.57011125471979E-11  1.34730425196839E-09 -1.22649282558573E-09
  1.90296278740950E-08 -6.20403306912038E-08  6.59919079954269E-08 -4.03214176097463E-08  1.77722597068253E-08
 -4.53487730694933E-09  7.29452533468096E-04 -9.20825039198025E-03  6.84055223678586E-03 -2.37280729862958E-03
 -9.33003120416738E-03  1.17777729936594E-01 -8.74937886705132E-02  3.03492895334280E-02 -5.73374499617790E-02
  7.23799797601109E-01 -5.37690670081851E-01  1.86510723489404E-01 -9.57571145921760E-02  1.20879076772279E+00
 -8.97976926823616E-01  3.11484531195805E-01  3.01241656636711E-02 -3.80272666849751E-01  2.82493951683113E-01
 -9.79897071702044E-02
* ORBITAL    1   38
 -1.26177672158007E-15 -3.66363019787594E-15 -1.00136684054390E-13  4.14508460620580E-14 -2.04868956889684E-12
  1.88520804572415E-12 -2.70650755489893E-11  4.07937374433403E-11 -1.91138853479035E-10  6.11864142914847E-10
 -8.18618382014939E-10  5.17036527155744E-10 -2.58053841719131E-10  5.81300624568729E-11  3.41327168597923E-12
 -1.99211408482968E-10  1.67515228877498E-10 -2.81185443130665E-09  9.06026076345257E-09 -9.68285386860305E-09
  5.87516348154095E-09 -2.59432374820545E-09  6.61822162209619E-10 -3.99101788278256E-11  2.21032719252713E-09
 -1.91810410415329E-09  3.11847974820927E-08 -1.01236915127344E-07  1.07941017718814E-07 -6.57241019663411E-08
  2.89893086459829E-08 -7.39630670200542E-09 -1.04378568920563E-12  7.17604655711874E-11 -5.58013928977954E-11
  1.01566406620399E-09 -3.17483321476467E-09  3.40398060324207E-09 -2.05438928591925E-09  9.09811488014157E-10
 -2.32051030222776E-10  3.22025572463075E-02 -4.06509261048788E-01  3.01984385315558E-01 -1.04750424957069E-01
 -1.10998593076905E-01  1.40119170377136E+00 -1.04090621276976E+00  3.61062933816109E-01  7.34762989177733E-03
 -9.27528697590451E-02  6.89035184302878E-02 -2.39008147030305E-02  6.08115730027664E-03 -7.67655419967832E-02
  5.70269788027412E-02 -1.97811560935061E-02 -1.84244559200599E-03  2.32581279314463E-02 -1.72778141594101E-02
  5.99321840336425E-03
* ORBITAL    1   39
  1.20311294281586E-14 -6.48581308550641E-16  7.75805044569917E-13 -9.98100681871556E-13  1.63772129953521E-11
 -2.52229013432076E-11  2.21910932623212E-10 -4.18509098908773E-10  1.38930175090900E-09 -3.78113007840045E-09
  6.21171765813065E-09 -5.88615879113778E-09  2.28231617253740E-09 -5.65950242035040E-10  2.11040743625673E-11
 -1.13131252479224E-09  1.01050764534995E-09 -1.59727021572590E-08  5.19786672684100E-08 -5.53456260812151E-08
  3.37659038604728E-08 -1.48874752293497E-08  3.79859569817509E-09  1.34885862880167E-12 -5.87663355612395E-11
  6.07281334432289E-11 -8.29826394686925E-10  2.75290182719221E-09 -2.86950134863644E-09  1.80290977409707E-09
 -7.88811963383757E-10  2.01514809339727E-10 -4.10948782835105E-11  2.26724764013746E-09 -1.96867157114310E-09
  3.19809757535814E-08 -1.03907657406914E-07  1.10743081776207E-07 -6.74694789520595E-08  2.97528295163223E-08
 -7.59133092121548E-09  1.15354149675647E-03 -1.45617411033324E-02  1.08175110802197E-02 -3.75230951576537E-03
 -3.01285196386463E-03  3.80327629363812E-02 -2.82534781808134E-02  9.80038700608313E-03 -1.00490080302295E-01
  1.26853740160250E+00 -9.42361033795482E-01  3.26880208214157E-01  5.62148829389528E-02 -7.09629063056962E-01
  5.27163626885105E-01 -1.82859169617815E-01 -1.35380154702217E-02  1.70897255861857E-01 -1.26954802044267E-01
  4.40372751393398E-02
* ORBITAL    1   40
 -1.23670442807713E-06  2.82405329842967E-04 -7.25670632970031E-04  9.44928481165548E-03 -2.20241199314080E-02
  1.67442724222062E-01 -3.37327317363490E-01  2.15040156439350E+00 -6.16224789593300E+00  8.44458517959237E+00
 -6.24492674513111E+00  3.16961965393441E+00 -1.40570170939799E+00  3.26834824868035E-01 -4.77973259671082E-10
  4.26326392091267E-09 -3.34498508673599E-08  1.34315975095903E-07 -1.34196883259281E-07  1.10700167750044E-07
 -4.54809393540002E-08  2.25236183505365E-08 -5.75761022821861E-09  2.25256715762605E-10 -1.00807295155911E-09
  1.34538237558272E-08 -4.90803044709057E-08  5.81894865040842E-08 -2.87532767954971E-08  2.35873791590634E-08
 -8.71600734464679E-09  2.30449411864539E-09  2.01149770389567E-09 -8.13386779246634E-09  1.17753070766709E-07
 -4.22983424378020E-07  5.11078203669624E-07 -2.31512003420142E-07  2.10411918236129E-07 -7.54677684797953E-08
  1.98010399678146E-08 -3.11240121532731E-11  3.03969679527285E-11 -1.21931414914674E-11  2.00655029057354E-11
  4.39158311522867E-11 -4.41347353419291E-11  1.88217687184677E-11 -2.77196915521500E-11 -2.91312117539622E-09
  2.65938829680938E-09 -1.66301399369397E-09 -1.29642444709022E-09 -2.83369646564158E-09  2.84897582526157E-09
 -1.22568682334620E-09  1.74281361946314E-09 -5.35985860850845E-11  8.98788557580996E-11 -2.24395144020728E-11
  5.22304653167762E-11
* ORBITAL    1   41
  2.11852177052985E-15  5.74509547140769E-14 -3.61089084263626E-14  1.80408553315742E-12 -2.24564718291435E-12
  3.00043652461906E-11 -4.58419933822768E-11  3.74262818959243E-10 -9.18363243713284E-10  1.06392988013926E-09
 -7.19089384308868E-10  3.63219409144129E-10 -1.54934020024792E-10  3.67594658271992E-11  2.02940031797255E-11
 -9.46004316248371E-11  1.22147345077457E-09 -3.72979413637664E-09  3.63086415544994E-09 -2.34347699333044E-09
  1.29205801807231E-09 -5.58466770466092E-10  1.44920208275399E-10  4.82994118935341E-11 -2.34500857719178E-10
  2.90799143620450E-09 -9.11121023986656E-09  8.92970625603020E-09 -5.71486031661627E-09  3.18608964489794E-09
 -1.36991157644349E-09  3.55634911678064E-10  5.24408532881257E-12 -2.50080932769083E-11  3.15790054306503E-10
 -9.78405879237530E-10  9.53590064129234E-10 -6.18403366476082E-10  3.38798057152780E-10 -1.47120701523312E-10
  3.81597976535709E-11  1.26868264244007E+00 -1.03989788617273E+00  4.95525347477477E-01 -1.62606611196261E-01
  5.15208998904901E-01 -4.22300054391590E-01  2.01231663204570E-01 -6.60341574551694E-02  3.73151803748505E-03
 -3.05860393263972E-03  1.45746596536703E-03 -4.78267363630944E-04  7.01079211883270E-02 -5.74651820796197E-02
  2.73829331680666E-02 -8.98570777390931E-03  2.02562256067497E-01 -1.66033691056086E-01  7.91172898296419E-02
 -2.59623336156611E-02
* ORBITAL    1   42
  1.17394534642348E-14  4.77942417003271E-13 -3.44803447355839E-13  1.48350431043688E-11 -1.92453316249000E-11
  2.47256362706205E-10 -3.86039593231314E-10  3.08429493953845E-09 -7.58031231599100E-09  8.82972238835654E-09
 -6.00854989680989E-09  3.04987541009386E-09 -1.29856991991197E-09  3.08045660343432E-10  5.78687307982365E-11
 -2.73575533071932E-10  3.48307278212058E-09 -1.07345573969362E-08  1.04903322155342E-08 -6.71503906070193E-09
  3.74265210051283E-09 -1.60788513363919E-09  4.17461513079622E-10 -2.50736736876993E-11  1.13191181063496E-10
 -1.50873216673649E-09  4.52329994687039E-09 -4.38879635032511E-09  2.83270836233845E-09 -1.56150309675565E-09
  6.74093652026611E-10 -1.74950066935537E-10  8.50538970782501E-12 -4.61498055167204E-11  5.12895753451803E-10
 -1.73156837970151E-09  1.71618533293997E-09 -1.10154230931019E-09  6.11425372808370E-10 -2.64526557677374E-10
  6.86218856220608E-11 -1.97595428859568E-01  1.61962544386325E-01 -7.71773336137538E-02  2.53257371070732E-02
 -7.99074638890104E-02  6.54975484091533E-02 -3.12104638990262E-02  1.02417117392265E-02  1.03421064733382E-01
 -8.47708820215352E-02  4.03944669276221E-02 -1.32554417475848E-02  5.63728735415022E-01 -4.62070103849272E-01
  2.20182627370435E-01 -7.22529151382948E-02  1.24380115458637E+00 -1.01950334008380E+00  4.85807071605012E-01
 -1.59417559588137E-01
* ORBITAL    1   43
  2.68526438830313E-14  1.22806948666654E-12 -1.17977741532067E-12  3.84318631313276E-11 -5.54775684564636E-11
  6.44480219971166E-10 -1.06623675887719E-09  8.03972061338553E-09 -1.98496953480155E-08  2.34691821941509E-08
 -1.62616927281824E-08  8.36821955322936E-09 -3.54163254395657E-09  8.40223108643400E-10  7.62021936389219E-11
 -3.72682048909268E-10  4.58444667974301E-09 -1.42429627793303E-08  1.39899582900684E-08 -8.85233122527959E-09
  5.01798001937314E-09 -2.13959592925742E-09  5.55910745915376E-10 -5.33353297969594E-12  1.76317189201798E-11
 -3.20195930215330E-10  8.16087098728660E-10 -7.64954467016356E-10  4.96892685202234E-10 -2.71056430016844E-10
  1.16109103960093E-10 -3.01669973745163E-11  7.69464374727028E-11 -3.82111641833439E-10  4.63225717784644E-09
 -1.46364137097656E-08  1.43871368043743E-08 -9.16456364027724E-09  5.14470834388608E-09 -2.20602073608327E-09
  5.72836629612434E-10  2.10435353739679E-02 -1.72487013072757E-02  8.21923846789425E-03 -2.69714257938865E-03
  9.31574506975845E-03 -7.63581315152420E-03  3.63856780125786E-03 -1.19399579206422E-03  8.10726241702098E-01
 -6.64525923852014E-01  3.16655552153346E-01 -1.03910499252666E-01  9.98447451059900E-01 -8.18394891765117E-01
  3.89976187575885E-01 -1.27970661093214E-01 -5.15996615504253E-01  4.22945638091611E-01 -2.01539292522859E-01
  6.61351059955320E-02
* ORBITAL    1   44
  3.70177957260691E-16  2.22286769505790E-14 -1.98809527532267E-14  6.44611589537126E-13 -8.97507858741501E-13
  1.07704519081703E-11 -1.74894086366096E-11  1.34336907301718E-10 -3.31167019770537E-10  3.89742488049493E-10
 -2.68551978655408E-10  1.37577584985265E-10 -5.83586953807989E-11  1.38426532638493E-11  7.54488872218527E-12
 -3.17186985013257E-11  4.53756959037319E-10 -1.30693030730076E-09  1.25674858275887E-09 -8.15557749987274E-10
  4.46199493261914E-10 -1.92915278534112E-10  5.00658725937727E-11 -1.03077704914799E-10  5.02442244815606E-10
 -6.20223266846260E-09  1.92820135658510E-08 -1.89264931994751E-08  1.20062009679647E-08 -6.78084568569268E-09
  2.89642623723932E-09 -7.52420361252761E-10 -1.65064318470751E-11  7.11322712057307E-11 -9.92929351838447E-10
  2.89899923109660E-09 -2.79499058287745E-09  1.81356031947550E-09 -9.92548845798176E-10  4.29513711739274E-10
 -1.11455418237847E-10  5.21414857520843E-01 -4.27386794794565E-01  2.03655563501611E-01 -6.68295601817029E-02
 -1.28409859873200E+00  1.05253384403186E+00 -5.01546551571802E-01  1.64582468925089E-01  1.10694582074723E-02
 -9.07327475474786E-03  4.32353761404178E-03 -1.41876859241134E-03 -6.72314312911416E-03  5.51074168932126E-03
 -2.62594263027695E-03  8.61702906756926E-04  2.46449666556494E-03 -2.02006773573794E-03  9.62589480987334E-04
 -3.15873676785516E-04
* ORBITAL    1   45
 -4.78335026499046E-15  2.00514490370369E-13 -6.99216646305227E-13  6.94072497932824E-12 -1.97305764897565E-11
  1.23250216808279E-10 -3.07786516183796E-10  1.53754945595202E-09 -3.93372658130115E-09  5.24217242905302E-09
 -4.12816562605138E-09  2.29654324619375E-09 -9.46113283000587E-10  2.23732130750629E-10 -6.35432623367266E-11
  3.12846753547491E-10 -3.82460986508102E-09  1.20000012422985E-08 -1.17870226726499E-08  7.49758249900252E-09
 -4.21770398704763E-09  1.80598490614357E-09 -4.69031201202922E-10 -4.29211913764057E-12  2.33972394786222E-11
 -2.58874699789251E-10  8.64257139901218E-10 -8.52326472375594E-10  5.54615562620926E-10 -3.02861509372153E-10
  1.32542886869540E-10 -3.43497952416791E-11  9.77884322623288E-11 -4.82554529268074E-10  5.88408138512853E-09
 -1.84024334324240E-08  1.80908067766510E-08 -1.14576512062166E-08  6.48615412326280E-09 -2.76844141814749E-09
  7.19217075972823E-10 -6.37082764393457E-03  5.22196014880870E-03 -2.48833433712610E-03  8.16546754135607E-04
  1.16173362799293E-02 -9.52235258598935E-03  4.53752924847638E-03 -1.48898993359050E-03  1.11930650827525E+00
 -9.17459128901515E-01  4.37181630708949E-01 -1.43461124244672E-01 -7.75441004386619E-01  6.35603762808235E-01
 -3.02873752903979E-01  9.93880027064759E-02  2.58118405998569E-01 -2.11571259672745E-01  1.00816554545014E-01
 -3.30829459473447E-02
* ORBITAL    1   46
  4.30836433575251E-12 -3.43895108253004E-11  3.41251526279996E-10 -1.46658048915878E-09  8.60105156024031E-09
 -2.90228262076314E-08  1.50816264826091E-07 -4.04580423298612E-07  5.80286186573059E-07 -4.73069616479473E-07
  2.34142384344163E-07 -1.32725418083003E-07  8.77238280539818E-08 -1.30874421851048E-08  2.08116988647342E-02
 -6.33644915320463E-02  1.22361516823252E+00 -2.82228575369013E+00  2.57341372267689E+00 -1.58948918774490E+00
  9.12946224452497E-01 -3.82492297616386E-01  9.97282169677869E-02  3.13970131609571E-05 -9.55931465950323E-05
  1.84597432900767E-03 -4.25776598486947E-03  3.88231185908558E-03 -2.39794040531752E-03  1.37729193095273E-03
 -5.77036788674318E-04  1.50452303841192E-04  1.41992613388651E-02 -4.32318870455345E-02  8.34839677547815E-01
 -1.92556955611684E+00  1.75577085469443E+00 -1.08446565495039E+00  6.22878585089554E-01 -2.60964127904488E-01
  6.80418220670976E-02 -8.59238771862894E-10  7.86142104064689E-10 -3.74105670865296E-10  1.53485126666984E-10
 -6.22003223192752E-10  5.68520196943401E-10 -2.70151686998345E-10  1.09173305879267E-10 -5.47921348748386E-09
  5.09613381031209E-09 -2.10769957990407E-09  4.85254927939094E-10 -7.83594272364045E-09  7.18200457231365E-09
 -2.86413941605660E-09  6.96141411870251E-10 -8.40480711813595E-10  7.00785613016679E-10 -2.31389571215586E-10
  8.70585645316191E-11
* ORBITAL    1   47
  5.98465597894736E-13 -7.06721541737449E-12  5.28075599372349E-11 -2.82016773658065E-10  1.37201683362447E-09
 -5.36352497349310E-09  2.27203199251112E-08 -7.01255981566556E-08  1.25284301173261E-07 -1.30224385739551E-07
  8.07973955333997E-08 -4.06187611879303E-08  2.04989114277414E-08 -4.27245438265632E-09  1.66943843293477E-04
 -5.08286837920702E-04  9.81539395254805E-03 -2.26393449681180E-02  2.06429843420440E-02 -1.27503014063978E-02
  7.32332109566930E-03 -3.06821347818404E-03  7.99983273454611E-04  2.51918385559139E-02 -7.67005227184463E-02
  1.48114368804321E+00 -3.41627886206858E+00  3.11502788826991E+00 -1.92402143953182E+00  1.10508970266569E+00
 -4.62993642007904E-01  1.20717535836897E-01 -3.00391211407107E-04  9.14588422471638E-04 -1.76613769489316E-02
  4.07362155033753E-02 -3.71440538744934E-02  2.29423166587242E-02 -1.31772526812587E-02  5.52080346484491E-03
 -1.43945266596397E-03 -7.37603528764898E-10  5.92773220038539E-10 -1.45763745544856E-10  6.46770153700640E-11
 -9.16267359540507E-09  8.45100550822223E-09 -3.44753323070269E-09  8.24224551607168E-10  8.19060869488018E-10
 -7.50253305995921E-10  3.52037397164701E-10 -1.31553126201565E-10  5.24198845313849E-10 -4.74883567518145E-10
  2.48606164398129E-10 -7.84680193849875E-11  1.10524003494035E-09 -1.01290795804580E-09  4.89772167863446E-10
 -1.96210751376573E-10
* ORBITAL    1   48
  1.21725976393888E-12 -3.89987742202393E-11  1.64045722931844E-10 -1.35951453038097E-09  4.54208462162618E-09
 -2.28981507139809E-08  8.06231908190976E-08 -4.01083450912241E-07  9.22912195226195E-07 -1.04303833018481E-06
  6.22079533452486E-07 -3.17380664717246E-07  1.86767762683588E-07 -3.23660771104034E-08 -1.41983152371856E-02
  4.32290156813356E-02 -8.34784082314949E-01  1.92544120267570E+00 -1.75565379570110E+00  1.08439336776212E+00
 -6.22837125649949E-01  2.60946806892175E-01 -6.80373322792495E-02  3.42227061251662E-04 -1.04196440656760E-03
  2.01210987916939E-02 -4.64095967505875E-02  4.23171502196585E-02 -2.61375204853299E-02  1.50124655921644E-02
 -6.28969402200856E-03  1.63992809671020E-03  2.08095545929193E-02 -6.33579830098622E-02  1.22348920032252E+00
 -2.82199499813334E+00  2.57314851488307E+00 -1.58932541341471E+00  9.12852157488116E-01 -3.82452812140214E-01
  9.97178527150264E-02  7.29618691371540E-10 -6.68943911493334E-10  3.31226500191490E-10 -1.27422035011461E-10
 -1.35158168628519E-09  1.23662482494108E-09 -5.96910878705494E-10  2.18617863541012E-10 -8.43071130040652E-09
  7.75542656963661E-09 -3.07921147261527E-09  7.26974846037550E-10  4.82908286614979E-09 -4.52312308031978E-09
  1.95111249408427E-09 -4.50398845376398E-10  7.56078220415152E-10 -6.42430827513904E-10  2.40792574915063E-10
 -8.66015354169919E-11
* ORBITAL    1   49
  1.03178848518460E-04 -4.50672627490799E-04  7.28594102688655E-03 -2.28939194248455E-02  1.73339999921746E-01
 -4.85100763564095E-01  3.20597362227989E+00 -7.03786809963518E+00  7.57985401995860E+00 -5.09600395681215E+00
  2.95146150954607E+00 -1.56390731166772E+00  5.99684338305316E-01 -1.51619547963377E-01 -7.86070969764857E-09
  1.51530317627721E-07 -4.26162934918611E-07  3.43117122607404E-07 -2.41204992384962E-07  1.13075804007635E-07
 -9.00899230601806E-08  3.27434585360560E-08 -8.79501356635589E-09 -1.83737378089102E-09  3.62417125956127E-08
 -1.00190231520971E-07  8.15830489934328E-08 -5.41132929182459E-08  3.22246231020368E-08 -1.83624399348170E-08
  7.68813889042951E-09 -2.02756767090913E-09 -1.22708417857689E-08  2.46525938471339E-07 -6.73504350866344E-07
  5.53382777894924E-07 -3.54492244393052E-07  2.41340288444319E-07 -1.12470604882266E-07  5.16961154171483E-08
 -1.36269766380144E-08  5.35702973944474E-12 -2.04990328224683E-12  1.70429089777436E-12  8.40298567353512E-12
 -7.48086003786809E-12  2.37750701082446E-12 -1.71602598872201E-12 -1.14489962703571E-11  4.27332815112439E-10
 -3.13737836717447E-10  3.17894313853254E-11 -1.04370383026888E-09  4.81276140358666E-10 -1.53390275362035E-10
  1.07258329519162E-10  7.12224531915962E-10  8.85870736776101E-12  1.12252368109347E-11  5.20549480180346E-12
  2.35225681338280E-11
* ORBITAL    1   50
 -2.21335511570802E-11  9.04099757682392E-11 -1.54630405537213E-09  4.71311027959268E-09 -3.62274300490397E-08
  1.01423835685169E-07 -6.87554220471483E-07  1.48258706724229E-06 -1.57469736804176E-06  1.07815781877117E-06
 -6.54503178077627E-07  3.34910432102123E-07 -1.13437092907719E-07  3.29004113944232E-08 -5.45033570486092E-02
  1.45608414138317E+00 -2.38521184294950E+00  1.82575500322873E+00 -1.17876340598578E+00  7.43530719839691E-01
 -3.79571472100662E-01  1.72827119320809E-01 -4.53938873785021E-02 -2.05864470874560E-04  5.49977116231892E-03
 -9.00917668116480E-03  6.89605389696906E-03 -4.45230381792819E-03  2.80838771290634E-03 -1.43367830691606E-03
  6.52784811342507E-04 -1.71457123595127E-04 -3.16211338950914E-02  8.44774220481941E-01 -1.38382488941857E+00
  1.05924563420774E+00 -6.83881464803913E-01  4.31373146781986E-01 -2.20215451256271E-01  1.00268893249919E-01
 -2.63361327317955E-02 -9.86143323320561E-11  1.07014019853386E-10 -4.10123706164716E-11  3.03179318355452E-11
 -5.99262563285557E-11  6.46461574958317E-11 -2.30623333121648E-11  1.69362383489840E-11 -5.62317621825268E-10
  6.31589557477806E-10 -8.90094214887030E-11 -7.82037899227952E-11 -9.48855723359417E-10  1.00790962547650E-09
 -7.28950295958346E-11 -1.25710088232074E-10 -9.10160028138096E-11  6.62367401971448E-11  2.95411284142467E-11
 -3.42482367598651E-12
* ORBITAL    1   51
 -2.87807694713921E-12  1.08288204998444E-11 -1.98669762889252E-10  5.77229375044656E-10 -4.60784228252215E-09
  1.27210797669559E-08 -8.99597399130076E-08  1.92392167347461E-07 -1.98334738150542E-07  1.29452935238595E-07
 -7.77113020264084E-08  4.09989508772385E-08 -1.40121130761390E-08  3.91068870020817E-09 -1.95276355047798E-04
  5.21690432341098E-03 -8.54581227818273E-03  6.54137260918959E-03 -4.22331068906969E-03  2.66394526807978E-03
 -1.35994060302608E-03  6.19210435763840E-04 -1.62638660728049E-04 -6.30076087739511E-02  1.68327940587677E+00
 -2.75738042138910E+00  2.11063058460861E+00 -1.36268781298158E+00  8.59545039290405E-01 -4.38796627395663E-01
  1.99793617546352E-01 -5.24767734955536E-02  7.46786807638503E-04 -1.99507783343976E-02  3.26813750669206E-02
 -2.50158844977027E-02  1.61510221477133E-02 -1.01876092784901E-02  5.20076170521920E-03 -2.36802012734638E-03
  6.21972517749838E-04 -8.68640892355024E-11  4.97032518058655E-11  5.30348715073305E-11 -8.18922656334757E-12
 -1.05534541852139E-09  1.14838296157507E-09 -1.21637128093738E-10 -1.38631195138335E-10  8.55105708907008E-11
 -9.49147797068892E-11  3.39793961221251E-11 -1.92851843528695E-11  3.40770290202991E-11 -4.88718132879675E-11
  3.27826685187335E-11 -8.29284264509230E-12  1.17248590532765E-10 -1.29391999346114E-10  5.34712039467635E-11
 -3.61487885430480E-11
* ORBITAL    1   52
 -1.32206551101181E-11  7.36343950160791E-11 -9.69833513805385E-10  3.54160341533725E-09 -2.33647818292366E-08
  8.07244781774553E-08 -4.18742144297730E-07  7.95744557139149E-07 -7.53030466919208E-07  4.83833009757809E-07
 -3.25502923623427E-07  1.62479973265974E-07 -3.53398653856548E-08  1.62632461670367E-08  3.16212034486832E-02
 -8.44776041750661E-01  1.38382778273525E+00 -1.05924781466417E+00  6.83882858649246E-01 -4.31374004225338E-01
  2.20215861078397E-01 -1.00269055936107E-01  2.63361635880221E-02 -7.43937674701540E-04  1.98746618002768E-02
 -3.25566870133081E-02  2.49204417089883E-02 -1.60894010813835E-02  1.01487400746242E-02 -5.18091845213764E-03
  2.35898450661031E-03 -6.19598951048112E-04 -5.44986353116429E-02  1.45595789226330E+00 -2.38500488646707E+00
  1.82559655220200E+00 -1.17866111070871E+00  7.43466162302040E-01 -3.79538524647503E-01  1.72812160997999E-01
 -4.53899987553603E-02  6.54052949515068E-11 -7.52037444626135E-11  3.61265039038160E-11 -2.03769874631640E-11
 -1.33451550791486E-10  1.53141289699930E-10 -6.51636198074348E-11  3.39683624265017E-11 -1.04440485489395E-09
  1.11182408128478E-09 -7.35051991091005E-11 -1.49092882764513E-10  4.72526873575346E-10 -5.58801938458021E-10
  1.23256424667599E-10  5.88760265251955E-11  6.43763180577903E-11 -5.37018230716319E-11 -8.05383728529280E-12
 -9.43691597780552E-13
* ORBITAL    1   53
 -1.12961345774594E-04  3.55107980754265E-03 -1.52080605044176E-02  1.32591068422352E-01 -4.61504505546382E-01
  3.27106958253858E+00 -5.68428615674915E+00  5.32399946937883E+00 -3.73747769711630E+00  2.42607172389092E+00
 -1.38691447483717E+00  6.77763323980438E-01 -3.02988070841529E-01  7.22686311922900E-02 -2.34438679682611E-09
  2.41134467991762E-08 -2.18586659197649E-09  8.87622984634329E-09  2.45781225336392E-10  1.45927407981849E-08
  4.93508803317845E-09  7.69501834932809E-10 -1.27397424822638E-10  8.91819438014239E-11 -5.68965593119499E-10
  6.47547007366848E-10  5.33460774250980E-11  1.80218231966988E-09  3.37908858643627E-09  1.94601416347403E-09
 -3.33372007371602E-11  3.18622767936824E-11  5.09112591403472E-09 -4.74177619252032E-08  1.15061101137106E-08
 -1.43906194579058E-08  1.90968651273461E-08  1.24562296948386E-08  1.27425715662005E-08 -1.72184269516502E-09
  5.28355472156274E-10  1.38696536650208E-12 -4.80679221905447E-13  4.67157757883146E-13  2.68891756978737E-12
 -1.93334597869914E-12  5.22973594880734E-13 -4.50364666297922E-13 -3.66086289569163E-12  9.55991952661652E-11
 -6.36430840163784E-11 -6.74390129683053E-12 -3.25130643941527E-10  1.24153151693150E-10 -3.35358988621304E-11
  2.78568966300853E-11  2.27856422647817E-10  2.28382927021227E-12  3.49024653579087E-12  1.72449234025903E-12
  7.44145157071624E-12
* ORBITAL    1   54
 -5.77431604457861E-13 -6.77776421772602E-13 -3.07186128544917E-11  1.31089937138571E-11 -5.38595343800216E-11
  1.66524630369080E-09 -3.12932609140305E-08  6.88243006828809E-08 -7.25598550565442E-08  5.33117501097219E-08
 -3.54968700708074E-08  1.65766133952512E-08 -4.09976193844720E-09  1.69432802420463E-09  1.16848731540738E+00
 -1.16835102778628E+00  9.06608137409031E-01 -6.55920834889252E-01  4.29755491174718E-01 -2.57177678982672E-01
  1.49061619967901E-01 -6.46813453549372E-02  1.71722630100750E-02  7.57632285330250E-03 -7.57543918239500E-03
  5.87833163573061E-03 -4.25290710865021E-03  2.78647984089071E-03 -1.66750729771467E-03  9.66496546565797E-04
 -4.19385599591883E-04  1.11342764096887E-04  5.85410077849936E-01 -5.85341798640777E-01  4.54209073436678E-01
 -3.28615176919635E-01  2.15306738699377E-01 -1.28845560872852E-01  7.46796036827619E-02 -3.24052339764878E-02
  8.60326921895510E-03 -1.57060583070312E-11  1.80324416614862E-11 -7.05494055196584E-12  5.43348613606318E-12
 -8.45071149894518E-12  9.55142740315460E-12 -3.18548715027590E-12  2.48870293654140E-12 -7.68509343716652E-11
  9.16808818617540E-11 -1.28494835513641E-11 -1.22743757928045E-11 -1.50162252420877E-10  1.68523918907261E-10
 -1.06840978042718E-11 -2.28423065791528E-11 -1.39218140951078E-11  1.02336767448551E-11  5.62095953670793E-12
 -6.42276924646504E-13
* ORBITAL    1   55
 -1.32936144723060E-14 -7.10183958031517E-13  1.56336776065642E-12 -2.86104539514916E-11  1.79179179418287E-10
 -1.03321997126144E-10 -3.85076113606997E-09  8.47884458557951E-09 -8.01149216626009E-09  5.00874403837534E-09
 -3.41962808553903E-09  1.74203341251354E-09 -3.80594986241426E-10  1.59802735446510E-10 -9.28980627116941E-04
  9.28872265423421E-04 -7.20779235000043E-04  5.21475704589133E-04 -3.41667827445750E-04  2.04463565029367E-04
 -1.18508225808847E-04  5.14235082593867E-05 -1.36524374251711E-05  1.30686545957184E+00 -1.30671302125429E+00
  1.01397323195099E+00 -7.33598276902655E-01  4.80649296514844E-01 -2.87633954506022E-01  1.66714247642480E-01
 -7.23412359209270E-02  1.92058882903103E-02 -1.50590720973029E-02  1.50573155597697E-02 -1.16840612083148E-02
  8.45328739256361E-03 -5.53854437721310E-03  3.31441954135758E-03 -1.92105600461069E-03  8.33591319678696E-04
 -2.21310248015017E-04 -1.28238787587594E-11  7.18196075459026E-12  9.35934157576669E-12 -1.37893630646230E-12
 -1.62552298160365E-10  1.86374568109431E-10 -1.74406458808325E-11 -2.46196800868525E-11  1.29632823246710E-11
 -1.52151174155210E-11  5.52858544578239E-12 -3.30610695932100E-12  5.47683736944279E-12 -8.13095899759439E-12
  5.19390408992329E-12 -1.14889386685435E-12  1.79661343342876E-11 -2.09285369462716E-11  8.75261584497639E-12
 -6.21661746233771E-12
* ORBITAL    1   56
  4.58209521840402E-13 -2.63112192767753E-11  9.21738813426952E-11 -9.42097404146822E-10  3.53600556397031E-09
 -2.24164827776644E-08  1.97180191048514E-08 -1.11388296321798E-09 -3.56379218168352E-10  3.22643871868443E-10
 -8.77931543264667E-09  2.73918246415920E-09  4.01291577157516E-09  3.38814539270931E-10 -5.85458366271784E-01
  5.85390058819732E-01 -4.54246538482693E-01  3.28642280842445E-01 -2.15324498967521E-01  1.28856193562058E-01
 -7.46857706771884E-02  3.24079139006299E-02 -8.60398234382894E-03  1.30475281206496E-02 -1.30460058192175E-02
  1.01233406579852E-02 -7.32412353416600E-03  4.79872287091862E-03 -2.87168978063615E-03  1.66444746100805E-03
 -7.22242930749243E-04  1.91748393290267E-04  1.16841483996789E+00 -1.16827851796071E+00  9.06551904000665E-01
 -6.55880142316008E-01  4.29728827179142E-01 -2.57161731397434E-01  1.49052371492689E-01 -6.46773250125470E-02
  1.71711884572759E-02  9.00896384109261E-12 -1.09876367335217E-11  5.45601860018898E-12 -3.13505028776427E-12
 -2.04120423776965E-11  2.47011027142014E-11 -1.06963317326087E-11  5.95219379167485E-12 -1.66125653306989E-10
  1.86670612470156E-10 -1.04214274526107E-11 -2.70199173325413E-11  6.39330306819978E-11 -8.09600377485855E-11
  1.87416717186153E-11  9.27692306176596E-12  8.58669077316323E-12 -7.37792396332236E-12 -1.45130460042924E-12
 -1.17103458216346E-13
* ORBITAL    1   57
  9.90163324571526E-04 -7.64361827600019E-03  8.11512408884749E-02 -3.75446536876558E-01  2.88005933534928E+00
 -4.33882210573039E+00  3.84073838440332E+00 -2.88777248897957E+00  1.99808647128037E+00 -1.25327605959753E+00
  7.25821116086491E-01 -3.74776567904991E-01  1.56959155209837E-01 -3.87540100988482E-02 -7.55709117073883E-10
 -2.57042059771653E-09 -1.87235774860567E-09 -1.30703722014595E-10 -3.04522986327707E-10 -6.80036154209666E-10
 -4.24822634338633E-10 -4.98778728707548E-12 -3.96346857438717E-12 -3.75802590995345E-10 -1.28192951793781E-09
 -9.10124342777014E-10 -4.24930220269943E-11 -7.98759003388340E-12 -3.54096587730259E-11 -4.39641639219207E-11
 -1.89817649041336E-12  5.51810569584435E-14 -1.94328550130204E-09 -6.55236972140308E-09 -4.35916138232234E-09
  1.03113431913539E-10  1.44866922203826E-09  3.24220996893914E-09  1.62325189188472E-09  5.75811752848148E-13
  1.51246149777727E-11  1.41495918049432E-13 -4.08545287324049E-14  4.39546852665748E-14  3.05632357187102E-13
 -1.97400685851827E-13  4.02193580613409E-14 -3.93299164473370E-14 -4.16396757132250E-13  1.06022402663741E-11
 -7.36965765673729E-12 -3.69140287100879E-13 -3.67701221106249E-11  1.26798141242892E-11 -2.66550808615303E-12
  2.47987618070106E-12  2.58777251346533E-11  2.26891549865440E-13  4.12235095022191E-13  1.79211407767048E-13
  8.43743581857861E-13
* ORBITAL    1   58
 -2.40900605918851E-03  4.11726583757628E-02 -2.73216007051223E-01  2.43392893072446E+00 -3.32174471607077E+00
  2.76083912407637E+00 -2.05029807348770E+00  1.49913740301720E+00 -1.03952575241989E+00  6.64153993062213E-01
 -3.87336641809033E-01  1.99164407668630E-01 -8.47108263565764E-02  2.08140131664714E-02 -2.58995510283438E-11
 -1.60848089197310E-10 -1.15508635703889E-10 -1.48016755977342E-13  3.20375629732676E-11  7.59327219557276E-11
  4.02241410559233E-11  8.65384282240735E-13  2.49229804820415E-13 -1.14354566941714E-11 -7.03732207388563E-11
 -4.90578844926453E-11  3.88861677001938E-12  3.19085845025094E-11  7.51076676079418E-11  4.06673026193089E-11
  7.32848653769476E-13  3.01491394739002E-13 -3.36051407151211E-10 -2.09408088089119E-09 -1.54306922717180E-09
 -8.03654476268456E-11  7.10388794662880E-11  1.55082431234783E-10  5.93516717767423E-11  3.08435164917302E-12
 -2.52627369739766E-13  6.80804619998327E-15 -2.88851922412517E-15  2.85085578243024E-15  1.22183539548185E-14
 -9.09556610773945E-15  2.31883112138691E-15 -2.40108448873269E-15 -1.73793898276054E-14  3.84977021105472E-13
 -2.25774155980303E-13 -8.24339967500091E-14 -1.54342709029461E-12  5.80874169204220E-13 -1.70913107102643E-13
  1.47952468812794E-13  1.08921000007276E-12  9.89954204726790E-15  1.73217647986678E-14  8.51725360647543E-15
  3.58643557282928E-14
* ORBITAL    1   59
  1.43009125596989E-02 -1.67635874166601E-01  1.99482878908541E+00 -2.44587267004308E+00  1.90050746168728E+00
 -1.37214931615700E+00  1.00869116246287E+00 -7.46724139130967E-01  5.23361165621501E-01 -3.36303125839134E-01
  1.96816615201046E-01 -1.01455495181849E-01  4.31466669494644E-02 -1.06110974274051E-02 -7.55855145094233E-12
 -5.33490948505181E-11 -4.08632849741347E-11 -2.02895493563272E-12  1.97682082052899E-12  4.78172702445833E-12
  2.02305423768567E-12  1.47082149811909E-13 -1.34903501772777E-14 -5.74019899994054E-12 -4.05656251469642E-11
 -3.09885372686485E-11 -1.37841606323367E-12  2.36658748272321E-12  5.65900885441054E-12  2.66280354457600E-12
  1.34742992722090E-13 -2.18899989139849E-15 -5.25453262954476E-11 -3.71419539415785E-10 -2.83258893058118E-10
 -1.12752354065621E-11  2.78588863396925E-11  6.66497024368774E-11  3.26359306268883E-11  1.37714500467058E-12
  3.49494715117060E-14 -2.41799370323665E-16 -4.81888934087282E-16  3.70914457183092E-16 -2.62235543584269E-17
  3.89521194880625E-17 -1.40862961888868E-15  1.64267813620285E-15 -1.40454271281788E-15  1.39801891526982E-14
 -1.36940094553425E-14  6.43476922523168E-15 -2.76815932634702E-14  3.35255546375032E-15  4.10919255512811E-15
 -2.73185866326434E-15  1.88688045587782E-14 -1.80156634108136E-16  7.54711896144631E-16 -7.80232041600115E-16
  5.01902075400674E-16
* ORBITAL    1   60
 -7.52102354261391E-02  1.59431976181704E+00 -1.67598292695213E+00  1.20588130468744E+00 -8.47581043238178E-01
  6.14646832534588E-01 -4.58303704544606E-01  3.42407736854552E-01 -2.41168446798226E-01  1.55379952911571E-01
 -9.10533723761842E-02  4.69669989870978E-02 -1.99808580675554E-02  4.91459785338128E-03 -8.59073387617447E-13
 -6.24228370183478E-12 -4.76089333670340E-12  5.89175401515142E-14  1.50797786321698E-12  3.66414778846348E-12
  1.95442262209345E-12  5.17713368944631E-14  1.04773774902856E-14 -2.00036146979709E-12 -1.45176234134992E-11
 -1.14362681638013E-11 -1.06395324258913E-12 -1.89398885804706E-12 -4.47157080758644E-12 -2.67445791064190E-12
 -1.75202451097777E-14 -2.73473178052393E-14 -1.00922741088813E-11 -7.32813914392926E-11 -5.65861812847590E-11
 -1.52731457947456E-12  7.68055728448820E-12  1.89367314100875E-11  9.54806442996148E-12  3.61158783873752E-13
  2.14044558213188E-14  9.58610339513852E-16 -1.78124227700460E-15  1.25713120462835E-15 -9.78226108042872E-16
  8.78215749458859E-16 -2.52568641646164E-15  2.31538710216400E-15 -1.25524222167483E-15 -4.26920647990696E-16
  9.29810606954993E-16 -2.40905857405517E-16 -1.16192590348843E-15 -7.26148790885177E-17  3.11017030382466E-16
 -7.64545037033796E-17  1.18684656071621E-15 -8.90881612657131E-16  1.41087759132388E-15 -1.07768430455274E-15
  7.66765144947221E-16
* ORBITAL    1   61
  1.25985207691439E+00 -9.86141124576237E-01  6.37212943793649E-01 -4.34665560283058E-01  3.10452964541193E-01
 -2.28336653863112E-01  1.71539342730383E-01 -1.28624563883665E-01  9.07504607704571E-02 -5.85186049400294E-02
  3.43063098692864E-02 -1.76994895297376E-02  7.53044911770656E-03 -1.85231618639974E-03 -2.34868344505914E-13
 -1.71779775603907E-12 -1.34178708099160E-12 -7.03302004914370E-14  1.92718628309089E-14  6.20977926416662E-14
  1.03943756353002E-14  2.55932935959590E-15  3.74527582418811E-18 -1.89764033251671E-13 -1.38950151232167E-12
 -1.09945130309733E-12 -1.11046849494585E-13 -2.04061831688514E-13 -4.97708748728728E-13 -2.86348016256668E-13
 -5.71985214526280E-15 -1.45820644884102E-15 -1.37663877583636E-12 -1.00992452919547E-11 -7.77132394970102E-12
 -9.08262819394473E-14  1.64188875918718E-12  3.99944049702197E-12  2.09075067010581E-12  6.53964589076266E-14
  7.69661979441502E-15 -7.04892336362745E-16  7.46038101223367E-16 -5.53195705188914E-16  1.31861562348351E-15
 -3.70319405639433E-16 -1.10424185874677E-15  3.44888675623800E-16 -2.11086288800817E-16 -7.01415720406743E-16
  2.19455214314901E-16 -8.11518198987404E-16  7.80115635528978E-16 -6.36354219134048E-16  1.54506656658954E-15
 -8.78609860918066E-16 -4.31843589434610E-17 -1.16581416122581E-16  2.56846858889090E-16 -6.10347540256753E-17
 -5.55680823420491E-18
#OCC
* OCCUPATION NUMBERS
  0.00000000000000E+00  0.00000000000000E+00  0.00000000000000E+00  0.00000000000000E+00  0.00000000000000E+00
  0.00000000000000E+00  0.00000000000000E+00  0.00000000000000E+00  0.00000000000000E+00  0.00000000000000E+00
  0.00000000000000E+00  0.00000000000000E+00  0.00000000000000E+00  0.00000000000000E+00  0.00000000000000E+00
  0.00000000000000E+00  0.00000000000000E+00  0.00000000000000E+00  0.00000000000000E+00  0.00000000000000E+00
  0.00000000000000E+00  0.00000000000000E+00  0.00000000000000E+00  0.00000000000000E+00  0.00000000000000E+00
  0.00000000000000E+00  0.00000000000000E+00  0.00000000000000E+00  0.00000000000000E+00  0.00000000000000E+00
  0.00000000000000E+00  0.00000000000000E+00  0.00000000000000E+00  0.00000000000000E+00  0.00000000000000E+00
  0.00000000000000E+00  0.00000000000000E+00  0.00000000000000E+00  0.00000000000000E+00  0.00000000000000E+00
  0.00000000000000E+00  0.00000000000000E+00  0.00000000000000E+00  0.00000000000000E+00  0.00000000000000E+00
  0.00000000000000E+00  0.00000000000000E+00  0.00000000000000E+00  0.00000000000000E+00  0.00000000000000E+00
  0.00000000000000E+00  0.00000000000000E+00  0.00000000000000E+00  0.00000000000000E+00  0.00000000000000E+00
  0.00000000000000E+00  0.00000000000000E+00  0.00000000000000E+00  0.00000000000000E+00  0.00000000000000E+00
  0.00000000000000E+00
#OCHR
* OCCUPATION NUMBERS (HUMAN-READABLE)
  0.0000  0.0000  0.0000  0.0000  0.0000  0.0000  0.0000  0.0000  0.0000  0.0000
  0.0000  0.0000  0.0000  0.0000  0.0000  0.0000  0.0000  0.0000  0.0000  0.0000
  0.0000  0.0000  0.0000  0.0000  0.0000  0.0000  0.0000  0.0000  0.0000  0.0000
  0.0000  0.0000  0.0000  0.0000  0.0000  0.0000  0.0000  0.0000  0.0000  0.0000
  0.0000  0.0000  0.0000  0.0000  0.0000  0.0000  0.0000  0.0000  0.0000  0.0000
  0.0000  0.0000  0.0000  0.0000  0.0000  0.0000  0.0000  0.0000  0.0000  0.0000
  0.0000
#ONE
* ONE ELECTRON ENERGIES
  0.0000E+00  0.0000E+00  0.0000E+00  0.0000E+00  0.0000E+00  0.0000E+00  0.0000E+00  0.0000E+00  0.0000E+00  0.0000E+00
  0.0000E+00  0.0000E+00  0.0000E+00  0.0000E+00  0.0000E+00  0.0000E+00  0.0000E+00  0.0000E+00  0.0000E+00  0.0000E+00
  0.0000E+00  0.0000E+00  0.0000E+00  0.0000E+00  0.0000E+00  0.0000E+00  0.0000E+00  0.0000E+00  0.0000E+00  0.0000E+00
  0.0000E+00  0.0000E+00  0.0000E+00  0.0000E+00  0.0000E+00  0.0000E+00  0.0000E+00  0.0000E+00  0.0000E+00  0.0000E+00
  0.0000E+00  0.0000E+00  0.0000E+00  0.0000E+00  0.0000E+00  0.0000E+00  0.0000E+00  0.0000E+00  0.0000E+00  0.0000E+00
  0.0000E+00  0.0000E+00  0.0000E+00  0.0000E+00  0.0000E+00  0.0000E+00  0.0000E+00  0.0000E+00  0.0000E+00  0.0000E+00
  0.0000E+00
#INDEX
* 1234567890
0 222222222s
1 ssssssssss
2 ssssssssss
3 ssssssssss
4 ssssssssss
5 ssssssssss
6 s
