#INPORB 2.2
#INFO
* RASSCF natural orbitals for root number  1 E=      -14.653837028037
       0       1       0
      61
      61
*BC:HOST dzemail-jasarevic-compchemp-comp PID 257364 DATE Fri Feb 13 17:18:22 2026
#ORB
* ORBITAL    1    1
  5.32257574048628E-05  4.17421699781839E-04  2.22261666172466E-03  9.54765415491598E-03  3.47840264509355E-02
  1.05936729665560E-01  2.45535830463482E-01  3.86475407082961E-01  3.12656720264412E-01  6.57165261711729E-02
 -4.69747612724681E-03 -5.92912870877133E-03 -2.89347895664417E-03  9.37564387318497E-05  1.50776519777596E-11
 -6.92400660545877E-11  6.39559800998313E-11 -6.67738498448743E-10  1.49553652159235E-10 -1.00015867353323E-10
  2.21331458030749E-10  4.17131763421344E-11 -1.48139246013270E-12  6.45003052537839E-12 -1.03578944876943E-11
 -6.58046560520868E-11 -1.92043292772990E-10  3.22487110306813E-12  1.67205663247934E-11  6.74110954724114E-11
  3.62173419138045E-11 -4.28973008802136E-13  4.96746037553156E-12  1.29344310983244E-11 -1.87988568132674E-10
 -1.55734405219367E-10 -4.22695901287064E-11  5.28249804753617E-11  1.01781782288575E-10  3.72344451267485E-11
  2.88365157430809E-12 -4.01633794473448E-14 -2.54619740452753E-14 -1.23715109158857E-13 -6.24986340275604E-14
 -2.87770438029941E-12  1.06684683878253E-12 -2.82266882803107E-12 -1.04942673666154E-13 -2.69200542784887E-11
  1.03520224639935E-11 -1.30993539164849E-11  4.74273539043484E-12 -1.13408458684140E-11  3.62597773819812E-12
 -1.13895153548346E-11 -8.07795733732349E-13 -4.72105863341369E-11  1.83953603150372E-11 -2.25440331513233E-11
  7.54764016779938E-12
* ORBITAL    1    2
 -9.35526424979044E-06 -7.34010070283086E-05 -3.91260574853299E-04 -1.68829676871527E-03 -6.22654521134854E-03
 -1.95984214243668E-02 -4.88361574120031E-02 -9.28798954497770E-02 -1.30277997274063E-01 -6.16760460959825E-02
  2.89046016963427E-01  6.24201143075686E-01  2.32613320378490E-01 -1.88090886219971E-03  4.28388651991997E-12
 -5.77597811110498E-10  2.60665452129723E-09 -8.79290742998916E-10  6.43244611285108E-09  1.82990873092742E-08
 -2.67885655103788E-08  2.42652856937329E-09 -1.61832204900061E-09 -8.45293703560791E-12 -1.91317009166883E-10
  7.98032677272518E-10  1.22564088855144E-09  2.65001922506931E-09  5.64389094946992E-09 -8.30542812258197E-09
 -1.01454907972728E-09 -5.23862561576516E-10 -2.03429997754418E-11 -1.28812102151916E-10  6.30496575077829E-10
  2.77280443450432E-09  4.69575362136693E-09  4.01215995178934E-09 -8.01975700654600E-09 -2.75570133756858E-09
 -8.20872587494189E-11 -8.55437352688555E-13 -5.79835212835520E-12  7.73337338275357E-12  6.68106817040589E-12
 -4.73040191726676E-12 -2.79312945924660E-11  8.11059314494495E-11  6.16155165813120E-11  6.60909175527390E-11
 -2.03624355122592E-10  3.45421390887652E-10  2.53016956934856E-11 -2.62880528605904E-11 -1.54281376300155E-10
  3.72968599855360E-10  2.82423473544175E-10  1.20309469430601E-10 -3.53320020226355E-10  5.71878455482441E-10
  1.04271032189906E-10
* ORBITAL    1    3
 -2.10551089518369E-12  2.87687425847528E-11  5.86604154323808E-10 -1.80399406213498E-10  1.50686364494589E-08
 -2.74496243106951E-08 -9.42289367618597E-08  7.95016852845188E-07 -2.00628652291764E-06  2.80293621639089E-06
 -2.47591627312837E-06  1.51522875106243E-06 -6.34969460508576E-07  1.25014112741891E-07 -5.48138267362107E-02
 -4.02377703645713E-01 -3.12403690135654E-01 -1.14205947801097E-02  2.94320954397479E-02  7.31062040618664E-02
  3.53558446328787E-02  1.64047240731623E-03  1.25897569390354E-05  1.56009307295210E-03  1.14523399432904E-02
  8.89152948666020E-03  3.25049447837539E-04 -8.37685832661836E-04 -2.08072489542187E-03 -1.00628612356731E-03
 -4.66898548266805E-05 -3.59485667335951E-07  5.73809940682730E-02  4.21222782558477E-01  3.27034898812025E-01
  1.19554703549663E-02 -3.08105267538653E-02 -7.65300822107995E-02 -3.70117110336032E-02 -1.71730241693061E-03
 -1.31793779387113E-05  4.64365761738539E-10 -1.64263045592701E-10 -3.02660926071859E-10  5.75675652162844E-11
 -5.41620107891242E-10  2.43283533604093E-10  2.84129004676473E-10 -6.39719623447395E-11 -1.43399787549951E-09
  1.64062490458058E-09 -7.33150227335158E-10  3.80265518409254E-11 -8.29220626017508E-10  1.71673137950250E-09
 -6.71078510579440E-10 -5.52656853488993E-10  1.34088807818464E-09 -2.02473014016044E-09  8.26927088418127E-10
  3.44699567753916E-10
* ORBITAL    1    4
 -5.89600371658204E-12  8.21055880869691E-11 -8.69813557094099E-10  3.64080377853001E-09 -2.14260194498430E-08
  7.45651947705956E-08 -1.74987278866052E-07  1.09330344960377E-07  1.99281447345820E-07 -4.80065847723683E-07
  5.12045307986330E-07 -3.60649234959310E-07  1.38761852246038E-07  6.69552466618035E-09  1.52787822978015E-04
  1.12158612683150E-03  8.70793078551755E-04  3.18337246178874E-05 -8.20389893603390E-05 -2.03775891304630E-04
 -9.85508161008618E-05 -4.57272108789576E-06 -3.49668807937603E-08  7.93441709911821E-02  5.82450248722083E-01
  4.52211066885786E-01  1.65315605689878E-02 -4.26035957468524E-02 -1.05822800693970E-01 -5.11783525387735E-02
 -2.37461352584864E-03 -1.82310167201666E-05 -2.01128222139423E-03 -1.47644368277074E-02 -1.14630252081489E-02
 -4.19055380202053E-04  1.07995252509668E-03  2.68248420975664E-03  1.29731160286838E-03  6.01947547462643E-05
  4.60560220336974E-07 -1.92158780182169E-09  2.92223157300722E-09 -1.20902440844116E-09 -4.95072446922381E-10
 -7.91333731530194E-10  5.65225705978345E-10 -3.04770318306618E-10  2.83595047304362E-10  4.45486070861517E-10
 -2.05328114702566E-10 -2.23945413077065E-10  4.90625221830593E-11  4.70863053353710E-11 -7.29917422863255E-11
  2.95247207515791E-11  1.34094257981936E-11  7.23157828192968E-10 -3.15321990478016E-10 -4.07192994210192E-10
  9.71136234919181E-11
* ORBITAL    1    5
 -8.61735019132268E-12  7.12978128390483E-11 -1.55108659405613E-09  4.18432325526341E-09 -3.75621060424462E-08
  1.07780461322498E-07 -2.06337777726633E-07 -2.78347186982202E-07  1.43723714296369E-06 -2.29007959397244E-06
  2.14234122269124E-06 -1.40810626419224E-06  5.91728299024661E-07 -6.36047924870048E-08  5.74019985653486E-02
  4.21376954458647E-01  3.27154577450037E-01  1.19598478992695E-02 -3.08217958906013E-02 -7.65580927091726E-02
 -3.70252551274860E-02 -1.71792587050494E-03 -1.31924249269022E-05  1.27855914421083E-03  9.38565374801631E-03
  7.28696598849612E-03  2.66391152892126E-04 -6.86517053131784E-04 -1.70523775705660E-03 -8.24691966044115E-04
 -3.82641145624917E-05 -2.94760108116022E-07  5.47991296797519E-02  4.02269797958314E-01  3.12319893956427E-01
  1.14175337235640E-02 -2.94241945117982E-02 -7.30865990673926E-02 -3.53463609523449E-02 -1.64002691493451E-03
 -1.25942057324569E-05 -5.56748238235424E-10  2.79251028709628E-10  2.72586563105235E-10 -7.84636739989294E-11
 -5.15072339123475E-10  2.31006463734751E-10  2.73481130057476E-10 -6.26861649275989E-11  1.63002131976881E-10
 -7.66161413153161E-10  2.66887661309345E-10  4.32242701124238E-10 -1.91193477340290E-09  2.43261641975324E-09
 -1.04709939820461E-09 -1.39330843946885E-10 -1.37753198496054E-09  2.10848034245239E-09 -8.80959475905139E-10
 -3.57201674385097E-10
* ORBITAL    1    6
  8.48102019820253E-05  6.92544703240903E-04  3.53054929199060E-03  1.69778537006241E-02  6.83180249639766E-02
  3.41023490772967E-01  7.41018553458643E-01 -1.92048460558720E-01 -7.93166606141403E-01 -1.81815863848527E-01
  7.95239293005373E-02  1.93479969825343E-01  7.02558010170511E-02 -2.61985148691777E-04  2.46609025884305E-09
  2.21159811078194E-08  2.78787979606360E-08  3.28907300928691E-09  6.70800933852832E-09  1.25267468504085E-08
  1.84591481890336E-09 -2.83877227585744E-09  4.66357454666800E-10  1.20413179977639E-09  8.67975824733660E-09
  8.59019582955966E-09  3.00382787412372E-09  7.05260788775206E-09  1.46187082183182E-08  6.47362610274619E-09
 -1.50033644640104E-09  1.08297319235328E-10  1.80117656615688E-09  1.08674910607944E-08  6.80321001712139E-09
  5.14556751566056E-09  1.41887165323144E-08  3.03922357021233E-08  1.28997310408243E-08 -8.60449221886978E-10
  2.43794162922023E-11 -1.43733693389212E-12 -1.42047384507384E-12  3.10457357722575E-12  1.93926883833282E-12
 -3.85943445512579E-11  6.74794217564784E-12  6.80433021677762E-11  2.04126876974812E-11 -3.99885835074358E-10
  2.47895468005793E-10  2.11944867133823E-10 -3.85875972557630E-11 -1.61475084745404E-10  1.68465628405179E-11
  2.83085874188501E-10  8.89411619210624E-11 -7.01382197063244E-10  4.38952160906266E-10  3.50410234160832E-10
 -3.07019271189054E-11
* ORBITAL    1    7
 -1.10077636769569E-11  7.16120927467436E-12 -5.95218230727086E-12  1.16301455136930E-10  1.76364051438594E-09
  2.13388096961032E-09 -2.01300979056247E-07  8.78855998630537E-07 -2.10034138365297E-06  3.13563252761834E-06
 -2.90639908507298E-06  1.66756112040993E-06 -5.10859620098582E-07  1.86998435006536E-08 -7.87844614362100E-04
 -4.99798130764297E-03 -1.42383347105161E-02 -3.44323067525808E-02 -1.53988721134774E-01 -3.70696017500742E-01
 -2.05914514473099E-01 -4.04334040966836E-03 -1.41051575870187E-03  1.49319581566453E-04  9.47262791209153E-04
  2.69858265189886E-03  6.52592916352695E-03  2.91853661657615E-02  7.02577308194461E-02  3.90268189800684E-02
  7.66330336624660E-04  2.67336623523519E-04  8.20426437163848E-04  5.20467599079281E-03  1.48271696973684E-02
  3.58562758522703E-02  1.60357019578290E-01  3.86026381920153E-01  2.14430237576980E-01  4.21055457093790E-03
  1.46884853703130E-03  1.41384950268904E-10  1.73933276823337E-11  1.06091246975800E-09 -7.53482924826720E-11
  2.16806681175922E-10 -1.36721380997050E-09 -1.53049711738041E-09  7.99586065064183E-10  9.19731662560218E-10
 -4.53900179408332E-09 -1.21733591034277E-09  2.03562798327693E-09  2.28762125048021E-09 -4.91620314574064E-09
 -1.88602328269165E-09  3.78652779259823E-09 -2.06646135637164E-09  5.98954277091662E-09  2.26490817617050E-09
 -3.79262991976978E-09
* ORBITAL    1    8
 -4.83322714154816E-13  7.27218670266763E-11 -5.58122074312730E-10  2.93969069907808E-09 -1.43502983571311E-08
  5.74163139796784E-08 -8.99775553025349E-08 -5.14735340197589E-08  3.89952635380731E-07 -8.33212367123504E-07
  9.97999973746635E-07 -5.43242080878491E-07  7.91575951801376E-08 -2.25959039824901E-08  5.84462949256725E-05
  3.70775524613262E-04  1.05627198954959E-03  2.55436317777101E-03  1.14236640859493E-02  2.75001090100472E-02
  1.52757818602282E-02  2.99956063062768E-04  1.04638241321098E-04  1.13578219326539E-03  7.20524545759097E-03
  2.05264641422980E-02  4.96387385829755E-02  2.21995166040143E-01  5.34407418074552E-01  2.96853044486956E-01
  5.82901484209057E-03  2.03344759988348E-03 -1.50589898040310E-04 -9.55322254724885E-04 -2.72153934027547E-03
 -6.58144855382885E-03 -2.94336602580551E-02 -7.08554500544391E-02 -3.93588401610546E-02 -7.72852122579244E-04
 -2.69605942623533E-04  2.93101851845781E-09 -8.41330144832687E-09 -2.97703201955333E-09  5.31337367560614E-09
 -3.10522418801436E-10 -1.37511471266677E-09  4.51463857308450E-12 -1.30214705583143E-10 -2.47123995433368E-10
  1.41642892479534E-09  1.32425498122027E-09 -7.97001567323357E-10 -3.99844539069342E-10  1.02296284815468E-09
  3.67781639415483E-10 -6.96533014048001E-10 -1.98324062894738E-10  1.17512359447748E-09  1.92687620102224E-09
 -8.34771685177638E-10
* ORBITAL    1    9
  3.73901182578630E-12  9.98049074764514E-11 -8.26958552160556E-10  3.98216390679637E-09 -2.16986809137014E-08
  8.56273398334567E-08 -6.39546854583731E-08 -4.71983511660505E-07  1.51917011840811E-06 -2.75196605229727E-06
  3.10499593692320E-06 -1.70479335389447E-06  2.63186125865164E-07 -1.75893084520557E-08  8.31853515055337E-04
  5.27716788587610E-03  1.50336778580322E-02  3.63556770611406E-02  1.62590455511026E-01  3.91402942823420E-01
  2.17416820190565E-01  4.26918953777852E-03  1.48932383614560E-03  6.16194684038557E-05  3.90905390423344E-04
  1.11361914767077E-03  2.69304364630878E-03  1.20438738489074E-02  2.89931361420364E-02  1.61051302511153E-02
  3.16239513730614E-04  1.10322563309368E-04  7.87603031662223E-04  4.99644864748074E-03  1.42339602196961E-02
  3.44217341281458E-02  1.53941444931302E-01  3.70582238027526E-01  2.05851318629019E-01  4.04208905684691E-03
  1.41009918706053E-03  4.13069721881378E-10 -1.62660798926710E-09 -1.67432679076007E-09  1.09437241231411E-09
  2.27157869983525E-10 -1.19847228059411E-09 -1.45200258222064E-09  7.67251499074500E-10 -1.45440699439500E-09
  2.30155731865758E-09  1.06202651079734E-09 -2.24527706555405E-09  1.82644869079347E-09 -6.93976995508212E-09
 -2.18987438806826E-09  3.65780107234792E-09  2.11465012565311E-09 -6.01434227913760E-09 -1.99038314656668E-09
  3.79081057480391E-09
* ORBITAL    1   10
  3.11565106115839E-15 -4.65833188733685E-13  1.23636636933915E-12 -1.55765700375158E-11  3.54831800000913E-11
 -2.68596909639170E-10  6.22516755521173E-10 -3.85272581429471E-09  1.03770166281733E-08 -1.49934661298372E-08
  1.98087239722151E-08 -2.35173826795826E-08  6.05989356191137E-10  2.18299785809985E-08  8.90375972118422E-05
  2.10691417081984E-04  4.02779199919390E-03 -4.53546308737022E-03  1.73123867577688E-02 -7.89019543975689E-02
  1.26822445135940E-01 -4.35500656268054E-01  8.84877452623180E-01  2.68698932037474E-05  6.35827731377124E-05
  1.21551278959644E-03 -1.36871794009887E-03  5.22455630031571E-03 -2.38111404047033E-02  3.82726528505068E-02
 -1.31425989193107E-01  2.67039539258436E-01 -9.96903127536788E-05 -2.35899148906522E-04 -4.50968867415182E-03
  5.07809898150476E-03 -1.93836907339036E-02  8.83420120854667E-02 -1.41995848543563E-01  4.87605212285970E-01
 -9.90746746848334E-01 -1.65970806432400E-11  7.35249623193575E-11 -1.60183902007168E-11  2.71939842253994E-10
  6.50878675617380E-12 -2.51610023539694E-11 -1.12295751237480E-11 -1.57124466265387E-10  3.27473427513772E-11
 -1.54501390379099E-10  1.59085037865675E-10 -6.06247326054815E-10  1.30929077851500E-11 -6.10016466694650E-11
 -1.71462141058067E-10  3.13398286812335E-10 -2.08713154746730E-11  9.98256168128564E-11  4.10189614203524E-11
  3.02085133907804E-12
* ORBITAL    1   11
  7.63562446138133E-14  1.18526399865150E-13  4.29527469496958E-12 -1.67692053343408E-12  9.01305590445095E-11
 -5.63507907915540E-11  1.38148662235802E-09 -1.31606483380276E-09  4.36904784161943E-09 -2.13630955775295E-08
  3.09629152720823E-08 -6.26202066916271E-08  1.94624154620320E-07 -2.16758563003802E-07  3.42085403918266E-05
  8.09484000165478E-05  1.54749097431725E-03 -1.74253918332938E-03  6.65147523133456E-03 -3.03143862724816E-02
  4.87255922766146E-02 -1.67320761710511E-01  3.39972775372252E-01 -1.31881384190215E-04 -3.12073824146882E-04
 -5.96591506630501E-03  6.71786565175427E-03 -2.56428851347839E-02  1.16868550354753E-01 -1.87847756294608E-01
  6.45057924552293E-01 -1.31066898531423E+00 -4.99337690415529E-06 -1.18159318973974E-05 -2.25885283335407E-04
  2.54356253617522E-04 -9.70907386423273E-04  4.42495252910930E-03 -7.11241290092938E-03  2.44235993219821E-02
 -4.96253948863676E-02  3.15120278638649E-11 -1.50379055927719E-10 -5.89865596284285E-11 -2.03488661581232E-11
  2.04751540005506E-11 -9.73371582437935E-11  2.00503984125010E-10 -6.07475669589846E-10 -1.93389121488970E-12
  5.03885310344643E-12 -2.08107496167129E-11  1.69118941611523E-10 -3.84290485475341E-12  1.83965061916763E-11
 -5.33978188238124E-11  1.49591159398817E-10 -2.30897245057787E-11  1.01866793207400E-10 -2.56559505470920E-11
  3.97773536551877E-10
* ORBITAL    1   12
  1.83926007135751E-13  1.00594841662407E-12  8.72639975083672E-12  1.96927612569765E-11  1.67606626520239E-10
  2.76719126180478E-10  2.49372848673798E-09  2.20001932698465E-09 -3.73387216450258E-09 -3.16138583887812E-08
  4.49783299860417E-08 -9.69365616355565E-08  4.20029622101463E-07 -5.12552068044822E-07 -9.74162992696089E-05
 -2.30518459792181E-04 -4.40681867622099E-03  4.96225879625186E-03 -1.89415262641068E-02  8.63268225504615E-02
 -1.38756739656266E-01  4.76482340284684E-01 -9.68146562390688E-01 -2.17524065772897E-05 -5.14732421652742E-05
 -9.84013042823503E-04  1.10803862273402E-03 -4.22951537881185E-03  1.92761973069741E-02 -3.09834447789232E-02
  1.06395294388489E-01 -2.16180600666770E-01 -9.28695842540438E-05 -2.19759462835202E-04 -4.20113904090850E-03
  4.73065507355163E-03 -1.80574676031795E-02  8.22976870116444E-02 -1.32280540131673E-01  4.54243459082006E-01
 -9.22960216088550E-01  1.61215569851520E-11 -7.08382784212924E-11  2.03658796826505E-11 -2.90820675948967E-10
  1.31347888858399E-11 -5.71723547374099E-11  5.99804079760909E-11 -3.56859130041196E-10 -9.56969580950295E-14
 -1.08644265426328E-12  1.79071294776949E-10 -3.98476414955365E-10  3.94703136762520E-11 -1.86891999711908E-10
  1.12345382813584E-10 -5.19850822661975E-10  2.36475130804934E-11 -1.12636070868138E-10 -4.26203763581985E-11
 -2.46684178209396E-11
* ORBITAL    1   13
  6.41961169977212E-07  1.59667925342526E-06  3.49788815508821E-05  5.39481393370133E-06  7.12372010002419E-04
 -1.28331778958447E-04  1.04659523719279E-02 -7.85570200392085E-03  3.44166514915759E-02 -1.77510031895448E-01
  2.81259962225286E-01 -6.49555511189354E-01  1.83757938257233E+00 -1.93618113270251E+00  7.10585194121527E-10
  6.23709700669371E-09  2.39217051622911E-08  3.55583822627191E-08  4.75918822075984E-08 -1.38903764704869E-08
  5.22624643145789E-08 -2.49278517763556E-07  3.04851868482650E-07  3.38445167594591E-10  2.93332738730088E-09
  1.18728905961148E-08  1.49975536625842E-08  2.22361160505821E-08 -2.94309975852597E-08  3.71063916043794E-08
 -2.18030709260764E-07  2.65272581130088E-07  2.79345557924460E-10  2.38475503029995E-09  1.00852387632006E-08
  1.10272717602703E-08  1.85606778854353E-08 -3.92318376413771E-08  4.12767452962351E-08 -2.50173482199691E-07
  3.05270691163564E-07 -7.51057199467701E-14  7.52855366316764E-14 -4.71891158642625E-13  4.38562694717716E-12
 -1.08141926778238E-12  1.62139874197261E-12  1.51776004342168E-12  5.42305443529913E-11 -7.96216962674770E-12
  4.40377241374895E-12  3.74502561392311E-11  1.01785268061979E-10 -4.75408180036224E-12  6.55971964806758E-12
  2.81438011091135E-12  2.37455363289426E-10 -1.43414248617167E-11  9.88987739484977E-12  5.54103109098310E-11
  2.04455174937847E-10
* ORBITAL    1   14
  3.81723603576864E-14  2.57197685375405E-12 -3.55735715184915E-12  8.18739317180377E-11 -1.23695012364299E-10
  1.38226278618741E-09 -1.59039448444108E-09  1.68484498399085E-08 -4.96159949090319E-08  7.96475396270024E-08
 -2.06067628517386E-07  5.38315065638267E-07 -6.81729755408832E-07  3.48822851958239E-07 -2.16777372554809E-06
 -2.24054935505629E-03 -2.70322266396689E-04 -2.19424456029584E-02  6.30744918714149E-02 -1.26623954207085E-01
  6.01082218792595E-01 -9.60589285913358E-01  3.79515662046497E-01 -5.34218672208067E-07 -5.52153035260888E-04
 -6.66173211363268E-05 -5.40741889926558E-03  1.55438545278008E-02 -3.12047590978292E-02  1.48128574608942E-01
 -2.36724224379837E-01  9.35264968654235E-02 -5.34399838211828E-06 -5.52339428903792E-03 -6.66398052936749E-04
 -5.40924392912042E-02  1.55491010468182E-01 -3.12152917325480E-01  1.48178571927874E+00 -2.36804125601751E+00
  9.35580667284067E-01  4.06014386928246E-11 -2.03293466826782E-10  2.03072691833015E-10 -1.60633343187592E-09
  8.06816795493147E-11 -4.07774027362581E-10  6.84285432427216E-10 -4.36379804686257E-09  8.70696425212471E-11
 -4.72791898458248E-10  1.58643492677151E-09 -6.16756931269044E-09  1.62633447417561E-10 -8.24007218673333E-10
  3.60241638259809E-10 -2.94700395972228E-09  4.19311582171416E-11 -2.08626922926639E-10 -1.32647290508007E-10
  1.16238599722677E-10
* ORBITAL    1   15
 -5.36811896153668E-14  3.12928371242160E-12 -1.04230967800365E-11  1.07310411863055E-10 -2.85121824687774E-10
  1.87175892199772E-09 -4.56312974839180E-09  2.53483408015521E-08 -7.01209311208934E-08  1.16498635910525E-07
 -2.02203373547038E-07  3.70239580114884E-07 -3.85299212108642E-07  1.58047011774381E-07 -5.25038066194510E-06
 -5.42662696401673E-03 -6.54723366142523E-04 -5.31447647105059E-02  1.52766877833122E-01 -3.06684138867396E-01
  1.45582549889099E+00 -2.32655423822784E+00  9.19189720516730E-01  1.42351998694299E-06  1.47130553024932E-03
  1.77513340297723E-04  1.44089860958889E-02 -4.14192391651250E-02  8.31503787310003E-02 -3.94713733847216E-01
  6.30791884783402E-01 -2.49217234508445E-01  1.98750210935823E-06  2.05421512069126E-03  2.47841579225650E-04
  2.01176128623939E-02 -5.78289290757212E-02  1.16093328772453E-01 -5.51093473114507E-01  8.80702297352821E-01
 -3.47953425574426E-01  3.69519149910017E-11 -1.86549371180848E-10  5.89207643836371E-10 -3.55908296537953E-09
 -5.37209394490146E-11  2.77510290072510E-10 -5.67269232925331E-10  2.92083359680470E-09 -1.02038984420684E-10
  5.22457953443522E-10 -3.91660826179114E-10  2.21348393151018E-09  5.66931733546045E-11 -3.15792276084959E-10
  1.40963240254376E-09 -5.32195208752497E-09  1.37307182177324E-10 -6.84711145421745E-10 -4.32748047610347E-11
 -1.64965511094747E-09
* ORBITAL    1   16
 -1.38928069786412E-14  1.70519610396547E-12 -4.74626875463028E-12  5.71285512456522E-11 -1.32042491418459E-10
  9.71996332795239E-10 -1.95159800545916E-09  1.32420634652560E-08 -3.90652240916946E-08  6.83695009559904E-08
 -1.44274379026275E-07  3.22551399401140E-07 -3.99585137358179E-07  2.10493223261304E-07 -1.13017154303079E-06
 -1.16810875202200E-03 -1.40932531890096E-04 -1.14396779626236E-02  3.28838387531060E-02 -6.60153033724056E-02
  3.13373760272285E-01 -5.00802500703139E-01  1.97860211188981E-01 -5.58849403911742E-06 -5.77608902931553E-03
 -6.96886554239182E-04 -5.65671676810443E-02  1.62604711877566E-01 -3.26433891097006E-01  1.54957730485871E+00
 -2.47637896770211E+00  9.78383417921632E-01  1.01711352805224E-06  1.05125408862813E-03  1.26834080976126E-04
  1.02952814143305E-02 -2.95942218698840E-02  5.94112978052109E-02 -2.82024633147497E-01  4.50703472693472E-01
 -1.78066774480221E-01  1.41123012074275E-10 -7.03584801304855E-10 -8.44103043236620E-11 -1.48496878464946E-09
  9.47301415639179E-11 -5.06942456699374E-10  1.32011641473092E-09 -5.19800705709354E-09 -7.99159922538702E-11
  4.07091823666144E-10 -6.06250448507845E-10  3.61656271092992E-09 -1.09927140350414E-12 -1.66975217449436E-12
  3.24895594717512E-10 -1.07374211765702E-09 -4.80220141363215E-11  2.41895246348079E-10 -6.13075702526281E-10
  3.83568437876884E-09
* ORBITAL    1   17
  6.43409321266399E-16  1.92137733660313E-15  4.74590757012287E-14 -3.07922838374618E-14  9.75789444105216E-13
 -1.39278569848211E-12  1.04264113676677E-11 -2.55924750329484E-11  1.01322538680113E-10 -1.89838203297598E-10
  5.74704116447652E-10 -1.67204722106921E-09  1.98592313625107E-09 -7.30300825749292E-10 -7.92835593675517E-15
 -3.68127922562321E-11  5.74071984298812E-12 -3.80120901124918E-10  9.99126923562478E-10 -2.37076703474913E-09
  7.61348446553285E-09 -1.02611491195959E-08  3.54644791759557E-09  2.17132088663978E-12  8.87166907078263E-12
  7.79669626085777E-11  3.50285915631606E-11  1.76490134901467E-10  1.46722201975630E-10 -1.50003862182764E-09
 -3.57617497721280E-10  1.87483000025087E-10  2.77204263343292E-12  7.19508778904372E-11  9.06283233786358E-11
  6.58295535559246E-10 -1.34531891657129E-09  3.77106370165729E-09 -1.36410360189985E-08  1.57211835181846E-08
 -5.36711933948059E-09 -4.39798398031651E-03  2.78326654445329E-02 -8.51752819470006E-02  4.50354071757789E-01
  4.63053511326079E-03 -2.93043665492872E-02  8.96790746871966E-02 -4.74167334854983E-01  6.85299613848905E-03
 -4.33692231839251E-02  1.32721237910172E-01 -7.01747602584862E-01 -4.35057346190349E-03  2.75326277184519E-02
 -8.42570875213394E-02  4.45499229077220E-01  3.33960418566478E-03 -2.11347031840099E-02  6.46777545156509E-02
 -3.41975857618518E-01
* ORBITAL    1   18
 -9.54557289547776E-16 -6.20973769823614E-15 -5.78453777558277E-14 -4.35365803812227E-14 -1.13163191998832E-12
  2.03784634867780E-13 -1.23258069546365E-11  1.52137534026527E-11 -8.50797507531560E-11  1.81732765936909E-10
 -4.38784185719007E-10  1.34601696415240E-09 -1.72583338936060E-09  6.16032276071017E-10 -7.90194208095843E-13
 -3.09331892382889E-12 -2.75345947347994E-11 -2.14955160175814E-11 -6.45624773955400E-12 -3.00936418926766E-10
  1.16283031113807E-09 -4.17970076544646E-10  1.09544452299198E-10 -4.49091259468621E-12 -5.72807535073156E-11
 -1.57198713767149E-10 -4.46816137966592E-10  5.24550096998165E-10 -2.10829666822235E-09  9.38307597458059E-09
 -8.51416657573110E-09  2.84284807324515E-09  2.99941565885421E-12  1.90994190537355E-11  1.07588269626404E-10
  1.07005993757604E-10  1.31079793576274E-10  3.37667219061254E-10 -2.71690498739011E-09  7.16317586784286E-10
 -1.73322125067164E-10  7.95705636186894E-03 -5.03562742912819E-02  1.54103453333966E-01 -8.14803498096033E-01
 -2.95459233935530E-03  1.86981536261076E-02 -5.72212715435925E-02  3.02550599655806E-01  2.02043579819713E-03
 -1.27863388947307E-02  3.91295624463239E-02 -2.06892861046031E-01 -5.75062483627108E-03  3.63928604242926E-02
 -1.11371731647489E-01  5.88864652821475E-01  2.93801148808953E-03 -1.85932216197856E-02  5.69001519869598E-02
 -3.00852718569269E-01
* ORBITAL    1   19
  3.85666880302070E-15  1.12557864642930E-14  2.60583809616577E-13 -1.74592025924742E-14  5.09245519944991E-12
 -4.60011875947821E-12  5.55061454503456E-11 -1.05513328049551E-10  4.64953069054697E-10 -9.32206113601736E-10
  2.55742738950984E-09 -7.56839339647235E-09  9.31571934536205E-09 -3.38123693412810E-09 -2.14120681038493E-12
  2.13952040632170E-11 -8.35459001051872E-11  2.96833051977388E-10 -1.11429694328655E-09  2.30115802323428E-09
 -6.02281169211007E-09  9.91540933012047E-09 -3.46726814989846E-09 -7.25372702198522E-13 -5.23046983438114E-11
 -1.87781900643415E-11 -5.11318449145884E-10  1.22093172727384E-09 -2.97189262678600E-09  1.00615065923731E-08
 -1.30623091193601E-08  4.50526846717836E-09 -3.70355843251206E-12 -1.50197704863704E-11 -1.35536398912284E-10
 -2.83905887270987E-11 -4.87007229034538E-10  5.20047994567439E-10  6.14121604043307E-10  2.38582554578849E-09
 -8.98800335264879E-10  4.46054064691576E-04 -2.82285556500155E-03  8.63868101967734E-03 -4.56759881756918E-02
 -3.26998595366565E-03  2.06941238214716E-02 -6.33294656805942E-02  3.34846942449038E-01  3.69245426038531E-03
 -2.33677167899079E-02  7.15113638669644E-02 -3.78107746267106E-01  6.99684405989615E-03 -4.42795655283742E-02
  1.35507125060539E-01 -7.16477646343673E-01  6.65930195722984E-03 -4.21434285111766E-02  1.28969983583833E-01
 -6.81913295914638E-01
* ORBITAL    1   20
 -1.49949070144684E-15 -6.18472930574777E-15 -1.15122366157154E-13 -2.98585919423988E-14 -2.25667385133139E-12
  1.47616811247130E-12 -2.45192771358134E-11  4.13803514966580E-11 -1.94520520799636E-10  3.93968789182215E-10
 -1.05017281643255E-09  3.13868973564019E-09 -3.89236180287632E-09  1.40802107883144E-09  1.95827449019466E-12
 -1.68198675151464E-11  7.51761037292182E-11 -2.34225997685880E-10  8.90841794837237E-10 -1.70433153488394E-09
  4.37986949521667E-09 -7.79120760361466E-09  2.73974713574373E-09  2.24148103785254E-12 -2.25389708882391E-11
  8.78033212969634E-11 -3.15556774654313E-10  1.19063180015669E-09 -2.50233756626657E-09  6.54514965394881E-09
 -1.06123375010938E-08  3.70624669841517E-09  1.06327922359364E-12 -1.09219713605661E-11  4.01204564120779E-11
 -1.34281862211384E-10  4.63276501240523E-10 -7.53533599142502E-10  2.02466534374100E-09 -4.07172087388692E-09
  1.44583107525442E-09 -4.68850182831940E-03  2.96712092173022E-02 -9.08017097895910E-02  4.80103133157789E-01
 -8.67757273210220E-03  5.49160660419287E-02 -1.68057616240610E-01  8.88584458268444E-01  2.59042017119924E-03
 -1.63934880838766E-02  5.01683883656223E-02 -2.65259327139500E-01 -2.51772007651850E-03  1.59334051402720E-02
 -4.87604134618239E-02  2.57814828961225E-01 -2.73799401328711E-03  1.73274099437472E-02 -5.30264350736292E-02
  2.80370905771896E-01
* ORBITAL    1   21
 -2.59247795284584E-17 -1.50970159418758E-16 -1.16324146771245E-14 -5.91198041232679E-15 -2.20437529861998E-13
  6.20696412147294E-14 -2.56767926349984E-12  2.90988578485394E-12 -1.63473677082620E-11  3.93473706008595E-11
 -8.37961470869643E-11  2.60617170595564E-10 -3.57139654818564E-10  1.24604437626477E-10 -5.95439931334496E-12
 -6.60878866882001E-11 -2.09967546536815E-10 -4.91706234353739E-10  4.34319065298749E-10 -2.18924656786990E-09
  1.04739565725621E-08 -8.60335858330952E-09  2.83972264284969E-09  1.74239204874436E-12 -5.67760116299247E-12
  6.53799733577973E-11 -1.12771170070083E-10  5.42028564599643E-10 -9.26337248871590E-10  1.99587095326060E-09
 -4.35888491775059E-09  1.54784676595452E-09  1.39972423575941E-12 -3.32791560963431E-11  5.79592941653272E-11
 -3.95877045717089E-10  1.26808543903100E-09 -2.81159086987263E-09  8.08967013484828E-09 -1.20105785579093E-08
  4.17460624471446E-09 -3.60417778475294E-03  2.28090586348792E-02 -6.98017228672142E-02  3.69068224863316E-01
 -1.28979540234051E-03  8.16247718984363E-03 -2.49793285940665E-02  1.32075199370768E-01 -6.81453653410077E-03
  4.31258313639897E-02 -1.31976394850084E-01  6.97809334483177E-01 -3.24595187426130E-03  2.05420240176055E-02
 -6.28640002364128E-02  3.32385849870179E-01  6.79708310735440E-03 -4.30153772630181E-02  1.31638376252238E-01
 -6.96022101669822E-01
* ORBITAL    1   22
  7.91796079997817E-07  2.27210693856533E-05 -4.62581167091313E-06  6.91508036467943E-04 -5.97681768076491E-04
  1.16166264604515E-02 -7.75553726432818E-03  1.15902871990716E-01 -2.87254433289765E-01  4.64767488260913E-01
 -1.77782944919105E+00  4.46132834646720E+00 -4.43863008100619E+00  1.40431211753928E+00 -1.89605537622728E-10
  4.69090122958759E-10 -5.59866669189133E-09  1.21398653145070E-08 -7.57344785674064E-08  1.40055501065975E-07
 -5.95347852932305E-07  4.84565619594921E-07 -1.47597813455317E-07 -4.02069017703455E-11  6.38227939090541E-10
 -1.18741401594563E-09  8.24248105672069E-09 -3.08639988500024E-08  6.78182232941398E-08 -2.71353320055166E-07
  2.22564316499022E-07 -6.75156609591461E-08  3.13949459721589E-11  1.62503073832034E-09  9.57930045767342E-10
  1.60346440431637E-08 -3.44353415097641E-08  9.92096318545048E-08 -3.62586013751119E-07  2.98441626693800E-07
 -9.06481538688824E-08  2.38723361506043E-13 -2.72084151121311E-12  7.54962648004388E-12 -2.88884573904229E-11
  4.05589295324098E-12 -3.92467608343159E-11  1.61176654748774E-10 -4.60985105558151E-10 -9.32788156080970E-12
 -8.64789359615933E-11  5.12775820315695E-10 -1.02640325081289E-09  1.68045531560331E-11 -1.69252402632644E-10
  6.68691622865095E-10 -1.95851107103998E-09 -1.52633394879501E-11 -1.59470556978941E-10  9.08612380030406E-10
 -1.95647187110655E-09
* ORBITAL    1   23
  5.17428747495824E-13 -6.42478688126924E-12  4.58325185224015E-11 -2.50060782323867E-10  1.11232022563276E-09
 -4.49761054879232E-09  1.83557821155298E-08 -6.88754105148755E-08  1.97870773867317E-07 -3.96824568756931E-07
  4.61596676429477E-07 -2.63923765465342E-07  7.01387207825392E-08 -2.19669001431180E-08  1.36235810308005E-03
  7.82140357225674E-04  6.25472188946720E-02 -9.49171120909647E-02  3.93367991811817E-01 -1.77583110299353E+00
  2.46825562943914E+00 -1.32635378729234E+00  3.52273234566290E-01  1.09497871947813E-04  6.28635190132134E-05
  5.02715661596525E-03 -7.62884669104631E-03  3.16164734819285E-02 -1.42730261846803E-01  1.98383040747634E-01
 -1.06604069809225E-01  2.83135312235413E-02 -1.40066539402885E-03 -8.04132861671058E-04 -6.43059448351512E-02
  9.75860267273128E-02 -4.04428859292670E-01  1.82576458192801E+00 -2.53765895873275E+00  1.36364869631476E+00
 -3.62178583921430E-01  9.06310609321825E-11 -2.98736238262794E-10  5.06580113000075E-09 -2.92071580406013E-09
 -9.42795440911699E-11  3.52545538800525E-10 -4.51179694889119E-09  2.67989367079778E-09 -3.61430797908017E-13
 -3.00886927629462E-10 -6.17550579082601E-09  3.35506973552137E-09  4.29514927181565E-11 -6.19650976336930E-10
 -4.65146063692244E-09  6.31507883350512E-10 -3.78958649148945E-11  6.12753737047699E-10  6.02721315046354E-09
 -1.99439037062123E-09
* ORBITAL    1   24
  7.21624946569454E-14 -1.31798389610516E-12  7.42764673566493E-12 -4.96300288908209E-11  1.95006222970757E-10
 -9.49139217181861E-10  3.11660873663536E-09 -1.05594694651872E-08  2.41701506690165E-08 -4.13414478013352E-08
  6.28507671497183E-08 -7.35604147964002E-08  3.45449073009274E-08  1.02047296675423E-08  4.82993320068325E-04
  2.77290241473379E-04  2.21747047176310E-02 -3.36507202458629E-02  1.39459744145762E-01 -6.29580837798132E-01
  8.75064322591261E-01 -4.70228799620679E-01  1.24890527154874E-01 -1.86863787894917E-03 -1.07279872379694E-03
 -8.57910292336306E-02  1.30190220125261E-01 -5.39551488411031E-01  2.43576579565933E+00 -3.38550925488298E+00
  1.81925363224026E+00 -4.83185085607994E-01  3.23701855757699E-04  1.85839766188475E-04  1.48614748753729E-02
 -2.25526939286839E-02  9.34658431594443E-02 -4.21944729027173E-01  5.86467624548075E-01 -3.15147080591359E-01
  8.37015611022836E-02  7.49442595164715E-11 -9.25625666068332E-10 -7.14790905501553E-09  2.06276078331856E-09
  6.26035756508332E-12 -5.76602216864113E-11 -1.54842826324198E-09  1.60275418280043E-09  8.33270177928624E-11
 -3.99171648759706E-10  2.82882515770984E-09 -2.17305809031692E-09 -2.92532692507718E-12  1.32052439614332E-10
  2.20462386179519E-09 -1.11222480453441E-09  1.17135731024076E-10 -2.67684056888313E-10  8.51763011812486E-09
 -4.55108606420874E-09
* ORBITAL    1   25
 -2.55845559766436E-13  1.87008901742584E-12 -1.95100473245645E-11  7.91127059705078E-11 -4.26656425759164E-10
  1.32155148436719E-09 -7.38983659408778E-09  3.40429152134179E-08 -1.20135326029713E-07  2.10626552106318E-07
 -1.40727639953581E-08 -4.37330538172320E-07  4.21626025810210E-07 -5.15397000859123E-08 -1.31930695254125E-03
 -7.57424459855650E-04 -6.05706970099080E-02  9.19176878044442E-02 -3.80937380321848E-01  1.71971400167826E+00
 -2.39025757408756E+00  1.28444037907807E+00 -3.41141241929654E-01 -5.71030342871351E-04 -3.27832728152399E-04
 -2.62165726336616E-02  3.97843621736355E-02 -1.64879602791441E-01  7.44336925725654E-01 -1.03456561846370E+00
  5.55939186581295E-01 -1.47654796905885E-01 -1.32786540808351E-03 -7.62337928319913E-04 -6.09636242332586E-02
  9.25139656885933E-02 -3.83408553537886E-01  1.73086993211985E+00 -2.40576337768633E+00  1.29277265314572E+00
 -3.43354254057581E-01 -7.73373819689086E-11  8.94856581193183E-11 -7.08614575398472E-09  3.58377494875398E-09
 -9.54415318066574E-11  3.44048524811970E-10 -5.23706143785366E-09  3.35992958604687E-09 -7.60879639163189E-12
  2.63915938360185E-10  2.51439054344991E-09 -4.98070978047837E-11  1.83189632295044E-11 -5.52461229800855E-10
 -8.09151424042076E-09  3.75270216469199E-09  6.85778280590679E-11 -7.11720227651694E-10 -4.27974294977657E-09
  9.93619126584797E-10
* ORBITAL    1   26
 -7.56698801936967E-15 -1.00187930889450E-13 -2.91399087932322E-13 -2.57853536088945E-12 -3.59378357096862E-12
 -3.55335921994278E-11 -1.40640657500783E-11 -2.76525820737399E-10  3.54194144817109E-10 -1.24307050605649E-09
  4.08489151670106E-09 -5.17772373566267E-09  2.88504395770895E-09 -7.46343700906721E-10 -5.82089006345717E-12
 -9.27127975207093E-12 -3.19260673130408E-10  5.47977210990466E-10 -1.93069172842197E-09  1.06344967649190E-08
 -1.07874810902872E-08  5.61108597197015E-09 -1.46274397166315E-09  1.15072831067473E-11  9.16413121771406E-12
  5.26349468802989E-10 -7.61271975527675E-10  3.19555961151839E-09 -1.32589036541731E-08  1.48455753503987E-08
 -8.04156507867744E-09  2.10759430274098E-09  5.65150459542011E-12  1.38788093839348E-11  3.04376277844278E-10
 -4.62435969779819E-10  1.80739464929568E-09 -9.99017064732258E-09  1.00778171536580E-08 -5.16539115949068E-09
  1.34462385089789E-09  6.83595738683281E-03 -2.24429502547743E-02  1.95867870823788E-01 -1.02021199130260E-01
 -9.94139377914510E-03  3.26383260506996E-02 -2.84846660450008E-01  1.48367354715741E-01  2.41716963631815E-02
 -7.93574547579753E-02  6.92581657991393E-01 -3.60743244652768E-01 -2.00848110418319E-02  6.59399100388957E-02
 -5.75481816593337E-01  2.99749748447645E-01  3.51425365581748E-02 -1.15375529009524E-01  1.00692462246115E+00
 -5.24474264131293E-01
* ORBITAL    1   27
 -4.41394920350959E-15 -3.99258077794771E-14 -1.09152864783959E-13 -1.03325508495241E-12 -1.31406274486049E-12
 -1.43053347433970E-11 -4.22974102646105E-12 -1.13110863075016E-10  1.51549818766893E-10 -5.26049545899612E-10
  1.71283986919823E-09 -2.18352616183178E-09  1.20261928377526E-09 -3.14207970831788E-10  1.03911163453042E-11
  1.09120313518411E-11  4.85413639728125E-10 -7.01404178303002E-10  2.93458058135246E-09 -1.27495571502488E-08
  1.40157247550139E-08 -7.51739177295671E-09  1.96793141370356E-09  1.27317749041708E-11  9.87136533381601E-12
  6.96919904665278E-10 -1.29435720075833E-09  4.27980334084836E-09 -2.29968046784309E-08  2.35988193738950E-08
 -1.24589823780487E-08  3.25292812642754E-09 -6.48718323559789E-12 -1.97829794527856E-13 -3.09303716937113E-10
  5.26879657123871E-10 -1.91447491619263E-09  8.31402187044741E-09 -9.20127550057049E-09  5.03379274485631E-09
 -1.32010088449572E-09 -4.15401867872577E-02  1.36379484670797E-01 -1.19023385892106E+00  6.19954079368918E-01
  2.20483409526959E-02 -7.23863229675372E-02  6.31742030159063E-01 -3.29053862620329E-01  1.04544373639329E-02
 -3.43226858265364E-02  2.99546686945940E-01 -1.56024120088286E-01 -4.75569084105180E-04  1.56132823781997E-03
 -1.36262850479511E-02  7.09748839488340E-03  6.85508244741808E-03 -2.25057392318148E-02  1.96415853292156E-01
 -1.02306625361027E-01
* ORBITAL    1   28
 -2.11085646850247E-15 -2.51393556339616E-14 -6.21636696852494E-14 -6.50964472118393E-13 -6.96509442213216E-13
 -9.13061352991249E-12 -1.16938896999347E-12 -7.43517825352549E-11  1.07634617209679E-10 -3.62692104619202E-10
  1.16715178703161E-09 -1.50763254614932E-09  8.15204558497296E-10 -2.15130524014735E-10  7.92983083972188E-12
 -1.73651311420689E-12  4.82521539546551E-10 -1.07300783691658E-09  3.02951682079364E-09 -1.77245380888889E-08
  1.78005012772125E-08 -9.43769479398185E-09  2.46395630831358E-09 -3.20907410808792E-12  6.16537856241529E-12
 -1.86021356320685E-10  4.51150706979688E-10 -1.20061447960497E-09  6.41736856640302E-09 -6.67392542619243E-09
  3.65316398439019E-09 -9.57005935011076E-10 -9.40068952981049E-12  2.03726192476038E-11 -4.96080895239940E-10
  1.15254115754779E-09 -3.21506679709944E-09  1.52120896921805E-08 -1.65141467121266E-08  9.23687130223495E-09
 -2.42594067593190E-09  1.14488049752502E-02 -3.75872677374690E-02  3.28037892462420E-01 -1.70864261756968E-01
  9.22387133801734E-03 -3.02826471683468E-02  2.64287785553874E-01 -1.37658905901547E-01  3.99744965921558E-02
 -1.31239208758851E-01  1.14537278292944E+00 -5.96587404976373E-01  1.16681127214605E-02 -3.83072711809563E-02
  3.34321627006745E-01 -1.74137254574610E-01 -2.04443113909522E-02  6.71201760953413E-02 -5.85782432031540E-01
  3.05115003792196E-01
* ORBITAL    1   29
 -8.89607836853846E-15 -1.11812778160794E-13 -3.02421539604011E-13 -2.95341498367857E-12 -3.45804875747207E-12
 -4.12533617974502E-11 -8.34003215664604E-12 -3.31229088245946E-10  4.62172426488790E-10 -1.59023173167458E-09
  5.12907865469956E-09 -6.55584080781640E-09  3.56330689300334E-09 -9.38699876631964E-10 -1.08962779932504E-11
  2.13963183640005E-11 -5.97999355470905E-10  1.40444593093132E-09 -3.86151107963947E-09  1.93352296442208E-08
 -2.05588485407043E-08  1.13701856728265E-08 -2.98238479801717E-09  5.30808941926657E-12  6.18867332095353E-12
  2.41814189766861E-10 -3.28053510669373E-10  1.45522250405569E-09 -6.07161540028240E-09  6.76676600416242E-09
 -3.63452012616653E-09  9.51812909650944E-10 -1.12196766269609E-11  3.81205826803465E-12 -6.39003835957429E-10
  1.35991446440124E-09 -4.01163665028603E-09  2.18789697824766E-08 -2.24618356413527E-08  1.20265750539121E-08
 -3.14389544839294E-09  2.80552105939133E-03 -9.21073172520898E-03  8.03854391450172E-02 -4.18701590009098E-02
 -8.79695379282509E-04  2.88810455193703E-03 -2.52055492978818E-02  1.31287502822733E-02 -7.32112802107504E-04
  2.40358011130041E-03 -2.09769265500102E-02  1.09261983227201E-02  4.22936758120777E-02 -1.38853244499190E-01
  1.21182326972579E+00 -6.31199300832488E-01  2.38808338027380E-02 -7.84025316074814E-02  6.84247692926793E-01
 -3.56402353503388E-01
* ORBITAL    1   30
  9.41682189875184E-16  1.80733542171691E-14  4.93215811253724E-14  4.60814458059226E-13  5.81385427524752E-13
  6.40159324271586E-12  1.76105531946405E-12  5.07581443547163E-11 -6.83149948722400E-11  2.38594352494375E-10
 -7.74147795769108E-10  9.84416892124830E-10 -5.40378406581253E-10  1.41810322896650E-10  8.99629186886732E-12
  7.31106795149880E-12  4.58595335541839E-10 -7.78414510146642E-10  2.80255542248552E-09 -1.37907958040130E-08
  1.45514348962475E-08 -7.74470016957392E-09  2.02457914792306E-09  8.02928601555806E-12 -2.27374546834184E-11
  4.55309857365329E-10 -1.16023290227446E-09  2.98462155913230E-09 -1.52057460952707E-08  1.61283597999238E-08
 -8.98720475255967E-09  2.35867673869641E-09  7.90665920062065E-12  1.62394802071117E-11  3.48864168792830E-10
 -3.75968323866432E-10  2.05004198126957E-09 -8.33263981181494E-09  9.31114208328052E-09 -4.90855964572419E-09
  1.28346136826246E-09 -2.13767753279886E-02  7.01815236928800E-02 -6.12499937028538E-01  3.19031282582173E-01
 -4.11997053805170E-02  1.35261659201855E-01 -1.18047818547007E+00  6.14872666584965E-01  8.72739972099238E-03
 -2.86526943816095E-02  2.50062588868387E-01 -1.30249463929648E-01  6.30114033963876E-03 -2.06871066041548E-02
  1.80543978321715E-01 -9.40394822665261E-02 -9.89827845889289E-03  3.24967752857225E-02 -2.83611294955616E-01
  1.47723893037373E-01
* ORBITAL    1   31
 -7.94082008383117E-06  5.39226202437108E-06 -4.90688108733454E-04  7.64393460713581E-04 -1.06318133654914E-02
  1.61064909990223E-02 -1.57191667518646E-01  2.58443507737038E-01 -9.53492607817055E-01  3.85546613276754E+00
 -6.94731135406868E+00  6.04017914634533E+00 -2.73030077067210E+00  6.75765016184220E-01  2.21488197803348E-09
  7.22340621813779E-09  6.97295945169840E-08  1.24959666803704E-08  6.76241564137475E-07 -6.90584152904588E-07
  7.18579117815079E-07 -2.90764730081216E-07  7.47879186222573E-08  4.69707804396750E-10  2.02610526446309E-09
  1.41610366432779E-08  1.01220054596377E-08  1.25556194246433E-07 -8.29676281507636E-08  1.23315904483136E-07
 -4.62759870823684E-08  1.17342978039382E-08 -1.12457255616111E-10  1.15271670525603E-09 -5.66231195147204E-09
  2.28145739432300E-08 -8.88334449042474E-08  2.35443720317598E-07 -1.28573683547028E-07  6.47359170401546E-08
 -1.66825023524549E-08  1.12029867979498E-13  5.32657317536260E-12  3.55580650073003E-13  2.96819496882372E-12
  1.10490428083839E-11  3.05095703267453E-11  1.22020998667023E-10 -4.83389861980418E-12  1.13831134125943E-10
 -9.75031005331104E-12  6.42715098176096E-10 -2.33586882234075E-10  4.39645568143799E-11  1.56948977941340E-10
  4.68405943084613E-10 -2.89430327067372E-14  1.97470179816559E-10 -1.00622744417629E-11  1.09039599117271E-09
 -3.61485497386371E-10
* ORBITAL    1   32
  1.20480781411543E-12  3.11217544068365E-11  1.12601494287445E-12  9.39764885961841E-10 -6.35499924945322E-10
  1.60040956014899E-08 -1.56144278283378E-08  2.20083804276984E-07 -5.48337503971831E-07  2.07195021444690E-07
  7.02593057512650E-07 -8.80718638319157E-07  3.85772081255887E-07 -7.89890523447530E-08  8.78932484429869E-04
 -4.75125317405883E-02  4.16483439257084E-02 -6.75360751520491E-01  2.27009794160086E+00 -2.53661269231665E+00
  1.52153163733195E+00 -6.74991215244017E-01  1.71951356183259E-01  3.17772705578946E-05 -1.71778604390953E-03
  1.50577025767697E-03 -2.44172511429509E-02  8.20739872771907E-02 -9.17096638235605E-02  5.50100351251300E-02
 -2.44038904471733E-02  6.21679564627261E-03 -8.73044382936736E-04  4.71942379302229E-02 -4.13693352688644E-02
  6.70836405844190E-01 -2.25489020560398E+00  2.51961953297808E+00 -1.51133866228667E+00  6.70469345028019E-01
 -1.70799427947660E-01  7.24511043114009E-10 -7.07724871694961E-09  5.80113626724921E-09 -2.10379643811289E-09
 -5.55683059372830E-10  5.18743245006434E-09 -4.36416368301859E-09  1.57777348360349E-09 -3.04669134125575E-09
  3.39021574043347E-08 -2.56827210177558E-08  9.31916019959464E-09 -3.08168225444945E-09  3.57203368749567E-08
 -2.70934558711308E-08  1.02039147997886E-08  3.80563518025493E-09 -4.33511432177589E-08  3.28427087020125E-08
 -1.21668481421662E-08
* ORBITAL    1   33
  1.14335032562887E-12  2.34179309730710E-11  1.53592999188800E-11  6.85914846745464E-10 -1.10445019292816E-10
  1.11662155309189E-08 -5.24334831922620E-09  1.69053031972595E-07 -4.74487070423324E-07  2.79891779302505E-07
  4.54823165222822E-07 -7.08173809717233E-07  3.27472122995903E-07 -3.10510810498280E-08  8.73458938065948E-04
 -4.72166515859508E-02  4.13889812663592E-02 -6.71154990513269E-01  2.25596106673638E+00 -2.52081610408855E+00
  1.51205639879642E+00 -6.70787746809989E-01  1.70880533786053E-01 -5.59240656406657E-05  3.02309129321014E-03
 -2.64996959030692E-03  4.29713456417308E-02 -1.44440078572786E-01  1.61397678370519E-01 -9.68108658993646E-02
  4.29478318653911E-02 -1.09407916834064E-02  8.77314305147236E-04 -4.74250613451247E-02  4.15716682963298E-02
 -6.74117404719126E-01  2.26591866370403E+00 -2.53194274594800E+00  1.51873047142626E+00 -6.73748539919614E-01
  1.71634784577449E-01  3.39048132948648E-10 -2.69792392221423E-09  2.47919266256174E-09 -8.73644821571285E-10
  5.39359513197824E-10 -5.01390548605390E-09  4.23701910791499E-09 -1.53533105570131E-09 -1.34508839917851E-09
  1.60998168378136E-08 -1.22085903091928E-08  4.71799319104922E-09  4.53473281769621E-09 -5.09608584395322E-08
  3.86078039385520E-08 -1.41331623936578E-08  3.84016182026947E-09 -4.36273584921480E-08  3.30955578254286E-08
 -1.22559518718428E-08
* ORBITAL    1   34
  5.26219126543557E-13  4.58619198802575E-12  2.13644895735092E-11  1.08969952909309E-10  4.09437099283066E-10
  1.35178502041976E-09  5.44610847930424E-09  3.28291393896184E-08 -1.12981172783405E-07  4.85371290198053E-08
  1.76935094403479E-07 -2.51610734453785E-07  1.08399174037822E-07  4.25021983235277E-09  1.69017897086717E-05
 -9.13661747420639E-04  8.00893873814159E-04 -1.29871264652346E-02  4.36537789730949E-02 -4.87788328834431E-02
  2.92589158670248E-02 -1.29800198383003E-02  3.30660873787209E-03  1.23757893873102E-03 -6.68999061720172E-02
  5.86428553528275E-02 -9.50940153919741E-01  3.19640607627272E+00 -3.57167152056710E+00  2.14238901318586E+00
 -9.50419778858884E-01  2.42115694913144E-01  6.20614359503008E-05 -3.35486139188459E-03  2.94079066297802E-03
 -4.76872420646978E-02  1.60291680613777E-01 -1.79110292759581E-01  1.07435390881765E-01 -4.76611472035149E-02
  1.21414884853758E-02  5.39930625380131E-09 -6.14234009492023E-08  4.65635616017090E-08 -1.72459902090771E-08
  1.05418509639748E-09 -1.09995950077066E-08  8.34052956890420E-09 -2.84913096778997E-09 -4.60496508447387E-10
  4.34386408230696E-09 -3.65014717491561E-09  1.32938852172141E-09  2.83854065737125E-10 -3.21782731597657E-09
  2.43796096005985E-09 -8.99727351318865E-10 -7.51982683770981E-10  6.91288191233562E-09 -5.85622513235191E-09
  2.10607165077444E-09
* ORBITAL    1   35
  2.08245267722717E-15  4.62104140701604E-15  1.06013293257005E-13  2.30137939657203E-14  2.06368224839210E-12
 -9.42443442513539E-13  2.59144356365621E-11 -2.99025423687751E-11  1.60216934967277E-10 -5.56045236190158E-10
  7.78782203088062E-10 -5.00411773455612E-10  2.52138802822339E-10 -5.63128596019197E-11  1.11117060314178E-11
 -8.29753547254656E-10  5.71430759527784E-10 -1.17218322893579E-08  3.74714744282824E-08 -3.99158880925579E-08
  2.40741245348488E-08 -1.05565730260935E-08  2.69229514701110E-09 -2.11506821320881E-11  1.24106533265695E-09
 -9.91178169459696E-10  1.74530784290207E-08 -5.72172683683984E-08  6.07977671563843E-08 -3.70113297366789E-08
  1.62158835603794E-08 -4.13710025748175E-09 -2.61461495141710E-12  3.88049350605575E-10 -1.84676527277435E-10
  5.51535720882984E-09 -1.69089472147901E-08  1.81144414675374E-08 -1.07190561740064E-08  4.70191504800366E-09
 -1.19826184111960E-09  5.40887487857121E-02 -6.82791635716314E-01  5.07227327228293E-01 -1.75943845397455E-01
 -7.86489771064476E-02  9.92828729294234E-01 -7.37545447855886E-01  2.55835155728408E-01 -2.13598291454610E-02
  2.69636717586324E-01 -2.00305780606477E-01  6.94808173840657E-02  2.81014308015284E-02 -3.54739614679205E-01
  2.63526407184505E-01 -9.14103932390888E-02 -5.56308542881617E-02  7.02258470540188E-01 -5.21688709122157E-01
  1.80960119173939E-01
* ORBITAL    1   36
  8.02550602541888E-16 -9.21180077582119E-16  5.11199437656230E-15  1.38241180080638E-14  6.18179344995056E-14
  1.51564961198987E-13  4.57612552718700E-13  2.69546892480428E-12 -1.28401506781137E-11 -6.41149287505163E-12
  4.79596455135251E-11 -1.56771397130384E-11  2.41792856870090E-11 -3.66475633404668E-12  1.26558224476586E-11
 -7.37661162449794E-10  5.88723166852595E-10 -1.03650755124811E-08  3.40621544253366E-08 -3.62005890053303E-08
  2.20369613579729E-08 -9.65106134349565E-09  2.46223951112622E-09  1.75376547123531E-11 -1.25064988252883E-09
  8.88010379007637E-10 -1.76610587215925E-08  5.66516074171611E-08 -6.03110632185645E-08  3.64412426754518E-08
 -1.59809784393971E-08  4.07599666944973E-09 -2.75430523937994E-11  1.61721045541448E-09 -1.30004990001696E-09
  2.27650866221595E-08 -7.44566668715322E-08  7.90867148977644E-08 -4.81645086980624E-08  2.11141700062799E-08
 -5.38686693983671E-09 -6.23347318608627E-02  7.86885156061892E-01 -5.84555571080961E-01  2.02766983368820E-01
  2.90567473024443E-02 -3.66799093427953E-01  2.72485065804606E-01 -9.45179167555482E-02 -3.60937513797038E-02
  4.55631015635076E-01 -3.38475883671312E-01  1.17408399253572E-01  6.72020520331991E-02 -8.48327980610129E-01
  6.30199773563835E-01 -2.18599759075725E-01 -5.38812672643764E-02  6.80172483852153E-01 -5.05281630574384E-01
  1.75268934301882E-01
* ORBITAL    1   37
  7.59467615000223E-15  1.24359318299745E-14  3.13470250234593E-13  3.01782036321447E-14  6.21833178128273E-12
 -3.43486962921714E-12  7.90445710747883E-11 -9.84045124489763E-11  5.18404897076947E-10 -1.72326922212283E-09
  2.34703803877056E-09 -1.51645790491580E-09  7.44904677041636E-10 -1.68480898262479E-10  2.82114284619199E-11
 -1.42676842941409E-09  1.28763553525236E-09 -2.00716429732987E-08  6.64515911736692E-08 -7.03798854283014E-08
  4.32055245707399E-08 -1.89582241054649E-08  4.83828730269041E-09 -8.19196677810311E-12  2.24359321274752E-10
 -3.21396894264147E-10  3.10467351155710E-09 -1.13576583937441E-08  1.18896195321161E-08 -7.58724607106606E-09
  3.32514483289605E-09 -8.49828357300124E-10  4.07112760054002E-11 -2.30199555327091E-09  1.91306519391335E-09
 -3.24203612428304E-08  1.06185947505982E-07 -1.12682705363694E-07  6.87764344913417E-08 -3.01678048483785E-08
  7.69737056539597E-09 -4.44901879972557E-03  5.61623792715417E-02 -4.17215033671386E-02  1.44720943532431E-02
  2.20664493793637E-02 -2.78556768362757E-01  2.06932243611220E-01 -7.17793634589572E-02 -3.87077700901697E-02
  4.88629192738270E-01 -3.62989331553237E-01  1.25911470859445E-01 -8.57540067141023E-02  1.08251937471606E+00
 -8.04174187838975E-01  2.78946916659963E-01 -6.39782456630636E-02  8.07632122919344E-01 -5.99967928229913E-01
  2.08113125497868E-01
* ORBITAL    1   38
  1.35759138677279E-15  2.07054422905048E-15  5.40579907003511E-14  7.88453408472673E-16  1.10288152899769E-12
 -6.83300169343350E-13  1.41294137795340E-11 -1.89601732561618E-11  9.93728899909187E-11 -3.08708081770815E-10
  4.03794322981227E-10 -2.68609478772625E-10  1.24354454604445E-10 -2.89486349288361E-11  1.47311755585719E-11
 -6.00877635344022E-10  6.30322865107808E-10 -8.40860652279025E-09  2.86983539071144E-08 -3.02963578588870E-08
  1.88121686056180E-08 -8.24869599172510E-09  2.10603999410361E-09  4.54349697258679E-11 -2.41843744475088E-09
  2.09737686659632E-09 -3.40314221122935E-08  1.12167125182760E-07 -1.18918995931361E-07  7.27968429818215E-08
 -3.19326117912479E-08  8.14857761159394E-09  1.59648783298282E-11 -8.10114312894165E-10  7.18266958017080E-10
 -1.13700687836175E-08  3.78393312842234E-08 -4.01156051054018E-08  2.45957338269896E-08 -1.07779343229915E-08
  2.75048414524896E-09 -8.11308690339956E-02  1.02415899830662E+00 -7.60819852201298E-01  2.63908435654737E-01
 -7.44490875141732E-02  9.39811243257346E-01 -6.98160200100972E-01  2.42173447120277E-01  2.31551751350067E-02
 -2.92300344539628E-01  2.17141972387177E-01 -7.53208503721468E-02 -2.79199661327894E-02  3.52448887672570E-01
 -2.61824688424628E-01  9.08201116700645E-02  3.37754663326758E-03 -4.26366045128097E-02  3.16735733367466E-02
 -1.09867311780514E-02
* ORBITAL    1   39
 -1.03601905826551E-15  2.46389346599650E-15  1.07347352662058E-14  5.25906446629827E-15  2.40173974420447E-13
 -1.02352509169509E-13  3.05182769753630E-12 -3.74249747302414E-12  2.10270867831252E-11 -6.58420336184020E-11
  8.48480034230066E-11 -5.44125396155011E-11  2.58907904468275E-11 -5.96875435044588E-12 -4.94741608677121E-11
  2.87982921999823E-09 -2.33884272561559E-09  4.05579900660753E-08 -1.32578417690608E-07  1.40772428387621E-07
 -8.57887109068909E-08  3.76207031912304E-08 -9.59842667811957E-09  5.03252382900226E-12 -2.43692634558947E-10
  2.27448138151934E-10 -3.42699322705615E-09  1.13946928450293E-08 -1.20578917541766E-08  7.42047947766371E-09
 -3.25670214732320E-09  8.31214805511254E-10  1.59183517858696E-11 -6.19001716617581E-10  6.85135415041994E-10
 -8.68209211264241E-09  2.96099726210436E-08 -3.11900641620880E-08  1.94537258399106E-08 -8.54521869105267E-09
  2.18210661114764E-09 -6.22541467934147E-03  7.85867887040648E-02 -5.83799869608576E-02  2.02504850362455E-02
 -1.98097961676285E-02  2.50069809946137E-01 -1.85770057341686E-01  6.44387565368166E-02 -9.82777910678448E-02
  1.24061390261388E+00 -9.21618310817109E-01  3.19685200082022E-01 -3.59146501290837E-03  4.53370123333623E-02
 -3.36796328298778E-02  1.16825805579480E-02  5.78737622548248E-02 -7.30571915283013E-01  5.42721996807183E-01
 -1.88256014558081E-01
* ORBITAL    1   40
 -1.22669949757740E-06  2.82293135864374E-04 -7.24812698463877E-04  9.44487668984683E-03 -2.20027470061849E-02
  1.67365281092965E-01 -3.36979082522711E-01  2.14858046450522E+00 -6.15986771262782E+00  8.44446640681321E+00
 -6.24638534804789E+00  3.17046335161448E+00 -1.40598551068352E+00  3.26945926789388E-01 -1.05307286837398E-08
  7.46619482443762E-08 -6.94515893660353E-07  2.70488630661407E-06 -2.81925300908674E-06  2.07846680681806E-06
 -1.00302204594024E-06  4.62696412914091E-07 -1.18854121751770E-07 -1.80234646304500E-09  1.24083654610670E-08
 -1.17767841560387E-07  4.54694760731967E-07 -4.83809707982138E-07  3.36087395145116E-07 -1.76356713648134E-07
  7.86762656904886E-08 -2.01068256499582E-08  6.08568354912996E-10 -4.96099340313834E-09  4.22995352089607E-08
 -1.72325281527976E-07  1.56976629652142E-07 -1.63121570812572E-07  4.77466927729116E-08 -2.83047145543777E-08
  7.31859456597986E-09 -5.69750446882419E-12  7.40847796711819E-12 -5.57024291614021E-12 -2.18110098255775E-14
 -1.34613395188137E-10  1.35858549885389E-10 -1.19467842997215E-10  1.30094549012117E-11 -1.25109762760839E-09
  1.09906697069074E-09 -7.68034307514110E-10  2.38104980587723E-10 -5.67025063159558E-10  5.83617375745308E-10
 -5.02849977669977E-10  5.34158601189484E-11 -2.19128507415428E-09  1.92206826944904E-09 -1.33096815665365E-09
  3.92734071145901E-10
* ORBITAL    1   41
  5.60428181164880E-15  2.28630539214694E-13 -1.79632223287262E-13  7.09396843399915E-12 -9.48310011432113E-12
  1.18177418439522E-10 -1.88534443193742E-10  1.46237620560083E-09 -3.58791801434616E-09  4.24921986225183E-09
 -2.95301999923552E-09  1.49054006534435E-09 -6.48843392560427E-10  1.51995014868682E-10 -7.02591166979973E-11
  3.46275362938056E-10 -4.28219391028315E-09  1.41422547943145E-08 -1.46391831943402E-08  7.92442243320857E-09
 -5.51525878121961E-09  2.12008862026616E-09 -5.56299516400389E-10  4.13522334826666E-12 -2.08828237916014E-11
  2.50286834894189E-10 -8.17503386545832E-10  8.22938981090416E-10 -4.91560531466253E-10  3.00942554060573E-10
 -1.23497093446125E-10  3.21979527982183E-11 -2.42415208248800E-11  6.91983296474808E-11 -1.47468390382382E-09
  3.96502851529166E-09 -4.18420759179647E-09  1.78124954000041E-09 -1.68075870095635E-09  5.56704445421480E-10
 -1.48570690703904E-10  9.03766879540020E-03 -7.40788543059236E-03  3.52995797178350E-03 -1.15835553515613E-03
  7.12135800358869E-03 -5.83714732086086E-03  2.78147993886738E-03 -9.12742505486778E-04 -9.19436880128384E-01
  7.53632736793848E-01 -3.59116229843244E-01  1.17843973197689E-01  6.89880742146078E-01 -5.65472979170447E-01
  2.69455551017990E-01 -8.84218258416659E-02  7.74289707082576E-01 -6.34660283519876E-01  3.02424240775662E-01
 -9.92404997676229E-02
* ORBITAL    1   42
  7.06168676107156E-15  2.64541869842762E-13 -2.16376150301337E-13  8.25516172680472E-12 -1.11971421000156E-11
  1.37678928907995E-10 -2.20996737614081E-10  1.70670906789062E-09 -4.19772632221489E-09  4.97186018424133E-09
 -3.45225856066947E-09  1.75607412520039E-09 -7.56465639225700E-10  1.77975545372408E-10  1.93348577633733E-11
 -4.24242648927112E-11  1.17551011095700E-09 -2.93085179701241E-09  3.11847418214585E-09 -1.17818081888320E-09
  1.28486208453666E-09 -3.99705456035291E-10  1.07509516467735E-10  3.46562870217096E-12 -1.68347851428547E-11
  2.09831098489927E-10 -6.73340938646596E-10  6.78658916254462E-10 -3.99323630033683E-10  2.49496775111123E-10
 -1.01226243982966E-10  2.64207853352058E-11 -6.52384882872600E-11  3.28518306281628E-10 -3.97650575903769E-09
  1.32574747088069E-08 -1.37109628985121E-08  7.49149219100685E-09 -5.15060430536113E-09  1.99272482387983E-09
 -5.22523253125156E-10  3.93693694912497E-03 -3.22698015694706E-03  1.53769985210616E-03 -5.04596130939167E-04
  2.30469720474676E-02 -1.88908591709888E-02  9.00175084338030E-03 -2.95392409742868E-03  7.07639038592642E-01
 -5.80028881637880E-01  2.76391636143838E-01 -9.06979018352859E-02  1.17361391428395E+00 -9.61973448398186E-01
  4.58393407202107E-01 -1.50421774075450E-01 -2.05638681869415E-01  1.68555390757704E-01 -8.03189318791208E-02
  2.63566535542024E-02
* ORBITAL    1   43
  7.18434785833665E-17  3.94981172150670E-14 -3.39779893374582E-14  1.22401604709633E-12 -1.69762302119784E-12
  2.04457092990438E-11 -3.31957141628009E-11  2.53944909334944E-10 -6.26230053926489E-10  7.42687016486800E-10
 -5.16011968390506E-10  2.65108638115853E-10 -1.12769020611212E-10  2.66645327207283E-11 -4.80678881776283E-12
  2.33772731889868E-11 -2.91107473699148E-10  9.36736590380210E-10 -9.46586300921038E-10  5.52593060158024E-10
 -3.48837127078725E-10  1.40782197816050E-10 -3.67635713005392E-11 -2.48655487560205E-11  1.65836004868993E-10
 -1.51792688912657E-09  5.79252441037187E-09 -5.92733982215448E-09  3.62500928990708E-09 -2.14325487997563E-09
  9.00835164240692E-10 -2.34227372482350E-10 -2.47139943337931E-11  1.25345909407224E-10 -1.49675637113823E-09
  4.90527416542935E-09 -4.94617007423977E-09  2.94226585570812E-09 -1.81104896574445E-09  7.41167407521466E-10
 -1.93277315686375E-10  2.55206895094803E-01 -2.09184855379389E-01  9.96794233274531E-02 -3.27097978725412E-02
  1.36205695816274E+00 -1.11643412966675E+00  5.31996018665415E-01 -1.74574467415710E-01 -4.93522913493201E-03
  4.04524804243028E-03 -1.92761560739739E-03  6.32546966994260E-04 -2.45405120604431E-02  2.01150657169212E-02
 -9.58510188130004E-03  3.14535071193222E-03  4.98811204887569E-04 -4.08859445341115E-04  1.94827075686817E-04
 -6.39324953948932E-05
* ORBITAL    1   44
  2.13202991931491E-14  8.16255487377561E-13 -5.85703481626514E-13  2.53017725050764E-11 -3.28019759921156E-11
  4.20427604944877E-10 -6.61560862021936E-10  5.18455519351336E-09 -1.26591826120974E-08  1.49757507176225E-08
 -1.04114383106775E-08  5.17642075344610E-09 -2.29795696431577E-09  5.34234117304479E-10 -3.10273813629203E-11
  1.30790907291690E-10 -1.89011041058223E-09  5.84617254639642E-09 -6.08976893803988E-09  3.07800375598882E-09
 -2.34132374213302E-09  8.59734803969663E-10 -2.26711709207963E-10  3.12530432026414E-11 -1.57181263536465E-10
  1.89385416245541E-09 -6.19415467381296E-09  6.26187874938919E-09 -3.68566222218176E-09  2.30072901145508E-09
 -9.34568628298090E-10  2.43888670367146E-10  4.66022282724690E-12  1.27151893106768E-11  2.82120465826647E-10
 -2.89670659185335E-10  3.57111300157038E-10  1.51102439301000E-10  2.08831472247190E-10 -1.66511817801148E-11
  6.14402104852393E-12 -2.81213486598972E-02  2.30501619099628E-02 -1.09837150620093E-02  3.60430555852284E-03
  2.93830179893485E-03 -2.40843115346803E-03  1.14765013948496E-03 -3.76601336987194E-04  7.57884860206968E-01
 -6.21213759983611E-01  2.96016789767193E-01 -9.71378950343377E-02 -2.58792012186731E-01  2.12123460151003E-01
 -1.01079708391715E-01  3.31693013481060E-02  1.13083789636000E+00 -9.26911327055741E-01  4.41685830398535E-01
 -1.44939183568588E-01
* ORBITAL    1   45
  6.37382582871606E-16  8.33839590785997E-15 -5.34749717182259E-15  2.76064558977701E-13 -3.45673997145863E-13
  4.58966786620421E-12 -7.08203490099736E-12  5.64881099232076E-11 -1.37558215288032E-10  1.62377937501116E-10
 -1.12718057801114E-10  5.51982496847068E-11 -2.49789536184018E-11  5.76358195759881E-12 -2.62154233634044E-11
  1.32056321572502E-10 -1.58816577083467E-09  5.19486226762292E-09 -5.24711979952260E-09  3.09839768713745E-09
 -1.92589546304090E-09  7.84068239860480E-10 -2.04569205784759E-10 -6.37058447791804E-11  2.79501383123123E-10
 -3.88111486720403E-09  1.22001139188122E-08 -1.26874220561277E-08  6.52914448755650E-09 -4.85288939647601E-09
  1.80299365924772E-09 -4.74837056449206E-10  5.07767809754473E-12 -2.46394362782862E-11  3.07670511552426E-10
 -9.90035294542819E-10  1.00185338199171E-09 -5.81823652898683E-10  3.69811129657492E-10 -1.48719099000804E-10
  3.88514580764384E-11  1.36196108980050E+00 -1.11635554946379E+00  5.31958574131433E-01 -1.74562179993814E-01
 -2.55278066150195E-01  2.09243191994029E-01 -9.97072215137753E-02  3.27189198466124E-02  2.06289921464266E-02
 -1.69089190835634E-02  8.05732948616967E-03 -2.64401227546072E-03 -8.71539594334005E-03  7.14372877429310E-03
 -3.40408373865549E-03  1.11704991184121E-03  1.87121346519374E-02 -1.53377328600646E-02  7.30863792148391E-03
 -2.39832917523950E-03
* ORBITAL    1   46
 -1.62248991447312E-12  1.70739663619059E-10 -4.92885853739231E-10  5.79618981532336E-09 -1.47647710918745E-08
  1.04907351207418E-07 -2.17415545756639E-07  1.25234836833634E-06 -3.55402074949863E-06  5.01421449445029E-06
 -3.99271800584587E-06  2.23120903198132E-06 -9.76069926245536E-07  1.86416865665786E-07  1.82097976551084E-02
 -5.54428536262316E-02  1.07064013486248E+00 -2.46941815856683E+00  2.25163676620745E+00 -1.39074353919319E+00
  7.98801411386561E-01 -3.34674130403899E-01  8.72648169186829E-02  2.82457694117076E-04 -8.59990798171209E-04
  1.66070233634236E-02 -3.83038929326779E-02  3.49258192069256E-02 -2.15722439424776E-02  1.23904503771127E-02
 -5.19123206818889E-03  1.35359150576189E-03  1.74092092325921E-02 -5.30053247891038E-02  1.02356975477797E+00
 -2.36085091214208E+00  2.15264421470974E+00 -1.32959990656656E+00  7.63682341172584E-01 -3.19960280410605E-01
  8.34282447691401E-02  1.67427368407817E-09 -1.26656152879585E-09  3.78050371677766E-10 -1.34883762193861E-10
  1.55624154770933E-09 -1.16216855153052E-09  3.39138407914957E-10 -1.27929045958909E-10 -1.20836286642739E-09
  1.46940132055233E-09 -6.47329036757869E-10 -7.53864915896840E-11  5.06470008545956E-09 -4.95069111295608E-09
  2.43474270014184E-09 -5.50172173987868E-10  4.13159455033217E-09 -4.22265356268855E-09  2.03576059093354E-09
 -3.23270453006793E-10
* ORBITAL    1   47
  1.02851221724545E-13 -1.72119762775537E-10  4.03778965256885E-10 -5.71677797725856E-09  1.27187624075088E-08
 -1.01463680683796E-07  1.79796174789374E-07 -1.23567462427538E-06  3.71046189220612E-06 -5.33567438761713E-06
  4.25368400017387E-06 -2.33135386920641E-06  1.01927237471933E-06 -2.23964893290067E-07 -1.74114906016218E-02
  5.30122730538886E-02 -1.02370389317371E+00  2.36116028694079E+00 -2.15292630651634E+00  1.32977414048902E+00
 -7.63782416775634E-01  3.20002205647558E-01 -8.34391730965055E-02  3.22279099955083E-04 -9.81233929643308E-04
  1.89483121951962E-02 -4.37040462700043E-02  3.98497255502660E-02 -2.46135385184388E-02  1.41372788587723E-02
 -5.92310146999392E-03  1.54442326896372E-03  1.82069550825455E-02 -5.54342012536167E-02  1.07047301274217E+00
 -2.46903267903268E+00  2.25128528340652E+00 -1.39052644015034E+00  7.98676717170406E-01 -3.34621883959158E-01
  8.72511900951557E-02 -1.46583536101584E-09  1.07319566609927E-09 -2.95142291242583E-10  1.18399909119644E-10
  1.62913282457282E-09 -1.21651403723345E-09  3.56187788867208E-10 -1.34656774072169E-10  3.53935917599973E-09
 -3.36478285362284E-09  1.68275208261990E-09 -4.54737433074576E-10  3.11120942026507E-09 -3.38278246514645E-09
  1.57789222156359E-09 -9.63367213073449E-11 -4.00277521615343E-09  4.07661122928279E-09 -1.95768587356963E-09
  3.13213279077995E-10
* ORBITAL    1   48
 -1.01689102403736E-12  4.76783490752373E-11 -1.71946156615777E-10  1.66733646169351E-09 -4.93663028530445E-09
  3.10156929756704E-08 -7.42842098825882E-08  3.52405247055585E-07 -9.32017254701354E-07  1.29265475664135E-06
 -1.03962334036896E-06  5.92553143018757E-07 -2.51412040640597E-07  3.71098166006264E-08  1.85727774081487E-05
 -5.65480233484177E-05  1.09198149000664E-03 -2.51864161990728E-03  2.29651912355288E-03 -1.41846556164391E-03
  8.14724111902288E-04 -3.41345230324054E-04  8.90042331485954E-05  2.51907419453354E-02 -7.66975506191080E-02
  1.48108289347488E+00 -3.41609912855437E+00  3.11482859220652E+00 -1.92390164980193E+00  1.10503146440917E+00
 -4.62975447235394E-01  1.20718822634666E-01 -4.28136915221757E-04  1.30353673131850E-03 -2.51721954578400E-02
  5.80593531566938E-02 -5.29390189008607E-02  3.26982571109804E-02 -1.87808990026826E-02  7.86863972079165E-03
 -2.05171268280727E-03  5.75072733132256E-09 -5.86771953207858E-09  2.82429645490133E-09 -4.50615950716135E-10
  1.47243832303622E-09 -1.21193697787379E-09  6.61568716440466E-10 -3.28155231491535E-10 -1.31821142781024E-09
  9.86206873902434E-10 -2.90648065492462E-10  1.10138996256466E-10 -9.64982853471948E-11  9.87683337919591E-11
 -4.71403984975282E-11  7.21533601764347E-12 -2.22333190583344E-09  1.65730061385229E-09 -4.76635338114798E-10
  1.78962004037565E-10
* ORBITAL    1   49
  1.03156819700523E-04 -4.50351719376221E-04  7.28388267481295E-03 -2.28814268494597E-02  1.73284615717725E-01
 -4.84816538944181E-01  3.20471150805694E+00 -7.03751711998533E+00  7.58164076892807E+00 -5.09784089585927E+00
  2.95242551161183E+00 -1.56450989483493E+00  5.99949949742919E-01 -1.51659843531042E-01 -2.43530214393531E-09
  4.14912920021723E-08 -1.26781981545188E-07  9.71360461943975E-08 -8.12139289004982E-08  8.95300230239630E-09
 -3.72717640249928E-08  1.03323871063841E-08 -2.79509570478283E-09  1.58829928114659E-09 -3.10957383070084E-08
  8.67602785246605E-08 -7.12434100522691E-08  4.53422753065666E-08 -3.12871285207543E-08  1.45230881465963E-08
 -6.22446204448510E-09  1.75410025524789E-09  3.12199202231227E-09 -5.89997424043022E-08  1.68586160551935E-07
 -1.36738718686202E-07  8.95958942309453E-08 -5.55033694083548E-08  3.08540658025520E-08 -1.26520040719139E-08
  3.46617417983851E-09  7.25168306422509E-13  4.44820674870190E-13 -1.12354121631655E-12 -6.83202807623142E-13
  2.00312526683952E-11 -6.66287668138775E-12 -2.31295679943373E-11 -7.53452613741936E-12  2.04260724103598E-10
 -1.36521242044687E-10 -5.60580209124179E-11  7.92199225665503E-12  8.35565090300974E-11 -2.30441829969170E-11
 -9.65899343963379E-11 -3.26774289674741E-11  3.58244881457451E-10 -2.41007139266200E-10 -9.05363947143347E-11
  6.11827253122669E-13
* ORBITAL    1   50
 -5.64646835927121E-13  5.53530308491375E-11 -1.65247627448434E-10  1.93188535780339E-09 -5.54054585840482E-09
  4.01907002275744E-08 -5.36956858650176E-08  1.97383110676632E-07 -5.89430819885882E-07  9.06103979103630E-07
 -8.14171737169824E-07  5.14835083319630E-07 -2.20210214690229E-07  2.77586811168684E-08 -4.54643128646874E-02
  1.21459975019245E+00 -1.98962590727516E+00  1.52295167319976E+00 -9.83271280688954E-01  6.20216412458859E-01
 -3.16615744425250E-01  1.44159625641254E-01 -3.78617803762248E-02 -1.07826499867014E-03  2.88063391823655E-02
 -4.71874283013281E-02  3.61194395656617E-02 -2.33199835520052E-02  1.47095077312331E-02 -7.50909141998398E-03
  3.41899531039001E-03 -8.97957487165648E-04 -4.36167059605418E-02  1.16524009329763E+00 -1.90877025740789E+00
  1.46106101989510E+00 -9.43312493515126E-01  5.95011673780621E-01 -3.03748917702584E-01  1.38301177390692E-01
 -3.63231299121333E-02  2.19009515428279E-10 -1.10049941778537E-10 -7.84107636809271E-11  2.37638970919737E-11
  2.02856628974083E-10 -9.18472145165595E-11 -8.08609031850759E-11  1.90689421442405E-11 -7.66458404751419E-11
  2.77047446493779E-10 -1.11148005112007E-10 -1.26962017395447E-10  7.44467260200880E-10 -8.72243998187272E-10
  3.87385231192319E-10  2.74803627349561E-11  5.43016431702074E-10 -7.55090694548126E-10  3.32227426127168E-10
  9.52359306475062E-11
* ORBITAL    1   51
  7.35988180624125E-12 -7.63906105966596E-11  6.24321585792048E-10 -3.12873695402358E-09  1.61334752570689E-08
 -6.38666219643952E-08  2.61443428506568E-07 -6.90623412717096E-07  1.15963924545602E-06 -1.33403264850934E-06
  1.07751075174170E-06 -6.35003711956773E-07  2.65901159514602E-07 -5.51763979176522E-08  4.36298424580587E-02
 -1.16559103499598E+00  1.90934511737484E+00 -1.46150104093580E+00  9.43596583102164E-01 -5.95190869921009E-01
  3.03840395314708E-01 -1.38342830505751E-01  3.63340715860591E-02 -1.30948426325835E-03  3.49834667082809E-02
 -5.73061298683155E-02  4.38647615329896E-02 -2.83206363526367E-02  1.78637613761748E-02 -9.11931379410733E-03
  4.15215233166449E-03 -1.09051229751538E-03 -4.54456335705638E-02  1.21410071834909E+00 -1.98880843192660E+00
  1.52232593628368E+00 -9.82867279437137E-01  6.19961582622387E-01 -3.16485655019221E-01  1.44100396046159E-01
 -3.78462265983066E-02 -1.81930572452206E-10  6.65640759761512E-11  9.22727803513900E-11 -1.78759676781728E-11
  2.12263410645447E-10 -9.62187125283009E-11 -8.35145286350529E-11  1.93238441454954E-11  5.52838198959093E-10
 -5.86332962332657E-10  2.66350264224699E-10 -2.16832818568380E-11  3.37575155426908E-10 -6.17068758025422E-10
  2.62160810654766E-10  1.57489620010307E-10 -5.31724402421163E-10  7.29393595627559E-10 -3.14323148836267E-10
 -9.25635755905590E-11
* ORBITAL    1   52
  1.84749617228779E-12  1.23109874115244E-11  8.18707231838823E-11  2.96464602481157E-10  1.28197264594585E-09
  6.80084814633098E-09  4.50949452646570E-08 -9.48234369612246E-08  1.01715340400809E-08  1.26721009714479E-07
 -1.55809788400902E-07  1.09738838470661E-07 -4.43176141609658E-08 -2.16768431356201E-09 -1.28751376479449E-04
  3.43965134574854E-03 -5.63446448339184E-03  4.31287960878817E-03 -2.78454705344228E-03  1.75640416394893E-03
 -8.96630914182220E-04  4.08248773117334E-04 -1.07221638989771E-04 -6.29897316321279E-02  1.68279924782781E+00
 -2.75657955652211E+00  2.11001343151980E+00 -1.36229903399998E+00  8.59295135101144E-01 -4.38663599621931E-01
  1.99729743361913E-01 -5.24566001791342E-02  1.69139819821184E-03 -4.51864692291701E-02  7.40195824261360E-02
 -5.66580105185752E-02  3.65804079908121E-02 -2.30737640797431E-02  1.17789803974762E-02 -5.36313674373096E-03
  1.40856337295755E-03  7.59641776522533E-10 -1.04943460270654E-09  4.57555943612505E-10  1.32388750574996E-10
  2.95599080415162E-10 -1.98505756161831E-10  1.01406319437187E-10 -9.00847439650675E-11 -1.75108239842111E-10
  8.11729632646430E-11  6.56655120657097E-11 -1.47404397896449E-11 -1.97510416562456E-11  2.77722063956931E-11
 -1.19074797953871E-11 -3.83950334782208E-12 -2.83905016788748E-10  1.25461934686333E-10  1.20790095366238E-10
 -2.97177361029738E-11
* ORBITAL    1   53
 -1.12892523133404E-04  3.55112680400776E-03 -1.52040171546371E-02  1.32586849020725E-01 -4.61400443871915E-01
  3.27078038624360E+00 -5.68486844750090E+00  5.32504208807316E+00 -3.73806468635439E+00  2.42648698926247E+00
 -1.38719995308508E+00  6.77844805720166E-01 -3.03031384262656E-01  7.22851539819243E-02  4.59187146031367E-09
 -4.76404633111670E-08  4.36823604116981E-09 -1.71646908973918E-08  1.67151303393748E-09 -2.38713309344737E-08
 -6.40564029295000E-09 -1.24424020113309E-09  2.49010246135981E-10  2.28360880065054E-09 -2.31093969130291E-08
  2.65106795081568E-09 -8.60611528924400E-09  4.17727948882305E-10 -1.26319515792451E-08 -3.74567152377127E-09
 -5.97981967559711E-10  1.36012913837845E-10  1.23789679287372E-09 -1.20823360584897E-08  1.80502481731669E-09
 -5.13439081066540E-09 -1.52782958771392E-09 -1.07155258898998E-08 -3.81037080809273E-09 -3.33717184673321E-10
  7.28314366863449E-11  1.82985992744968E-13  1.55357678893107E-13 -3.54191676651184E-13 -2.17811735615344E-13
  4.84061388925272E-12 -1.05035825877993E-12 -7.66506756462501E-12 -2.30954123927356E-12  4.98962211585133E-11
 -3.15256404558622E-11 -2.27223970174616E-11  4.02583981785780E-12  2.02681146154387E-11 -3.06926488593123E-12
 -3.19135749333920E-11 -1.00515140360473E-11  8.75074818158314E-11 -5.57634416875893E-11 -3.74259486388546E-11
  2.86615416737483E-12
* ORBITAL    1   54
  7.11153925102468E-14 -1.06256482104173E-11  2.71996606929997E-11 -3.74123897107475E-10  5.64300558916640E-10
 -1.25501945708640E-08  2.41973970496847E-08  2.46865991319083E-09 -7.14638917056886E-08  1.25984874645526E-07
 -1.19408674216337E-07  7.82160376429101E-08 -3.31020706515571E-08  3.55008785120682E-09  9.42016743443027E-01
 -9.41905271996320E-01  7.30893788748085E-01 -5.28793398049246E-01  3.46461097582398E-01 -2.07332698316601E-01
  1.20171783801775E-01 -5.21458193288468E-02  1.38446311380091E-02  3.28416706836786E-02 -3.28377843894027E-02
  2.54812594755349E-02 -1.84354033674314E-02  1.20787250570849E-02 -7.22827086494341E-03  4.18956687759707E-03
 -1.81796753177374E-03  4.82667495231274E-04  9.05345897249305E-01 -9.05238765165485E-01  7.02441541059457E-01
 -5.08208518317466E-01  3.32974053187821E-01 -1.99261646987470E-01  1.15493734254397E-01 -5.01158858730530E-02
  1.33056870636169E-02  3.38596717151408E-11 -1.87660272008753E-11 -1.32870723328377E-11  4.11859291307724E-12
  3.10682462480389E-11 -1.48495938670644E-11 -1.39950595175334E-11  2.92931655006341E-12 -8.27922951618124E-12
  4.25321934219848E-11 -1.46564935554697E-11 -2.37322924892589E-11  1.12392265373816E-10 -1.42010876689722E-10
  6.26501500493620E-11  5.84699008629732E-12  7.94556824340638E-11 -1.21053221649009E-10  5.19277746882372E-11
  1.82109756662221E-11
* ORBITAL    1   55
  5.02447318014169E-13  5.11119872923176E-14  3.20303918108885E-11 -3.28305374213812E-11  1.06642482109269E-09
  2.59927212670609E-09  1.41478972643939E-09 -4.33279475567558E-08  1.15465426287127E-07 -1.61696204526504E-07
  1.42221785285329E-07 -8.67306262176745E-08  3.63561290950487E-08 -7.21466674461613E-09 -9.05905389428722E-01
  9.05798187899167E-01 -7.02875640326611E-01  5.08522583792595E-01 -3.33179826793724E-01  1.99384788056557E-01
 -1.15565107788007E-01  5.01468564800980E-02 -1.33139093593994E-02  4.57888363936072E-02 -4.57834178402733E-02
  3.55267316143155E-02 -2.57031889542638E-02  1.68405185812724E-02 -1.00778707298100E-02  5.84121904138294E-03
 -2.53466451661266E-03  6.72949391145881E-04  9.40937895139590E-01 -9.40826547992335E-01  7.30056729181434E-01
 -5.28187794452152E-01  3.46064311535287E-01 -2.07095249666656E-01  1.20034156484808E-01 -5.20860987825910E-02
  1.38287750490402E-02 -2.59500912945692E-11  8.06346940769455E-12  1.70022817435144E-11 -2.45893435398821E-12
  3.27240184840381E-11 -1.57317846538738E-11 -1.43030371454693E-11  2.85027187001582E-12  8.42191424755530E-11
 -9.61415471125232E-11  4.43237770940098E-11 -3.50980920158366E-12  4.67831707929211E-11 -9.72007455329104E-11
  3.85843779502896E-11  2.96320310043648E-11 -7.89595125693659E-11  1.17609797307537E-10 -4.86882831844189E-11
 -1.78093181005331E-11
* ORBITAL    1   56
  2.09717503610421E-13 -7.72852252194766E-12  2.99914381534663E-11 -2.80893857898164E-10  7.72561362528076E-10
 -8.17331748859478E-09  1.75896257780677E-08 -1.43039915141029E-08 -5.42873831760216E-09  2.48731229230635E-08
 -2.80605164959719E-08  1.98183628251055E-08 -7.70522906753924E-09 -3.61901178580941E-10  8.07432650881413E-03
 -8.07337095178191E-03  6.26472418799827E-03 -4.53245715306531E-03  2.96962876620262E-03 -1.77711480855495E-03
  1.03003075513214E-03 -4.46958468253254E-04  1.18666741839919E-04  1.30573738686016E+00 -1.30558285699290E+00
  1.01309806635000E+00 -7.32965003738312E-01  4.80232660048861E-01 -2.87385608012079E-01  1.66571126994223E-01
 -7.22797613588145E-02  1.91901601452089E-02 -5.57673571821533E-02  5.57607573816293E-02 -4.32688857588333E-02
  3.13045498716333E-02 -2.05104844325965E-02  1.22740882533878E-02 -7.11416522900420E-03  3.08703054083258E-03
 -8.19601559465546E-04  1.11894172969546E-10 -1.68619608592932E-10  7.11790002474749E-11  2.53833547287415E-11
  4.66729880481781E-11 -3.40460744433277E-11  1.93141704533974E-11 -1.65385702648598E-11 -2.76434614519253E-11
  1.39501519931057E-11  1.09514592674107E-11 -2.09860260764717E-12 -4.46747881487284E-12  6.98334917627208E-12
 -2.89914100828004E-12 -1.20275107798100E-12 -4.23562502021841E-11  1.90985378853086E-11  2.14060410105593E-11
 -4.70187763111412E-12
* ORBITAL    1   57
  9.90232650297982E-04 -7.64184863501758E-03  8.11514764137813E-02 -3.75382342072610E-01  2.87997263925249E+00
 -4.33896302074652E+00  3.84091492166518E+00 -2.88791334312324E+00  1.99822578774530E+00 -1.25334896918555E+00
  7.25857530329835E-01 -3.74805305273225E-01  1.56968116052088E-01 -3.87557665268199E-02  1.88463281405996E-09
  6.40398515309581E-09  4.68776247313025E-09  3.89090683006176E-10  1.01944232128166E-09  2.32135107049249E-09
  1.46462484850267E-09  4.32993615215578E-11  9.57802197411333E-12  5.35189252591668E-10  1.84054061473808E-09
  1.35679794021712E-09  9.09406193385365E-11  2.31268558260411E-10  5.42321306297862E-10  3.53031057466751E-10
  2.15247154351728E-11  3.08877732636402E-12  2.84230724014451E-11  1.41679145655381E-10  1.00837365859018E-10
 -6.93219500236953E-11 -2.94039326943078E-10 -6.38836611776463E-10 -3.03937214600270E-10  8.39966082880185E-12
 -1.29483707211266E-12  1.89857710586141E-14  1.91754153621053E-14 -4.09029555411519E-14 -2.45007852575075E-14
  5.09483744763152E-13 -9.93539784724061E-14 -8.62497319123230E-13 -2.62806766217917E-13  5.26262880251319E-12
 -3.29282955290349E-12 -2.64975557712439E-12  4.74693091587094E-13  2.12720045917007E-12 -2.61684663432154E-13
 -3.59724680299417E-12 -1.13826094627831E-12  9.22838983147529E-12 -5.82718074392988E-12 -4.37799139221259E-12
  3.62022798815469E-13
* ORBITAL    1   58
 -2.40857573472435E-03  4.11730338132976E-02 -2.73185876969130E-01  2.43389844375496E+00 -3.32180997574447E+00
  2.76092904190744E+00 -2.05037335960028E+00  1.49919313765942E+00 -1.03956223524141E+00  6.64177839064077E-01
 -3.87350690142647E-01  1.99171136664035E-01 -8.47138370477408E-02  2.08147689597244E-02  1.06098534545108E-10
  6.57403609779057E-10  4.84102714375620E-10  1.96105299838173E-11 -3.91819447495465E-11 -9.51419026458037E-11
 -4.16108638114792E-11 -7.32098415560700E-13 -1.76565891253706E-13  2.65093846168631E-12  1.34326389921630E-11
  8.20367864284112E-12 -9.50727486663595E-12 -3.78807566543388E-11 -9.22140744970509E-11 -4.95086318235085E-11
 -2.37738218960309E-13 -3.37557957809025E-13 -1.19674031164683E-11 -7.84197800068636E-11 -5.73873480892587E-11
 -1.47813211927601E-11 -3.86193324807606E-11 -9.45120204756418E-11 -5.02894840912942E-11 -4.08444574212582E-13
 -3.04204763387885E-13  9.74337885245340E-16  2.49519355804883E-16 -2.51162088652245E-15 -1.72263521311372E-16
  2.21425906887728E-14 -3.39448694656530E-15 -3.75867154704193E-14 -1.08617172132510E-14  2.20455384049692E-13
 -1.35068620084103E-13 -1.16767460049155E-13  2.18133639412327E-14  9.09941587660609E-14 -1.04997898750223E-14
 -1.54804317826733E-13 -4.89963668053527E-14  3.88171546321052E-13 -2.42583120293979E-13 -1.91233466256649E-13
  1.82637533738168E-14
* ORBITAL    1   59
  1.43011725827945E-02 -1.67624065825637E-01  1.99481991134617E+00 -2.44590568542763E+00  1.90054622032620E+00
 -1.37217944319055E+00  1.00871331437389E+00 -7.46740477131908E-01  5.23372661886302E-01 -3.36310435525517E-01
  1.96820882990699E-01 -1.01457714453961E-01  4.31475980307209E-02 -1.06113271460195E-02  3.05427994700955E-11
  2.15728729670533E-10  1.66609141024676E-10  1.31889696343966E-11  1.36854826564733E-11  3.31125263699842E-11
  2.08956800248200E-11  4.63474255235262E-15  2.44243646115424E-13  7.60040318487805E-12  5.38471068385801E-11
  4.15626518968812E-11  3.53809749013020E-12  4.23446130662925E-12  1.03915090527629E-11  6.36937383446130E-12
  3.66734982587942E-14  6.85744018705620E-14  1.53351461924511E-12  1.12918359635626E-11  8.25853477959275E-12
  5.22758648034360E-14 -2.99308364382334E-12 -6.75981829464969E-12 -3.67511304744713E-12 -6.86411728730395E-14
 -2.22949833015300E-14  4.12194702050752E-16 -4.63591809630264E-16  4.28331966867917E-16 -5.77953765283369E-16
  6.07656619209770E-16 -1.57552213083503E-16 -2.39763643550951E-16 -4.93692218665388E-16  4.63480199592231E-15
 -2.78316236824433E-15 -2.05702671965225E-15  8.92493695510189E-16  7.60802519388946E-16  3.35861839844196E-16
 -2.23270849173133E-15 -1.46562559818363E-15  7.10341197757270E-15 -5.49249676950109E-15 -2.55832557654525E-15
  4.54749190747988E-16
* ORBITAL    1   60
 -7.52066447380845E-02  1.59431816415549E+00 -1.67599703411655E+00  1.20589523497681E+00 -8.47591372216734E-01
  6.14654369100130E-01 -4.58309321918490E-01  3.42411927882252E-01 -2.41171393128204E-01  1.55381851952561E-01
 -9.10544847589484E-02  4.69675718636970E-02 -1.99811020625298E-02  4.91465785478887E-03  3.51427952530527E-12
  2.55059750429709E-11  1.97167509360665E-11  5.54645237214720E-13 -2.51565174108318E-12 -6.23873481342994E-12
 -3.12044075743681E-12 -1.20770536295029E-13 -6.19632802336546E-15  3.41365589061445E-13  2.45999125445246E-12
  1.84805584384322E-12 -1.80082901469465E-13 -1.23624256905528E-12 -3.01905321651576E-12 -1.63758901692546E-12
 -3.77426204178488E-14 -1.02190391222877E-14 -4.45037562672071E-13 -3.27918134385625E-12 -2.63580506251791E-12
 -5.44431555156631E-13 -1.67327084608705E-12 -4.06378439584177E-12 -2.28263265496416E-12 -4.12119591072219E-14
 -1.58920126606183E-14  3.11968355874162E-16 -2.67742082910112E-16  5.21231714718838E-16 -6.51854680067375E-16
  8.33622361123971E-17  2.00215955480968E-16  5.82767230218049E-17 -2.93319566069492E-16  1.33516061737830E-16
  5.95573672572533E-16 -9.39566013639229E-16  1.31516158849522E-16 -3.62470062917290E-16  6.80560323324335E-16
 -1.99381364444925E-16 -2.23220586694783E-16  1.06427516940497E-15 -2.24355018399001E-15  4.30283555205391E-16
 -1.73261826684353E-16
* ORBITAL    1   61
  1.25985228907978E+00 -9.86145711975773E-01  6.37216607067683E-01 -4.34668145374589E-01  3.10454825214803E-01
 -2.28338025498486E-01  1.71540374215038E-01 -1.28625337512485E-01  9.07510064243298E-02 -5.85189569621211E-02
  3.43065162418621E-02 -1.76995959024294E-02  7.53049442765931E-03 -1.85232732665305E-03 -6.21556098175836E-13
 -4.53367949678033E-12 -3.71055496520374E-12 -7.48336362473209E-13 -2.47271661390812E-12 -5.92006193541922E-12
 -3.35117315651122E-12 -5.45915205377874E-14 -2.50105727808860E-14 -2.20530229531234E-13 -1.61060122375058E-12
 -1.30933405103635E-12 -2.40496261888732E-13 -7.53748044292516E-13 -1.80681692166737E-12 -1.02413939825183E-12
 -1.59648362340546E-14 -8.26761599674196E-15 -4.30287308778225E-14 -3.03999324127596E-13 -2.56792523356931E-13
 -6.35840339089053E-14 -2.43296625402901E-13 -5.73268333037303E-13 -3.26170746080345E-13 -4.12141615310012E-15
 -3.83296949880095E-15 -2.33371641227516E-16  3.41264487803924E-16 -8.34487851367840E-16  1.19882873848329E-15
 -3.88202026681321E-17  5.61719769725164E-16 -1.68683896605010E-16  7.98652109212043E-16  7.96332339227048E-16
 -1.93927282350484E-16 -3.24481274846183E-17 -6.47038233793328E-16 -6.01884265085982E-16  2.46467385270565E-16
 -2.27273326445377E-16  1.09093872537903E-15 -8.14947847440118E-16  5.25927386207336E-16  1.87013704978886E-17
  3.65805478353376E-17
#OCC
* OCCUPATION NUMBERS
  1.99686923918027E+00  1.80732880699189E+00  6.30269000190919E-04  6.30269042529163E-04  6.30268990642113E-04
  1.25084378347495E-03  6.42201009211609E-02  6.42201006374702E-02  6.42201014523711E-02  0.00000000000000E+00
  0.00000000000000E+00  0.00000000000000E+00  0.00000000000000E+00  0.00000000000000E+00  0.00000000000000E+00
  0.00000000000000E+00  0.00000000000000E+00  0.00000000000000E+00  0.00000000000000E+00  0.00000000000000E+00
  0.00000000000000E+00  0.00000000000000E+00  0.00000000000000E+00  0.00000000000000E+00  0.00000000000000E+00
  0.00000000000000E+00  0.00000000000000E+00  0.00000000000000E+00  0.00000000000000E+00  0.00000000000000E+00
  0.00000000000000E+00  0.00000000000000E+00  0.00000000000000E+00  0.00000000000000E+00  0.00000000000000E+00
  0.00000000000000E+00  0.00000000000000E+00  0.00000000000000E+00  0.00000000000000E+00  0.00000000000000E+00
  0.00000000000000E+00  0.00000000000000E+00  0.00000000000000E+00  0.00000000000000E+00  0.00000000000000E+00
  0.00000000000000E+00  0.00000000000000E+00  0.00000000000000E+00  0.00000000000000E+00  0.00000000000000E+00
  0.00000000000000E+00  0.00000000000000E+00  0.00000000000000E+00  0.00000000000000E+00  0.00000000000000E+00
  0.00000000000000E+00  0.00000000000000E+00  0.00000000000000E+00  0.00000000000000E+00  0.00000000000000E+00
  0.00000000000000E+00
#OCHR
* OCCUPATION NUMBERS (HUMAN-READABLE)
  1.9969  1.8073  0.0006  0.0006  0.0006  0.0013  0.0642  0.0642  0.0642  0.0000
  0.0000  0.0000  0.0000  0.0000  0.0000  0.0000  0.0000  0.0000  0.0000  0.0000
  0.0000  0.0000  0.0000  0.0000  0.0000  0.0000  0.0000  0.0000  0.0000  0.0000
  0.0000  0.0000  0.0000  0.0000  0.0000  0.0000  0.0000  0.0000  0.0000  0.0000
  0.0000  0.0000  0.0000  0.0000  0.0000  0.0000  0.0000  0.0000  0.0000  0.0000
  0.0000  0.0000  0.0000  0.0000  0.0000  0.0000  0.0000  0.0000  0.0000  0.0000
  0.0000
#ONE
* ONE ELECTRON ENERGIES
  0.0000E+00  0.0000E+00  0.0000E+00  0.0000E+00  0.0000E+00  0.0000E+00  0.0000E+00  0.0000E+00  0.0000E+00  2.7467E-02
  2.7467E-02  2.7467E-02  3.8673E-02  1.3524E-01  1.3524E-01  1.3524E-01  1.8410E-01  1.8410E-01  1.8410E-01  1.8410E-01
  1.8410E-01  2.5508E-01  5.1156E-01  5.1156E-01  5.1156E-01  6.0298E-01  6.0298E-01  6.0298E-01  6.0298E-01  6.0298E-01
  1.0957E+00  1.6734E+00  1.6734E+00  1.6734E+00  1.7499E+00  1.7499E+00  1.7499E+00  1.7499E+00  1.7499E+00  4.2854E+00
  5.1856E+00  5.1856E+00  5.1856E+00  5.1856E+00  5.1856E+00  5.6386E+00  5.6386E+00  5.6386E+00  1.6687E+01  2.1883E+01
  2.1883E+01  2.1883E+01  5.5819E+01  9.3765E+01  9.3765E+01  9.3765E+01  1.6927E+02  5.3695E+02  1.8775E+03  7.7730E+03
  4.5541E+04
#INDEX
* 1234567890
0 222222222s
1 ssssssssss
2 ssssssssss
3 ssssssssss
4 ssssssssss
5 ssssssssss
6 s
