#INPORB 2.2
#INFO
* RASSCF natural orbitals for root number  1 E=      -14.653837190882
       0       1       0
      61
      61
*BC:HOST dzemail-jasarevic-compchemp-comp PID 257622 DATE Fri Feb 13 17:18:26 2026
#ORB
* ORBITAL    1    1
  5.29617075121786E-05  4.15353132790806E-04  2.21163437602887E-03  9.50111627738170E-03  3.46210308160560E-02
  1.05497592825174E-01  2.44780986386019E-01  3.86031775922876E-01  3.13686128399291E-01  6.65649619717934E-02
 -4.70954772164225E-03 -5.89798956720460E-03 -2.93199450632797E-03  9.56652147450592E-05  9.04318048709963E-12
  4.72611861214307E-11 -1.40393039664169E-10  2.85087614878780E-10 -3.01582981578729E-10  1.74349999935104E-10
 -1.48488923717744E-10  5.58919261542810E-11 -1.52050650570201E-11 -2.00029685346683E-11 -9.55657188062629E-11
  2.97873733183138E-10 -3.92044511546388E-10  5.30783492731795E-10 -3.33215491033485E-10  2.21044682678493E-10
 -1.16790770102129E-10  6.50174687335606E-11 -5.22005556513285E-12 -2.19538409955894E-11  6.69388711934901E-11
 -1.08179438507881E-10  1.31275112638672E-10 -8.40487878524779E-11  6.39978325313958E-11 -2.93590177288661E-11
  1.63517941214602E-11  4.49754375654773E-13 -2.93084885666141E-13  9.22327718282833E-14 -2.74665429129056E-13
  1.30931018040306E-13 -9.42780373594736E-14  7.57973931387277E-14 -1.55818394995228E-13  3.41990065287362E-11
 -3.50608103770346E-12  6.53018633166536E-12 -2.06738092488583E-12  1.98702369829599E-14 -1.64251499793264E-14
  2.00140154788398E-14 -5.36400881060632E-14  5.92446458163709E-11 -6.06914106032103E-12  1.12820756075818E-11
 -3.45643207189297E-12
* ORBITAL    1    2
 -9.30887550665584E-06 -7.30355996691018E-05 -3.89329710887282E-04 -1.67997692776534E-03 -6.19708696707807E-03
 -1.95128196912758E-02 -4.86668081739524E-02 -9.26331880007676E-02 -1.30238147802657E-01 -6.25162391565855E-02
  2.86921926825849E-01  6.24261300984149E-01  2.34863389993214E-01 -1.80943494774104E-03 -1.16576741788088E-11
 -6.12459079696587E-11 -5.02753510385380E-10  3.34142969164750E-09 -7.27498704999103E-09  6.81459616523887E-09
 -2.16889298047700E-09  1.22827448267391E-09 -1.21428569683442E-10  2.23663761635769E-11  2.05812992745938E-11
  1.03131550997479E-09 -6.66043614798859E-09  1.26393612188441E-08 -1.40468359599537E-08  5.41916655815630E-09
 -1.02018342386031E-09 -1.19789291656942E-09  4.91748556680879E-12  1.22908360611022E-12  2.81420339999162E-10
 -1.56534128005268E-09  3.36065443036576E-09 -3.23638410856848E-09  8.58306199796028E-10 -3.71001420371723E-10
 -2.39040241949807E-10 -1.15073814289984E-12 -6.41428655985881E-12  6.90252740342199E-12  1.39336865628971E-11
 -3.04135092335003E-13 -1.86331971940572E-12  1.92125929785708E-12  3.90973038652408E-12 -3.83667246864106E-11
  3.72254928076175E-11 -5.09955387585856E-11  5.39443807003436E-11  1.18049775755444E-14 -3.24237563689962E-13
  3.30073212814664E-13  3.41419758488904E-13 -6.64524259100941E-11  6.44473097127905E-11 -8.83144185025979E-11
  9.33249922346202E-11
* ORBITAL    1    3
  5.27258123002096E-11 -8.11228997844396E-10  6.19961732974948E-09 -3.17460633628323E-08  1.50223729922636E-07
 -5.96202036220345E-07  2.04517983419814E-06 -3.81966331475699E-06  4.58853909768745E-06 -3.84214096692875E-06
  2.13034781894826E-06 -8.77404731670373E-07  4.72808547775913E-07 -2.41154886063950E-07  1.08969271397932E-04
  7.99937549618421E-04  6.21058013869227E-04  2.26935887573193E-05 -5.85054066418711E-05 -1.45343721257724E-04
 -7.02837690376145E-05 -3.25699390170705E-06 -3.55396466264340E-08  7.93689261532887E-02  5.82643762615635E-01
  4.52353853427274E-01  1.65300917924124E-02 -4.26137285841540E-02 -1.05862390637602E-01 -5.11920024894646E-02
 -2.37247037054947E-03 -2.54512849968004E-05  3.06645824450346E-05  2.25107039866746E-04  1.74769318973601E-04
  6.38609342552679E-06 -1.64637477235467E-05 -4.09005689404730E-05 -1.97782542030364E-05 -9.16539603379720E-07
 -9.99879965378717E-09 -2.23535583622860E-10  9.06680046066376E-10 -8.45677008332633E-10  5.70961805020898E-11
  2.53325782408988E-11 -4.02884333533283E-10  3.88330358539549E-10 -2.32531798208840E-11 -1.91892651076986E-10
  1.17558750622324E-09 -9.47320254506229E-10 -2.81281404156833E-11 -5.04998637228908E-14 -1.96869291440200E-13
  2.11901262354347E-13 -1.08597172428623E-14 -3.33002466705412E-10  2.03899706814868E-09 -1.64343225586956E-09
 -4.85278927797260E-11
* ORBITAL    1    4
  9.56251600268354E-13  1.35393670842256E-11  8.62903698842484E-12  3.49039776915950E-10 -1.45394051937404E-10
  4.89112052599449E-09 -5.55086552815388E-09  1.91504821932121E-09  7.61597723894638E-09 -2.19295790547325E-08
  2.43285668748827E-08 -1.36203314762229E-08  4.42267190915864E-09 -1.69723267419460E-09  3.31371872320698E-02
  2.43258673609709E-01  1.88861652048381E-01  6.90144684063218E-03 -1.77915833567977E-02 -4.41984671001072E-02
 -2.13730967493809E-02 -9.90566634451004E-04 -1.05505844063392E-05 -7.33595532378395E-05 -5.38529941685720E-04
 -4.18104247405665E-04 -1.52792557173712E-05  3.93877570506112E-05  9.78470009107897E-05  4.73160664782844E-05
  2.19313526771794E-06  2.29616479002605E-08  7.21204205405980E-02  5.29432921375100E-01  4.11042182727956E-01
  1.50204435452573E-02 -3.87219490261441E-02 -9.61944057520747E-02 -4.65168245917795E-02 -2.15588855808314E-03
 -2.29624653528303E-05  1.39111172941651E-10 -8.51497924445292E-10  6.86329290553808E-10  2.02799524604441E-11
  3.02270697436022E-10 -1.85103030294244E-09  1.49163587090491E-09  4.42512048725777E-11  8.06428891230233E-11
 -6.42195115257687E-10  6.11999487128396E-10 -3.80944043706779E-11 -1.92982060799672E-10  6.58474775841712E-10
 -6.08586985067573E-10  4.20950347160134E-11 -9.32058013978023E-11  3.77789582807312E-10 -3.52478987940306E-10
  2.38357326409499E-11
* ORBITAL    1    5
 -2.59415212448756E-11  5.23680979981130E-10 -3.49210314738285E-09  1.97632587821259E-08 -8.60645855970194E-08
  3.67040909175422E-07 -1.20905079841330E-06  2.25156979594899E-06 -2.71969007303322E-06  2.25712748540336E-06
 -1.22416377909574E-06  5.02759281108605E-07 -2.83451138428415E-07  1.43291153645694E-07  7.21203755200066E-02
  5.29432590930026E-01  4.11041926186467E-01  1.50204341982129E-02 -3.87219248733768E-02 -9.61943457122785E-02
 -4.65167955571310E-02 -2.15588723882199E-03 -2.29624015368830E-05 -8.62145287082917E-05 -6.32897855914752E-04
 -4.91369698225970E-04 -1.79566493004591E-05  4.62897465350530E-05  1.14992985354526E-04  5.56073679458625E-05
  2.57745018652880E-06  2.69792686790781E-08 -3.31372542388474E-02 -2.43259165565185E-01 -1.88862033960170E-01
 -6.90146084628420E-03  1.77916193661688E-02  4.41985564694094E-02  2.13731399703765E-02  9.90568666567292E-04
  1.05505516704850E-05  3.02534662730056E-10 -1.85238789323588E-09  1.49289712989901E-09  4.41691202955727E-11
 -1.38929464411826E-10  8.51086386755523E-10 -6.85959989058693E-10 -2.03150204029456E-11  1.05555852033075E-10
 -2.84624359938182E-10  2.59001018713964E-10 -1.86581508885408E-11  1.16438979432375E-10 -7.45066861251145E-10
  7.06259183318319E-10 -4.49170931443111E-11 -2.03115872933488E-10  8.23921212545846E-10 -7.68544231656954E-10
  5.18643002249110E-11
* ORBITAL    1    6
  8.43975257189023E-05  6.88951266373292E-04  3.51377826049688E-03  1.68850702552344E-02  6.79392336234994E-02
  3.38969562469221E-01  7.41205015710223E-01 -1.85823744127946E-01 -7.94863167354972E-01 -1.83959481526371E-01
  7.87882197937940E-02  1.93444769185085E-01  7.09649705330535E-02 -2.18260914001091E-04  3.35385284011178E-09
  2.19536158271219E-08  1.24559960620504E-08 -1.14045456757041E-09 -9.88265327358243E-09 -2.93479839968800E-08
 -1.62225014396235E-08 -1.89277532861788E-10  5.55108886910879E-11 -7.09894040379348E-09 -5.18597696649542E-08
 -3.59798865634994E-08 -3.85208308166459E-09  1.31396268166054E-08  3.80985801116915E-08  2.33774008575680E-08
  1.10192425563373E-09 -2.33211675318538E-09 -1.55190740556836E-09 -1.11039986278199E-08 -6.94701110681319E-09
 -6.79661254726496E-10  3.71523807290768E-09  1.02986775176203E-08  5.92312403040557E-09  3.36807096868983E-10
 -6.15951020724850E-10 -2.46019991455416E-12 -8.34300089585500E-13  9.47771891484569E-12  7.97388342595298E-12
 -7.20086930089938E-13 -2.48536807256379E-13  2.83104567261167E-12  1.95115709454731E-12  1.19468326456243E-10
 -2.12883430175238E-10  5.59579430434983E-11  2.93113224711166E-11  2.31997924794689E-14 -4.67635474767812E-14
  4.52382964930910E-13 -1.20712443078471E-14  2.06985456788665E-10 -3.68753103704652E-10  9.68620017114915E-11
  5.11379854513990E-11
* ORBITAL    1    7
  4.99912364012643E-12 -1.48919142271610E-10  8.19119680907582E-10 -5.49404105528946E-09  2.04619216247465E-08
 -1.06756635583240E-07  3.13358723054985E-07 -6.26427872344097E-07  8.07607339736875E-07 -6.66925365672405E-07
  3.66425784573798E-07 -1.72474011478816E-07  9.96705421092760E-08 -3.88558047874615E-08  1.94302636198982E-05
  1.23240978386810E-04  3.51177368576770E-04  8.49240450299000E-04  3.79765170871503E-03  9.14214423263788E-03
  5.07802014115873E-03  9.97999562513249E-05  3.46840777392222E-05 -5.98927845813930E-05 -3.79884636774563E-04
 -1.08248470348672E-03 -2.61774122332265E-03 -1.17060664025591E-02 -2.81801946005951E-02 -1.56527397756516E-02
 -3.07626165358804E-04 -1.06914056867824E-04  1.14551645985890E-03  7.26570471898567E-03  2.07037577693237E-02
  5.00671982388603E-02  2.23891582672182E-01  5.38977578445928E-01  2.99376048753482E-01  5.88373269788291E-03
  2.04480934969956E-03  1.41268775990197E-10 -5.10354327709790E-10  5.38214394120082E-10 -1.53010336518559E-10
  3.27491085146953E-09 -1.02770904930088E-08  1.17436972017198E-08 -3.70416816458040E-09  1.05964467471883E-09
 -3.48059160815469E-09  3.70579354993603E-09 -1.10216226789645E-09 -1.61147087381307E-09  6.33585057215850E-09
 -6.39326004991537E-09  1.69785312805132E-09  1.45878017342417E-10 -4.36388499258878E-10  5.12591470694189E-10
 -1.66958593458233E-10
* ORBITAL    1    8
  2.47027758820484E-11 -7.15088128232354E-10  3.97912905260339E-09 -2.64454435872869E-08  9.92778031874857E-08
 -5.12347617377999E-07  1.49558267187984E-06 -2.95622166984939E-06  3.79700646690661E-06 -3.10039820564877E-06
  1.63818263810078E-06 -7.89773630974357E-07  5.10287486428564E-07 -1.91983459737965E-07  2.36192000486198E-04
  1.49810240481403E-03  4.26887167541141E-03  1.03232651263228E-02  4.61638065453790E-02  1.11130822821111E-01
  6.17278141325706E-02  1.21315530348545E-03  4.21615987372425E-04  1.12133929031499E-03  7.11236730197532E-03
  2.02667628157944E-02  4.90105069868116E-02  2.19166171669367E-01  5.27602092896473E-01  2.93057543321781E-01
  5.75950750770430E-03  2.00169479629758E-03  5.46224314684468E-05  3.46455385619896E-04  9.87231402892187E-04
  2.38738745026852E-03  1.06759726591273E-02  2.57004286226554E-02  1.42753491332853E-02  2.80557668880192E-04
  9.75041316269828E-05 -9.06997894185207E-10  4.09876479296550E-09 -3.85327358676367E-09  9.03103084797870E-10
  9.58116860233196E-10 -3.12788233634358E-09  3.35103102130477E-09 -1.00297607410360E-09 -1.63657755738649E-09
  4.98014811483958E-09 -5.79768372371418E-09  1.86798395758981E-09  9.09909990325106E-11 -2.49916780229419E-10
  2.79176269902334E-10 -9.19634175518330E-11 -3.58280664085384E-09  1.15137680393777E-08 -1.29696298054665E-08
  4.02184716690883E-09
* ORBITAL    1    9
 -1.98971776067006E-11  6.12372875569360E-10 -3.31086397941225E-09  2.23567771058145E-08 -8.33513566606934E-08
  4.33212743079131E-07 -1.25731245742754E-06  2.49336088001220E-06 -3.15087004227714E-06  2.52526323258056E-06
 -1.34881095873190E-06  6.13584848504131E-07 -3.69137687029249E-07  1.71265472062035E-07  1.12250097827093E-03
  7.11972373405637E-03  2.02877819826558E-02  4.90612586443285E-02  2.19393199055567E-01  5.28148552578613E-01
  2.93361046767941E-01  5.76551816292918E-03  2.00372537903689E-03 -2.34910821716841E-04 -1.48997927250925E-03
 -4.24570974410422E-03 -1.02672755204579E-02 -4.59134047441553E-02 -1.10528048148639E-01 -6.13930035718596E-02
 -1.20656774045218E-03 -4.19337224423218E-04 -3.13220826746560E-05 -1.98667582454536E-04 -5.66106953661704E-04
 -1.36899720648402E-03 -6.12191162440623E-03 -1.47373699077558E-02 -8.18589822155595E-03 -1.60880040861457E-04
 -5.59116314868003E-05  3.58428763363604E-09 -1.15169542564500E-08  1.29744542472074E-08 -4.02399552473643E-09
 -2.58308334360694E-10  8.36036210312423E-10 -9.07995448871643E-10  2.75037742061436E-10  1.28655208364977E-09
 -4.75896944662292E-09  4.96258274760383E-09 -1.38577796829440E-09  8.45192585455128E-10 -2.80833803289489E-09
  2.96281208312978E-09 -8.71914069376981E-10 -9.12294420997517E-10  4.11667501066681E-09 -3.87301766850509E-09
  9.09110440836957E-10
* ORBITAL    1   10
 -7.30823861922200E-14 -2.35214284118979E-14 -4.36996863861700E-12  4.92027180275957E-12 -9.44576091116218E-11
  1.40608022053511E-10 -1.41989402722839E-09  2.04935922200236E-09 -5.04730526034380E-09  1.35151196149427E-08
 -1.55287680852538E-08  3.69203224736227E-08 -1.15800172551988E-07  1.23956321259831E-07  1.24855713853685E-05
  2.95875556043812E-05  5.64737806599492E-04 -6.35357114466429E-04  2.42683586492752E-03 -1.10587036772200E-02
  1.77752841632854E-02 -6.10396853327040E-02  1.24023556669909E-01  9.85639761225741E-08  2.33569240176552E-07
  4.45817322329969E-06 -5.01568400748644E-06  1.91580428045163E-05 -8.73002010065534E-05  1.40322607869805E-04
 -4.81862633826674E-04  9.79073115498117E-04 -1.35832006096148E-04 -3.21886537698500E-04 -6.14384927435806E-03
  6.91212473670139E-03 -2.64018335437607E-02  1.20308940695536E-01 -1.93379411250361E-01  6.64057931577095E-01
 -1.34926689151415E+00 -3.63115728254614E-13  3.61099855290470E-13  2.31999634479057E-12 -3.64484113118511E-11
  3.99220574705583E-12 -4.14591488781022E-12 -2.50830187771498E-11  3.97316215310439E-10  1.82552339734743E-12
 -5.13598217281642E-12 -9.27513630649519E-12  9.86978770438615E-11 -4.89467327080678E-12  2.75250578094611E-11
 -3.11805746347125E-11 -1.29900292535320E-10  4.38077476422800E-13 -2.48727506576070E-12  2.90511047201896E-12
  1.14671691330124E-11
* ORBITAL    1   11
  8.49138415751913E-14 -2.28706025867789E-13  5.70450734351762E-12 -1.42942423380789E-11  1.30785415367969E-10
 -3.17357181687711E-10  2.06380171931498E-09 -3.81050775303027E-09  8.15746278406763E-09 -1.91189075386783E-08
  2.25318856123470E-08 -5.38766286856920E-08  1.66688894303689E-07 -1.78466887910073E-07 -1.35830570300017E-04
 -3.21883131954275E-04 -6.14378433395844E-03  6.91205171295864E-03 -2.64015545501954E-02  1.20307669189047E-01
 -1.93377367680731E-01  6.64050913369791E-01 -1.34925263072300E+00  6.43968457377591E-07  1.52603708533039E-06
  2.91274909481958E-05 -3.27698497826215E-05  1.25168978912309E-04 -5.70375165453889E-04  9.16796433469650E-04
 -3.14824584703588E-03  6.39676704153445E-03 -1.24849727255716E-05 -2.95861411285757E-05 -5.64710721597707E-04
  6.35326587324046E-04 -2.42671941543290E-03  1.10581729053797E-02 -1.77744310101142E-02  6.10367557981559E-02
 -1.24017604147842E-01  4.01576662192956E-12 -4.27516661261236E-12 -2.49351423067614E-11  3.97959345880662E-10
  3.58481887738589E-13 -3.52819885934930E-13 -2.26423928115740E-12  3.61036226663059E-11  2.93043822930800E-12
 -1.62042313665082E-11  1.75869898542831E-11  8.09051557317399E-11  1.36453943487004E-12 -3.20700737079814E-12
 -9.48236017332791E-12  7.97396109125139E-11 -4.71080617617516E-12  2.69843795597807E-11 -3.18963953361767E-11
 -1.19659545114641E-10
* ORBITAL    1   12
 -2.71614647636218E-13 -2.25999390113625E-13 -1.58537736496768E-11  1.34390355052765E-11 -3.39315769284749E-10
  4.27748206357836E-10 -5.08708069765791E-09  6.73547729435102E-09 -1.68185515388407E-08  4.86874295145256E-08
 -5.55318876084247E-08  1.26972612925087E-07 -4.12032826229257E-07  4.48071931579126E-07 -6.32250915798143E-07
 -1.49831885259728E-06 -2.85974064011180E-05  3.21728045869134E-05 -1.22890371981759E-04  5.59990057707459E-04
 -9.00103806165477E-04  3.09092571216720E-03 -6.28029895376294E-03 -1.36404634373778E-04 -3.23254099522899E-04
 -6.16973230836685E-03  6.94110731987244E-03 -2.65129214223356E-02  1.20814788673837E-01 -1.94192456964843E-01
  6.66850251339204E-01 -1.35494001223365E+00 -1.57095995485016E-07 -3.72290283820532E-07 -7.10562278636453E-06
  7.99398490713448E-06 -3.05346552013117E-05  1.39141076749898E-04 -2.23649320171860E-04  7.68004254320547E-04
 -1.56046987250292E-03 -4.72912791554501E-12  2.70941082441510E-11 -3.20272740590314E-11 -1.20203827691901E-10
  1.81026613755766E-12 -5.71501163916445E-12 -6.62029358015741E-12  9.17669553936330E-11 -2.30040407454232E-12
  2.32110725995570E-12  1.46356159665588E-11 -2.29955217895497E-10  3.44605796722674E-15  4.35205136701654E-15
 -6.92236308018987E-14  2.82099950211206E-13 -4.03149583013139E-12  4.28485162751472E-12  2.50607559316566E-11
 -3.99640396634966E-10
* ORBITAL    1   13
  6.42768171319219E-07  1.59741361725860E-06  3.50249835452367E-05  5.35367811900141E-06  7.13250588941954E-04
 -1.30731121710289E-04  1.04755817621003E-02 -7.81901336105588E-03  3.46367448116874E-02 -1.77915205604735E-01
  2.81382013964137E-01 -6.51258599032489E-01  1.84098328455603E+00 -1.93725789931069E+00  6.25350735556560E-10
  5.58897633523047E-09  2.07650863375686E-08  3.25347407657097E-08  4.03783284185369E-08  1.88775562282937E-09
  2.77779417638373E-08 -1.41440003660285E-07  1.67665269586396E-07 -1.16182934459306E-09 -1.03437813128008E-08
 -3.90073117047082E-08 -5.90433397671513E-08 -7.49124272576076E-08  1.53838643330323E-08 -6.23242888671015E-08
  3.48951748876950E-07 -4.06884229855212E-07 -2.87996298347236E-10 -2.56772339815171E-09 -9.65936888377001E-09
 -1.46741639977882E-08 -1.85047056966254E-08  3.32719901142417E-09 -1.48634415125560E-08  8.36724320249570E-08
 -9.72018290346761E-08 -1.31634709455013E-13  4.85213278194829E-13 -5.76700108384126E-13  1.26750292893848E-11
 -3.63241849605080E-14  1.22174288151170E-13 -1.02787987893957E-13  3.36927467900446E-12  2.25832877768996E-12
 -5.52611791322223E-12 -1.69189356549636E-11  4.80181503592543E-11  3.95714966268641E-16  5.89869795995413E-15
  3.72226255579012E-14  2.41150543355434E-13  3.91063403244510E-12 -9.55775357298032E-12 -2.93485758721973E-11
  8.34276329131293E-11
* ORBITAL    1   14
 -1.53942100784482E-13  2.55737232886746E-12 -1.52975415753826E-11  9.84837924255079E-11 -4.17646166358847E-10
  2.03665923560751E-09 -7.52535348673038E-09  2.05369043960518E-08 -2.51517516066713E-08 -1.10240623901339E-08
  1.11545762186665E-07 -2.88577188071305E-07  4.19839955292003E-07 -2.87889753827899E-07 -8.96375027306938E-09
 -9.27017529607826E-06 -1.11850263345473E-06 -9.07848585349284E-05  2.60969262510679E-04 -5.23896470851024E-04
  2.48695007092003E-03 -3.97441500894035E-03  1.57023158662005E-03 -5.78792879854178E-06 -5.98593984821034E-03
 -7.22235199174710E-04 -5.86216175371045E-02  1.68513093200645E-01 -3.38290435422053E-01  1.60587364379171E+00
 -2.56635969806653E+00  1.01393051008137E+00 -2.49930636518373E-08 -2.58478522348155E-05 -3.11869147939812E-06
 -2.53133710231177E-04  7.27655404938570E-04 -1.46077014958788E-03  6.93431397926265E-03 -1.10817833613789E-02
  4.37824822139454E-03 -8.97555786282634E-12  5.71146914838219E-11  3.40908981950187E-11 -9.45160123967344E-10
  9.43335839795686E-13  1.03834298047444E-11 -1.34497177108615E-10  7.88714300513798E-10  5.10093539194272E-12
 -6.75715490068859E-11  3.09475629339462E-10 -1.92969467392045E-09 -3.79710246941787E-14  2.61878110017713E-13
 -5.80445875118727E-14 -2.92120410264576E-12  8.79701962977634E-12 -1.16950451222526E-10  5.37264369423220E-10
 -3.35206359671933E-09
* ORBITAL    1   15
  5.18619908641343E-14 -1.54905779390365E-12  6.80693198384255E-12 -5.64818355635801E-11  1.94007216247481E-10
 -1.13689591496919E-09  3.42397699987433E-09 -1.10677245734625E-08  1.63265887201235E-08 -1.41739319906361E-10
 -2.87285880783831E-08  5.64898360732092E-08 -9.35929819079717E-08  8.20606292984188E-08 -5.58726004679851E-06
 -5.77836001313356E-03 -6.97192063697539E-04 -5.65887529774967E-02  1.62669405799700E-01 -3.26559262335215E-01
  1.55018534512038E+00 -2.47736376389903E+00  9.78769724619820E-01  1.51779142941419E-08  1.56973018324940E-05
  1.89396037824483E-06  1.53727121302615E-04 -4.41902283275147E-04  8.87119903573928E-04 -4.21118180916569E-03
  6.72992387525350E-03 -2.65889365368064E-03 -1.51117703906758E-06 -1.56286353563352E-03 -1.88568391323706E-04
 -1.53054670098601E-02  4.39969268318689E-02 -8.83239469683737E-02  4.19276082491094E-01 -6.70048505581417E-01
  2.64726238789002E-01 -8.47677286178476E-12  1.12803019046812E-10 -5.18593724021048E-10  3.23673997129789E-09
 -2.30117441030385E-12  3.05294271158525E-11 -1.39871414823445E-10  8.72865505436568E-10  5.27815997380411E-12
 -2.85779847995698E-11 -6.00970095840661E-11  7.68111439274719E-10 -1.39044323777743E-12  2.43905603322920E-11
 -1.18458683684530E-10  4.99138123370590E-10 -8.67491717326918E-12  5.52792001254787E-11  3.23071652493021E-11
 -9.08641016750514E-10
* ORBITAL    1   16
 -4.58750514386906E-14  1.17306730159359E-12 -5.50605321367300E-12  4.31770672468853E-11 -1.55642927116995E-10
  8.73775882681749E-10 -2.78200878077923E-09  8.61975327965102E-09 -1.20754530179158E-08 -1.56523852060567E-09
  3.11786207015434E-08 -7.20571921717040E-08  1.12600362889763E-07 -8.79273806578408E-08  1.51122668186129E-06
  1.56291487322954E-03  1.88574585889750E-04  1.53059697713005E-02 -4.39983720552650E-02  8.83268482601755E-02
 -4.19289855001726E-01  6.70070515517171E-01 -2.64734934613981E-01  2.17856130236292E-08  2.25309222796638E-05
  2.71847458401512E-06  2.20650247266623E-04 -6.34278908699267E-04  1.27331641490315E-03 -6.04446671461600E-03
  9.65971128796358E-03 -3.81640810181353E-03 -5.58722475159896E-06 -5.77832352275625E-03 -6.97187660537241E-04
 -5.65883956185710E-02  1.62668378541900E-01 -3.26557200118074E-01  1.55017555573749E+00 -2.47734811950734E+00
  9.78763543976554E-01  2.33187088668976E-12 -3.07678872708237E-11  1.40088767141743E-10 -8.71334442113701E-10
 -8.50560460252756E-12  1.12911583785942E-10 -5.18006382479442E-10  3.23124702852857E-09 -2.76852011732422E-13
  1.98370143899800E-11 -1.43222340533773E-10  7.26938129752954E-10 -8.90749612714928E-12  5.23864209756130E-11
  6.81965669625300E-11 -1.11952874298845E-09  2.30704139266048E-12 -1.44281087792026E-11 -1.11465353138067E-11
  2.60848605709599E-10
* ORBITAL    1   17
 -7.98774308715061E-16  1.34214325975299E-15 -2.71072386173411E-15  6.87583802995110E-15 -3.43977252909965E-14
  1.11451141705157E-13 -5.37406217363402E-13  1.37254590496279E-12 -4.44197609284031E-12  1.21268172850954E-11
 -2.90909439777408E-11  7.12383622424000E-11 -8.44739156783093E-11  2.86092858326360E-11 -6.60458079414146E-12
 -4.26915821593057E-11 -2.29612070275508E-10 -1.49848895228902E-10 -1.06975958854182E-09  1.28989292090204E-09
 -4.13683617258726E-09  5.16312213119261E-09 -1.71929212112309E-09 -3.17524146121110E-13  4.13025701185780E-13
 -1.32320860580033E-11  2.42116285787297E-11 -1.18818162890385E-10  3.59388346529617E-10 -8.14725944387585E-10
  1.12668496075243E-09 -3.88805244413808E-10 -8.36576243342265E-12 -5.30425505512732E-11 -2.91766231902032E-10
 -1.76978405141228E-10 -1.38126638866825E-09  1.75967443069213E-09 -5.47561071772453E-09  6.90166690281574E-09
 -2.30489459427443E-09 -6.11036939817133E-03  3.86696051113414E-02 -1.18338656048678E-01  6.25703328466568E-01
 -8.68230884010433E-03  5.49461795881414E-02 -1.68149041830952E-01  8.89070559574543E-01 -1.09657731122381E-03
  6.93971327104301E-03 -2.12372569997027E-02  1.12289786228754E-01  3.84823282478381E-04 -2.43536248016540E-03
  7.45281784140036E-03 -3.94059987251426E-02  1.93857360244565E-03 -1.22683050405043E-02  3.75440795505083E-02
 -1.98510413439047E-01
* ORBITAL    1   18
 -2.55601354858445E-15 -9.73462613573776E-15 -6.59137351736177E-14 -1.56933719769083E-13 -1.16718671697651E-12
 -1.34178752336778E-12 -1.08128244274803E-11  2.37066137213558E-12 -6.03803625500733E-11  9.70576905595466E-11
 -2.37310674978527E-10  9.00356416622110E-10 -1.16018765273521E-09  4.43004352925156E-10  5.07190585860077E-12
  3.40072670415030E-11  1.75215308858082E-10  1.30611621469820E-10  7.88273961679851E-10 -8.42368544053344E-10
  2.87446965879384E-09 -3.52880116513856E-09  1.16810779276936E-09  6.01130636955647E-12  3.68779589388614E-11
  2.10743984972255E-10  1.13204504761897E-10  1.01635108772733E-09 -1.41785902349405E-09  4.13161103328267E-09
 -5.36601945514706E-09  1.80321044135329E-09 -2.89760218828578E-12 -1.67501804562374E-11 -1.02545233231224E-10
 -4.09168543806579E-11 -5.21114933425669E-10  8.07313804516783E-10 -2.28124668796141E-09  2.96541460568170E-09
 -9.99777183539266E-10  4.08661162939026E-03 -2.58622102288349E-02  7.91448268512939E-02 -4.18470035446885E-01
 -4.21780365687313E-03  2.66924618169541E-02 -8.16856042094021E-02  4.31904131312440E-01 -3.63061802255866E-03
  2.29764448086069E-02 -7.03136634485412E-02  3.71776178018794E-01 -4.24537688503055E-03  2.68669595903803E-02
 -8.22196110045715E-02  4.34727636635974E-01 -7.22030919899826E-03  4.56938831856109E-02 -1.39834702484030E-01
  7.39361436930029E-01
* ORBITAL    1   19
  8.81935733279402E-16 -7.86391216749373E-16  2.58005406446426E-15  2.68023459127839E-15  7.96529458444101E-16
  7.44306209723500E-14 -1.24010042007180E-13  6.86140761785401E-13 -1.45470227416717E-12  5.02887126621936E-12
 -1.19463441954614E-11  2.40637951318123E-11 -2.68607486113884E-11  8.26603978885584E-12 -4.97613029261558E-12
 -3.00728362781213E-11 -1.74915153195676E-10 -8.58800507358229E-11 -8.65057514757140E-10  1.22534241746837E-09
 -3.65835722538108E-09  4.64521921357931E-09 -1.55781147391262E-09  1.83272791882187E-12  1.32039923174217E-11
  6.25010079076824E-11  5.74961898909789E-11  2.67464803414696E-10 -1.90631804626444E-10  8.95872766685155E-10
 -9.74954944632330E-10  3.13463091609515E-10  6.64037053203512E-12  4.46957930614030E-11  2.29293515071518E-10
  1.71224217114309E-10  1.03841974667546E-09 -1.07847505669978E-09  3.84330357969960E-09 -4.59855933821312E-09
  1.51619230581628E-09 -5.11346896880941E-03  3.23606991472784E-02 -9.90318270603441E-02  5.23620479433878E-01
  2.51541644392419E-03 -1.59188674593334E-02  4.87157129105502E-02 -2.57579262215800E-01  3.53820401460498E-03
 -2.23916007592631E-02  6.85238944883683E-02 -3.62312960867526E-01 -8.45338278424320E-03  5.34974160873170E-02
 -1.63715463436502E-01  8.65628475134194E-01 -1.17229963303918E-03  7.41892362535223E-03 -2.27037604481775E-02
  1.20043770599600E-01
* ORBITAL    1   20
 -3.98318062986214E-16 -7.12689491365015E-15 -5.29891531641860E-14 -1.13268143148971E-13 -9.06017312305162E-13
 -9.48951836338494E-13 -8.52930915986506E-12  2.63932809046411E-12 -4.83809866713231E-11  8.12304892313578E-11
 -1.97856735254432E-10  7.23487834094026E-10 -9.26661165045891E-10  3.51198733023405E-10  1.07741297687932E-12
  9.77749202857409E-12  3.49263859985676E-11  5.74779476751117E-11  1.13392579295332E-10  1.36796635519521E-10
  1.50698077689654E-10  1.08196645013480E-10 -5.92158691904475E-11  7.53033230137821E-12  4.90657345250974E-11
  2.61425558912974E-10  1.75310830708218E-10  1.21189769648414E-09 -1.42164919743117E-09  4.65253590835893E-09
 -5.75623551949860E-09  1.91315330199688E-09 -4.89155054698443E-13 -5.02555243054732E-12 -1.53335846851435E-11
 -3.42818433045827E-11 -3.14139031412115E-11 -1.30969271977095E-10  1.23513690654768E-10 -2.71546485083073E-10
  1.02258944824208E-10 -4.30910469532655E-03  2.72702624169253E-02 -8.34538184499667E-02  4.41253380097691E-01
  1.14584057455681E-03 -7.25147689958082E-03  2.21913316201730E-02 -1.17334356512285E-01  3.06490561650637E-03
 -1.93963215949431E-02  5.93575916545733E-02 -3.13847088540805E-01  5.30795568059914E-03 -3.35915125183026E-02
  1.02798423581084E-01 -5.43535966507564E-01 -7.77035169795384E-03  4.91748390582456E-02 -1.50487297419523E-01
  7.95685924028160E-01
* ORBITAL    1   21
 -1.85925051727001E-15 -4.39370768700041E-15 -4.73252856231759E-14 -1.07532708561910E-13 -8.28205210126234E-13
 -8.72955390634907E-13 -7.82671318234648E-12  2.44969047054237E-12 -4.45385024988581E-11  7.46077797800998E-11
 -1.82004411945091E-10  6.66787571704070E-10 -8.54608496679549E-10  3.24080131123414E-10 -5.98032888959399E-12
 -3.94718849839476E-11 -2.07186458720518E-10 -1.45508766710684E-10 -9.49528560602713E-10  1.06822465904249E-09
 -3.57797473094276E-09  4.39524879992610E-09 -1.45757259092069E-09  7.80121543814209E-12  5.06880106589275E-11
  2.71037794299800E-10  1.79187634712398E-10  1.26267527963078E-09 -1.49143323986696E-09  4.88905249712111E-09
 -6.03036708562584E-09  2.00401440676285E-09  1.70005232628600E-12  1.11594777967134E-11  5.89020325563926E-11
  4.26318566279375E-11  2.60149157062288E-10 -3.14783657816622E-10  9.05485467526335E-10 -1.23021905879766E-09
  4.13489107871170E-10 -4.36746864732476E-03  2.76396199515011E-02 -8.45841448171800E-02  4.47229863130309E-01
  4.12493810320400E-03 -2.61047601488723E-02  7.98870902246062E-02 -4.22394675792023E-01 -9.02947042977790E-03
  5.71431992317596E-02 -1.74872471021752E-01  9.24619991675786E-01  1.49504185781983E-04 -9.46140478622440E-04
  2.89542632638456E-03 -1.53092653750305E-02 -4.29132691181871E-04  2.71577553073324E-03 -8.31095186089849E-03
  4.39432930914944E-02
* ORBITAL    1   22
  7.89907732120861E-07  2.27399530929778E-05 -4.78265602781972E-06  6.92243024444262E-04 -6.01598250257612E-04
  1.16261786671453E-02 -7.81459303344203E-03  1.16269481991171E-01 -2.87265177246990E-01  4.65498385780521E-01
 -1.78319447806449E+00  4.46807558728719E+00 -4.43947309357766E+00  1.40324817782593E+00 -1.26721540324988E-11
  2.83125241224702E-12 -4.82453754519653E-10  1.09287837086150E-10 -3.49726363937673E-09  7.25900158724698E-09
 -2.74296248410993E-08  2.18006712052339E-08 -6.95345176872064E-09 -6.05413826115688E-12 -9.68816037427586E-10
 -9.22354020710901E-11 -1.01562909162388E-08  2.32538376861080E-08 -6.79645594706232E-08  2.43086291055142E-07
 -1.98153928554226E-07  6.40148949835617E-08  4.76835831947666E-12 -1.09383525818812E-10  1.78316597100568E-10
 -1.25757765570885E-09  4.13196856314867E-09 -1.04586567331516E-08  3.87154362150501E-08 -3.15757537837870E-08
  1.05715704205534E-08  1.02378430070177E-12 -7.21336802449215E-12  2.68756611406807E-11 -9.01157015414642E-11
  2.78446990658890E-13 -1.97302529299879E-12  7.46799928074883E-12 -2.42091222200706E-11  1.05647454578875E-11
 -4.23556675100013E-11 -2.89044577084520E-11 -1.71579790465351E-10  3.48376063411724E-14 -1.70394022742777E-13
  8.03600729392936E-13 -1.93235926892009E-12  1.83207809307226E-11 -7.34776119626043E-11 -4.97256583562969E-11
 -2.98964320487274E-10
* ORBITAL    1   23
 -4.97713536984542E-13  1.42481715239801E-11 -6.33939906422882E-11  5.17442712757123E-10 -1.79309621971776E-09
  1.01740356294336E-08 -3.12964338763140E-08  1.04088706819285E-07 -1.64809362437460E-07  7.22837490825596E-08
  4.17240495895645E-08  2.63570849390375E-08 -1.08796111469946E-08 -9.57281134423853E-08  3.49361446433527E-06
  2.00579964288897E-06  1.60396128854788E-04 -2.43407646197311E-04  1.00874677937530E-03 -4.55393881591556E-03
  6.32962751346612E-03 -3.40133429298388E-03  9.03386896429709E-04 -1.95698506037769E-03 -1.12356911057686E-03
 -8.98475774805755E-02  1.36347404630648E-01 -5.65059959543620E-01  2.55093639439522E+00 -3.54560702130313E+00
  1.90529334644337E+00 -5.06042261556776E-01  9.89230088373312E-07  5.67949771640731E-07  4.54167677353272E-05
 -6.89217915021358E-05  2.85630449525612E-04 -1.28946493035290E-03  1.79225787611457E-03 -9.63100621866843E-04
  2.55797406129151E-04 -7.02629976125365E-11  3.48791436147073E-10 -1.15037251313904E-09  6.31795800235353E-10
  4.34752025908507E-11 -1.65500396513596E-10  5.31893256450134E-10 -3.35900301686271E-10 -1.17436276318255E-10
  3.84750531435533E-10 -2.23029854908722E-09  1.23398934738317E-09 -4.51449052393852E-14  1.28055540995048E-13
 -4.69479678732027E-13  3.41056610752326E-13 -2.03122215062126E-10  6.65037459750571E-10 -3.85873151679447E-09
  2.13497938940043E-09
* ORBITAL    1   24
 -1.13224176956567E-13  3.59453817443531E-12 -1.52497396247385E-11  1.29739645660031E-10 -4.35646820052287E-10
  2.56245227110823E-09 -7.65440216024728E-09  2.59417185318792E-08 -4.08503022046984E-08  1.11903392718927E-08
  3.27956592871263E-08 -2.80671130438277E-08  2.40823454076852E-08 -3.22862649948456E-08  3.24765243144029E-05
  1.86458111985382E-05  1.49103699971327E-03 -2.26270964139847E-03  9.37727354497794E-03 -4.23332536454415E-02
  5.88399920528861E-02 -3.16186869381463E-02  8.39786012082899E-03 -9.31118724396750E-07 -5.34584966846941E-07
 -4.27487966286211E-05  6.48730732544229E-05 -2.68851184032851E-04  1.21371602787174E-03 -1.68697268166037E-03
  9.06524114690919E-04 -2.40771249519172E-04 -1.95671883300150E-03 -1.12341484890856E-03 -8.98353576600889E-02
  1.36328830364048E-01 -5.64983110685806E-01  2.55058927604975E+00 -3.54512445444602E+00  1.90503391396496E+00
 -5.05973205724823E-01 -3.42465068396242E-12  1.12702500816572E-11 -6.51408367253874E-11  3.60740591795811E-11
  2.03266455643522E-10 -6.65794211786294E-10  3.86117785511637E-09 -2.13630161672279E-09  4.95846153628296E-11
 -1.87971792627152E-10  6.04356017750127E-10 -3.82434509800957E-10 -7.06251230653229E-11  3.50358374081170E-10
 -1.15245979258032E-09  6.33633246465016E-10  1.06914500623557E-12 -5.48663907727220E-12  1.72564334139635E-11
 -9.50142320774955E-12
* ORBITAL    1   25
  2.12534975323851E-13 -7.10003185640546E-12  2.93503594223744E-11 -2.55822126344720E-10  8.45418961239822E-10
 -5.10353184192076E-09  1.49602716978913E-08 -5.03809248162975E-08  7.54916623246272E-08  2.57616863432381E-09
 -1.24825812851247E-07  1.37758868901786E-07 -1.04635265025683E-07  7.62444247715274E-08 -1.95671593570191E-03
 -1.12341318578356E-03 -8.98352246418331E-02  1.36328628494849E-01 -5.64982274104381E-01  2.55058549940042E+00
 -3.54511920519362E+00  1.90503109317085E+00 -5.05972456517315E-01 -3.50955096405244E-06 -2.01494548368224E-06
 -1.61127766697357E-04  2.44518073868230E-04 -1.01334761625163E-03  4.57471018307161E-03 -6.35849814910933E-03
  3.41684959840509E-03 -9.07509403358557E-04 -3.24748062070305E-05 -1.86448245363467E-05 -1.49095811857458E-03
  2.26258994206779E-03 -9.37677744232230E-03  4.23310140592101E-02 -5.88368792007868E-02  3.16170142371304E-02
 -8.39741591433121E-03  2.03126018077192E-10 -6.65113611853888E-10  3.85906443991492E-09 -2.13513531781367E-09
  3.47164379467954E-12 -1.14066465187558E-11  6.56093528513345E-11 -3.64147134138114E-11  4.09846130110161E-11
 -2.03167318034245E-10  6.66615760761395E-10 -3.66899371181165E-10  4.24096543165733E-11 -1.60049514999589E-10
  5.14798974525222E-10 -3.26470289773164E-10 -7.02582690287446E-11  3.48814095087379E-10 -1.15016133685308E-09
  6.31699552088126E-10
* ORBITAL    1   26
 -3.55202317684700E-16 -1.90759278671835E-15 -9.47447694993114E-15 -5.55012964708652E-14 -9.84545524323234E-14
 -7.96272021287370E-13 -4.21273724773897E-13 -6.16288302856820E-12  7.44429728309764E-12 -2.84991952671870E-11
  9.16446624010750E-11 -1.12136030339890E-10  6.15180478613941E-11 -1.58299948134157E-11 -1.96036176578839E-13
 -5.87967514453634E-11  6.42213348383219E-11 -8.19425978604951E-10  8.92210797023148E-10 -8.83775135241278E-09
  8.16014807284400E-09 -4.96491775521153E-09  1.32540447401192E-09  2.56233415071790E-12  3.35831366421649E-11
  7.42110861723542E-11  2.82848994973290E-10  2.57741455100340E-10  2.33339263577237E-09 -1.74409851647685E-09
  1.16884877581857E-09 -3.19413095469175E-10 -2.22428508899628E-14  7.10286106856958E-12 -9.86425888373303E-12
  1.02498633898134E-10 -1.22057796176173E-10  1.12070735633992E-09 -1.04292340316159E-09  6.32068373564906E-10
 -1.68591821045431E-10  4.82403861183915E-02 -1.58375669458381E-01  1.38221213543945E+00 -7.19950067561764E-01
 -6.35275112876273E-03  2.08564087868020E-02 -1.82022790656173E-01  9.48098465283563E-02  4.74535048380945E-04
 -1.55792297739337E-03  1.35966594650994E-02 -7.08206479277751E-03 -7.10930279324707E-04  2.33402068205870E-03
 -2.03699957350676E-02  1.06100788942349E-02 -6.03360048663944E-05  1.98086207956877E-04 -1.72878297175124E-03
  9.00467724476777E-04
* ORBITAL    1   27
  2.20034585501664E-15  2.07978191475415E-14  6.19666887391085E-14  5.57992157617223E-13  7.41112212326063E-13
  7.99306642694858E-12  4.38373749454167E-12  6.33987554513701E-11 -8.31015806849915E-11  2.26167396827200E-10
 -8.27056815711249E-10  1.12392232999086E-09 -6.83729226798586E-10  1.79418101197891E-10  1.29647537762288E-12
  1.22732945475390E-11  4.36645567886721E-11  7.57534739429292E-11  2.04544854077448E-10  4.27211705231831E-10
 -1.78128439796992E-10  1.69518793369194E-10 -4.90416679484271E-11 -3.39948097384977E-13  3.87830336917148E-11
 -6.48889432507484E-11  5.77980845314766E-10 -7.18907520511653E-10  6.50532715852869E-09 -6.12155623187323E-09
  3.66776678959841E-09 -9.77713637517800E-10 -9.05015344192874E-13 -5.20546487896500E-11  2.31903222335351E-11
 -6.69347974881071E-10  5.68860223054329E-10 -6.94256657342053E-09  6.27094851466656E-09 -3.86444256535748E-09
  1.03382795852067E-09  4.21965623297566E-03 -1.38533485023312E-02  1.20904091403211E-01 -6.29750720195501E-02
  3.37500860699943E-02 -1.10803268915080E-01  9.67027469961053E-01 -5.03693662124391E-01  1.40788015861457E-02
 -4.62214299247825E-02  4.03394167654716E-01 -2.10115112443065E-01 -8.46564348439152E-03  2.77931430894108E-02
 -2.42562634740507E-01  1.26343113903948E-01  3.06834314145371E-02 -1.00735283912991E-01  8.79159863162781E-01
 -4.57926237698221E-01
* ORBITAL    1   28
 -1.32192444440889E-15 -2.13887687123611E-14 -6.24582972509670E-14 -5.79061282747141E-13 -7.70320532116682E-13
 -8.21079002448046E-12 -4.49648610416745E-12 -6.49425074421403E-11  8.46954431811392E-11 -2.35414885281998E-10
  8.53418352921783E-10 -1.15233334427882E-09  6.97154782582301E-10 -1.82749250510358E-10 -1.67557600135193E-12
 -2.68327101041686E-11 -4.23747273079065E-11 -2.54241942745547E-10 -9.05541172532242E-11 -2.28676247566905E-09
  1.84820736448077E-09 -1.19178827993612E-09  3.22930152312240E-10 -6.34528803765638E-13 -5.38660682382943E-11
  3.70030495267736E-11 -7.14449100520183E-10  6.92622662766585E-10 -7.43398244516988E-09  6.75063783242899E-09
 -4.16456057217562E-09  1.11310746620201E-09  7.27496090498934E-14 -3.77316547619689E-11  5.04177144972198E-11
 -5.41215763859975E-10  6.32890739232265E-10 -5.91332883278893E-09  5.49820441493932E-09 -3.33174914462571E-09
  8.88824080024023E-10  4.43100642905647E-03 -1.45472220693406E-02  1.26959822490598E-01 -6.61293085447226E-02
  3.34195768644024E-02 -1.09718190189238E-01  9.57557524309002E-01 -4.98761070493733E-01 -4.54348613867463E-03
  1.49164987489911E-02 -1.30182657825933E-01  6.78079803363075E-02  1.95179027100689E-03 -6.40782787278531E-03
  5.59238516807487E-02 -2.91289446558296E-02 -3.47458178522005E-02  1.14072307584131E-01 -9.95557767168429E-01
  5.18554180909009E-01
* ORBITAL    1   29
  2.46996897334193E-17  7.74680717430412E-15  2.38995269577300E-14  2.19538854528789E-13  2.90267439275119E-13
  3.11401077619043E-12  1.70229509139753E-12  2.46448236685372E-11 -3.21857670424790E-11  8.90236994711801E-11
 -3.23301788714327E-10  4.37154156201241E-10 -2.64808689157401E-10  6.94301920514973E-11 -2.06615219483194E-12
 -2.54025531743559E-11 -6.19705890586652E-11 -2.04195910574894E-10 -2.35475246229386E-10 -1.62269312340497E-09
  1.16639704324619E-09 -7.96615851701773E-10  2.18635415404609E-10  1.35190921100638E-13  1.89457987093317E-11
 -1.71699085454473E-11  2.58176874336893E-10 -2.68468664502835E-10  2.73488146136715E-09 -2.50548605253830E-09
  1.53524429789934E-09 -4.10056068118714E-10 -8.47434498195894E-13 -6.47853936616409E-12 -3.22911716628352E-11
 -2.48146969490385E-11 -1.33112794858308E-10  1.89646429760819E-10 -3.71573342211625E-10  1.31699998037272E-10
 -3.26782409634421E-11 -1.27522752221331E-03  4.18663756220059E-03 -3.65385748021018E-02  1.90317743012138E-02
 -6.66934559855700E-03  2.18958047192437E-02 -1.91094043051796E-01  9.95347716019427E-02  4.63071960203048E-02
 -1.52028906896000E-01  1.32682122687207E+00 -6.91098715912941E-01  5.02270809741811E-03 -1.64898090863411E-02
  1.43913609388456E-01 -7.49599935818573E-02 -1.23505534266692E-02  4.05475022919475E-02 -3.53875376983769E-01
  1.84322359086992E-01
* ORBITAL    1   30
  3.12846229267946E-16  4.16998827791627E-15  9.20726690903744E-15  9.69524114312266E-14  1.24896418729973E-13
  1.37560579628880E-12  7.56423693835521E-13  1.09241064569933E-11 -1.43776882753585E-11  3.86907297290960E-11
 -1.42072032292990E-10  1.93702848054724E-10 -1.18162191822464E-10  3.10291786073909E-11 -5.33590827042216E-13
 -1.15275722717097E-11 -1.16329517938587E-11 -1.20462204216923E-10  4.44032566399105E-11 -9.59254638057030E-10
  7.50126101598022E-10 -5.30714454034798E-10  1.43161266067031E-10 -1.02320220000834E-14  7.60763036494753E-12
 -1.01465966113418E-11  1.09052321850223E-10 -1.24103644621323E-10  1.20795264104564E-09 -1.12713068139299E-09
  6.78475853999833E-10 -1.81013593031121E-10  2.42660733785186E-12  2.52539931968313E-11  7.83338041141865E-11
  1.75018366428210E-10  3.52672117903862E-10  1.21705195715953E-09 -7.35359316942356E-10  5.46252274451925E-10
 -1.52887212741076E-10  1.42343625754879E-03 -4.67321446525698E-03  4.07851393311293E-02 -2.12436738645354E-02
  5.23951337660184E-03 -1.72015919734432E-02  1.50125642758914E-01 -7.81956429669888E-02 -2.18838720435609E-03
  7.18458777595212E-03 -6.27029672394661E-02  3.26599690028900E-02  4.76132011363098E-02 -1.56316588878807E-01
  1.36424165951729E+00 -7.10589821738968E-01  8.18180381059556E-03 -2.68612828410629E-02  2.34429892183278E-01
 -1.22107028572471E-01
* ORBITAL    1   31
 -7.94531511681178E-06  5.48957750439569E-06 -4.91174591346510E-04  7.67948641995678E-04 -1.06438643864450E-02
  1.61790071329147E-02 -1.57369198556580E-01  2.58619974420955E-01 -9.57464286127671E-01  3.86514231646247E+00
 -6.95323328612310E+00  6.03750970708693E+00 -2.72730462344134E+00  6.75130629721252E-01  7.56817456245917E-10
  1.38442478398170E-09  2.56008313850573E-08 -9.22157334182125E-09  2.67233926312080E-07 -3.67176856190131E-07
  3.01339402186492E-07 -1.30209363898946E-07  3.35252582388845E-08 -1.20636621051486E-09 -3.07260533245888E-09
 -3.97679987666251E-08  4.17831281388313E-09 -3.93180148981237E-07  4.89270099674963E-07 -4.31090493631625E-07
  1.82447809080824E-07 -4.89849054888996E-08 -3.17500542428286E-10 -6.90460047825716E-10 -1.06151206004476E-08
  2.57719000401209E-09 -1.07605877668132E-07  1.41841287306302E-07 -1.20031336077866E-07  5.15310494083857E-08
 -1.37673979259130E-08  7.81168526246135E-13  4.77838927536393E-12  1.58293492959600E-11  5.34031931925047E-12
  2.42426074641952E-13  1.29248783610700E-12  4.74336286508994E-12  1.12567716300511E-12 -5.49998887141195E-11
  2.75615331023528E-10 -3.32513550698047E-10  1.83320476113645E-10  2.14639555702436E-14 -1.12129366096849E-14
  9.12128956565577E-13 -2.28115346680139E-13 -9.52800993094628E-11  4.77400773668522E-10 -5.76026827658589E-10
  3.17927906871687E-10
* ORBITAL    1   32
 -4.41701260162351E-12  5.13467395264057E-11 -3.86158593438314E-10  2.05713202638525E-09 -9.80062774386747E-09
  4.09272792815398E-08 -1.61244330200273E-07  4.63251364064454E-07 -9.55075553789841E-07  1.51982396051413E-06
 -1.73285767319544E-06  1.27784836573643E-06 -5.06223910468257E-07  3.22903952626191E-08  4.01108352002142E-06
 -2.16829135306707E-04  1.90062356712230E-04 -3.08206406445256E-03  1.03598468863480E-02 -1.15761638097194E-02
  6.94371877636199E-03 -3.08040603460994E-03  7.84706367611434E-04  1.23923272310047E-03 -6.69897854634867E-02
  5.87201691464795E-02 -9.52209612616051E-01  3.20069445609088E+00 -3.57647788767565E+00  2.14527522761043E+00
 -9.51697382874390E-01  2.42436598332503E-01  1.12496357071321E-06 -6.08127164394313E-05  5.33056034500839E-05
 -8.64407302955170E-04  2.90556170941496E-03 -3.24669453924829E-03  1.94746154299651E-03 -8.63942288603502E-04
  2.20081706540241E-04  3.53646019888771E-10 -4.15855417822452E-09  2.90045329272822E-09 -1.17666589584690E-09
 -1.50280769316571E-10  2.03901296537473E-09 -1.47361850040738E-09  6.02719793104251E-10  7.15490840422138E-10
 -8.92671672451707E-09  6.67423172530647E-09 -2.62572909425608E-09 -1.51975054608421E-13  2.67067624693257E-12
 -2.00757222265475E-12  8.34756660070803E-13  1.24186520972072E-09 -1.54926322629370E-08  1.15819519796519E-08
 -4.55674407063761E-09
* ORBITAL    1   33
 -2.92544676497786E-13  3.95669311689737E-12 -2.67935597867755E-11  1.54496919889827E-10 -6.89742093906795E-10
  3.03537743821999E-09 -1.14208881235820E-08  3.49208332495681E-08 -7.25527018204447E-08  1.07716389804093E-07
 -1.13617651178816E-07  8.14724312598614E-08 -3.20387281508485E-08  4.38123756453577E-10  3.72160348941745E-04
 -2.01180408193652E-02  1.76345522833887E-02 -2.85962927088164E-01  9.61216799622144E-01 -1.07407019732180E+00
  6.44258461005765E-01 -2.85809077807343E-01  7.28074014639385E-02 -2.27763220509348E-06  1.23122949080110E-04
 -1.07923980207120E-04  1.75010059186214E-03 -5.88267175412703E-03  6.57333748872030E-03 -3.94287862958144E-03
  1.74915909071155E-03 -4.45583308122073E-04  1.18203524889276E-03 -6.38978156904331E-02  5.60098958836948E-02
 -9.08259734308635E-01  3.05296397651302E+00 -3.41140273653885E+00  2.04625831942056E+00 -9.07771086681781E-01
  2.31246867553257E-01 -3.73150762714889E-10  4.65486793370132E-09 -3.47969970346060E-09  1.36912203839675E-09
 -1.18287688169220E-09  1.47570819854858E-08 -1.10329567691632E-08  4.34070908271017E-09 -2.27558996067632E-10
  2.97567709998078E-09 -2.13261014494654E-09  8.70520679529962E-10  2.96284396250821E-10 -3.40541175868420E-09
  2.36228838294202E-09 -9.56429528892637E-10  1.05122282749724E-10 -1.23535709135738E-09  8.60933782188312E-10
 -3.49408591812544E-10
* ORBITAL    1   34
  2.78267055321600E-12 -3.08143260422854E-11  2.39646110668941E-10 -1.24513675030719E-09  6.03740636858079E-09
 -2.48713309553625E-08  9.87632596139658E-08 -2.80075592118504E-07  5.94749608858061E-07 -1.00142102058422E-06
  1.18254549021197E-06 -8.67942673712912E-07  3.37573487958894E-07 -2.95178965481035E-08  1.18203063783031E-03
 -6.38975664200357E-02  5.60096773899767E-02 -9.08256191143492E-01  3.05295206668179E+00 -3.41138942840093E+00
  2.04625033681978E+00 -9.07767545411710E-01  2.31245965461423E-01 -3.48809064299583E-06  1.88557228200826E-04
 -1.65280691475260E-04  2.68019990740191E-03 -9.00904576466729E-03  1.00667691060459E-02 -6.03834031762620E-03
  2.67875804900027E-03 -6.82390689561129E-04 -3.72165618370668E-04  2.01183256640039E-02 -1.76348019689304E-02
  2.85966975951437E-01 -9.61230409140969E-01  1.07408540466726E+00 -6.44267582813489E-01  2.85813124493279E-01
 -7.28084323631569E-02 -1.18415223710509E-09  1.47725612669384E-08 -1.10438728004082E-08  4.34514409779446E-09
  3.72911975974944E-10 -4.65282623326878E-09  3.47840751698816E-09 -1.36861985728434E-09 -1.47345377141282E-10
  1.64180932051780E-09 -1.13023578331882E-09  4.56258994983280E-10 -2.49655933884080E-10  3.19498471832078E-09
 -2.27758275067388E-09  9.28673141792208E-10  3.37331672987329E-10 -3.96684597723276E-09  2.76673975115165E-09
 -1.12252044108006E-09
* ORBITAL    1   35
 -1.08756156524054E-15 -5.58007467620163E-15 -8.88930539740724E-14 -2.25257507087828E-14 -1.75146498950986E-12
  7.75080854949674E-13 -2.23233240393489E-11  2.81706012662175E-11 -1.58336588199906E-10  4.55012810335785E-10
 -5.54791458937784E-10  3.87304982779427E-10 -1.62143717254931E-10  3.94544177649250E-11  6.06809634122975E-13
  8.41935097887017E-10 -4.03183567586704E-10  1.20455501084444E-08 -3.20723318923110E-08  3.85059633841437E-08
 -2.02634061882089E-08  9.58282080238184E-09 -2.42847761435402E-09 -3.46857236996340E-12 -1.16246261702119E-10
 -4.24033494268532E-12 -1.70596928680071E-09  3.00523773190876E-09 -5.27637663034746E-09  1.73437789792804E-09
 -1.05781230116719E-09  2.62225085702793E-10 -1.28505704349507E-13 -4.09850993539641E-10  1.99115156005212E-10
 -5.86137519407025E-09  1.56756855140986E-08 -1.87074886992255E-08  9.91501163933795E-09 -4.67438376118862E-09
  1.18498322179597E-09 -1.01724315918580E-01  1.28412843996409E+00 -9.53945177129993E-01  3.30898631232896E-01
  5.10824613060894E-02 -6.44845244269486E-01  4.79038538218782E-01 -1.66165939515772E-01  1.01266195792350E-02
 -1.27834530857176E-01  9.49649041221130E-02 -3.29408414053800E-02  5.87941446979550E-03 -7.42194554260808E-02
  5.51356775147957E-02 -1.91251244400279E-02  1.89063413727174E-02 -2.38666344748062E-01  1.77298937885994E-01
 -6.15003642475454E-02
* ORBITAL    1   36
  8.50877814454229E-15  1.83777568969167E-14  4.18754107641486E-13  7.15743142471736E-14  8.27936689076252E-12
 -4.05178353428575E-12  1.05936255162323E-10 -1.36921247521841E-10  7.56548182163874E-10 -2.18850508586338E-09
  2.68457385836243E-09 -1.85873450160625E-09  7.88980320134893E-10 -1.90665405130124E-10 -1.02843115284580E-12
  2.40986265302607E-10 -1.36328977079450E-10  3.43195427174581E-09 -9.66482782993751E-09  1.09291713686675E-08
 -6.17258828856434E-09  2.82713745728683E-09 -7.18831270613463E-10 -1.04800552778676E-12 -9.53758367151393E-10
  4.50653994329911E-10 -1.36504855697255E-08  3.61987207924471E-08 -4.37045313341826E-08  2.28464316330811E-08
 -1.08357640512777E-08  2.74512709500157E-09  9.03539380072471E-14  3.26264188259652E-10 -1.58317003139691E-10
  4.66514600007791E-09 -1.24601939060841E-08  1.47755656145408E-08 -7.89041036324906E-09  3.71093522511185E-09
 -9.41091237497595E-10 -4.18839354430605E-02  5.28726609704383E-01 -3.92777064700523E-01  1.36244090546212E-01
 -3.97316865893008E-02  5.01557452183684E-01 -3.72593813573001E-01  1.29243048628894E-01 -5.21674183965429E-02
  6.58541323149969E-01 -4.89212994282773E-01  1.69695192208963E-01 -2.67369487824200E-02  3.37516905572147E-01
 -2.50732414494059E-01  8.69725166079998E-02 -8.17474467200197E-02  1.03194816577551E+00 -7.66607097194506E-01
  2.65915951185903E-01
* ORBITAL    1   37
  3.05690629347082E-15  1.09815362088950E-14  2.19888666100447E-13  4.34852748504376E-14  4.37523226459753E-12
 -2.06857277339311E-12  5.58728189898119E-11 -7.16094948004506E-11  3.98033444393973E-10 -1.14872651237072E-09
  1.40617571070215E-09 -9.76479431444116E-10  4.12479669833666E-10 -9.99232633433977E-11  1.26739552348550E-13
 -2.52022830903501E-10  1.25995333269613E-10 -3.60149327305915E-09  9.72064713837806E-09 -1.14817866944814E-08
  6.16010172096028E-09 -2.88815023673643E-09  7.32582213139306E-10 -2.75483460721905E-13 -5.04424900745688E-10
  2.42442726531723E-10 -7.21443998398743E-09  1.92119816407858E-08 -2.28628978489889E-08  1.21579950409572E-08
 -5.72875120632651E-09  1.45251989000792E-09  1.06823514079782E-12 -5.66609369790497E-10  2.97834352728294E-10
 -8.08844479260898E-09  2.22266054355754E-08 -2.60402605162995E-08  1.41064647314656E-08 -6.57509048995703E-09
  1.66850481084892E-09  3.35557588059655E-02 -4.23594927310257E-01  3.14677508408406E-01 -1.09153397185131E-01
  8.63707418701395E-02 -1.09031085650361E+00  8.09963202093855E-01 -2.80955049983143E-01 -6.42494300008893E-02
  8.11059967044917E-01 -6.02515075478442E-01  2.08996720725743E-01  1.45610862543973E-02 -1.83813523913809E-01
  1.36550222838981E-01 -4.73657007917279E-02 -2.29327603275622E-02  2.89494301101825E-01 -2.15057687178432E-01
  7.45978867868093E-02
* ORBITAL    1   38
 -1.07451828136832E-15  2.48566857958047E-15  2.52958585350920E-14  8.23617344552511E-15  5.24205680518945E-13
 -2.64989339835100E-13  6.78530412891152E-12 -8.86696640031483E-12  4.86476005267956E-11 -1.41204153847245E-10
  1.73736396211901E-10 -1.19774985410369E-10  5.12008750964105E-11 -1.23306936479902E-11 -1.77170955980481E-13
  6.99918129708579E-11 -3.82976695384180E-11  9.99855304922421E-10 -2.80642663036477E-09  3.42761002558697E-09
 -1.76754981906159E-09  8.35594583136027E-10 -2.11520921477919E-10  4.25853943926055E-14 -4.43086999196371E-11
  2.27974110248356E-11 -6.33449993723918E-10  1.73472209575905E-09 -2.10598089516128E-09  1.09377549129158E-09
 -5.17554902960901E-10  1.31065810135563E-10  3.55711101724558E-12  5.93739676738699E-10 -2.28953095813817E-10
  8.53418449046829E-09 -2.13023769368345E-08  2.71195176884886E-08 -1.33068199177340E-08  6.51277367864676E-09
 -1.64505637788319E-09 -1.31251913752343E-02  1.65687342032534E-01 -1.23084760000906E-01  4.26948839266361E-02
 -3.58845206298430E-02  4.52992316327902E-01 -3.36516053993550E-01  1.16728617455100E-01 -3.71713206501808E-02
  4.69236382349164E-01 -3.48583342560368E-01  1.20914444234687E-01  1.01975026725799E-01 -1.28729331630597E+00
  9.56296280367753E-01 -3.31714167449727E-01  1.45340070283194E-02 -1.83471686230509E-01  1.36296280632181E-01
 -4.72776148818212E-02
* ORBITAL    1   39
 -1.76890671175062E-15 -6.43586148213309E-15 -1.27197831807785E-13 -2.35486661861936E-14 -2.49327620672136E-12
  1.19011779190627E-12 -3.18817554657994E-11  4.09807902544730E-11 -2.27348745030129E-10  6.56711827986005E-10
 -8.04499839580809E-10  5.58054614004829E-10 -2.36150299110864E-10  5.71562749394037E-11  3.92580683436143E-12
  4.03003136318855E-10 -1.28691676181779E-10  5.81182243622289E-09 -1.38262910986516E-08  1.84044845943828E-08
 -8.55774792767399E-09  4.30346237888279E-09 -1.08425707887282E-09  1.74255892844569E-13  2.83242978356531E-10
 -1.35986035165006E-10  4.05162653293883E-09 -1.07912919565008E-08  1.28971942432144E-08 -6.82371144754389E-09
  3.22084269333730E-09 -8.16439488626617E-10 -2.32257866507351E-13  1.69964302706672E-10 -8.69851029439252E-11
  2.42596353135895E-09 -6.58325413097737E-09  7.57383187287933E-09 -4.19166277334456E-09  1.94311306349320E-09
 -4.93609200958505E-10 -7.17355490226711E-03  9.05561839606283E-02 -6.72718026171283E-02  2.33348288143411E-02
 -2.27198446418928E-02  2.86806535804719E-01 -2.13061017173737E-01  7.39052941847315E-02 -7.15411467898891E-02
  9.03107780998270E-01 -6.70894970712405E-01  2.32715917884648E-01 -4.57324472437867E-02  5.77308734945898E-01
 -4.28867445251221E-01  1.48762899603817E-01  7.53297838775228E-02 -9.50934070984279E-01  7.06423861162674E-01
 -2.45039960714703E-01
* ORBITAL    1   40
 -1.26521491701298E-06  2.82759340481708E-04 -7.28194183137685E-04  9.46297516631288E-03 -2.20876018307821E-02
  1.67682917558136E-01 -3.38369971647575E-01  2.15590983322038E+00 -6.16945152594426E+00  8.44493722397156E+00
 -6.24047690663561E+00  3.16694161370326E+00 -1.40476053528293E+00  3.26549866500933E-01  3.73771407045327E-09
 -2.58840812756465E-08  2.45431738433724E-07 -9.44376067953584E-07  9.76556777615945E-07 -7.22248880083265E-07
  3.48178856833350E-07 -1.59924878823525E-07  4.10224994597659E-08 -6.62560543975557E-09  4.73604772491469E-08
 -4.39280905559988E-07  1.70264904228520E-06 -1.74687794047064E-06  1.32196384096185E-06 -6.16579172405157E-07
  2.87443419770456E-07 -7.23901891432856E-08 -1.75367695656256E-09  1.23916208209255E-08 -1.15897761824533E-07
  4.48246585164352E-07 -4.61450851124707E-07  3.45958388848814E-07 -1.63350487111313E-07  7.56634707142561E-08
 -1.90741678662009E-08 -1.04117462042934E-11  1.17604654328159E-11 -1.26639990969258E-11 -2.80907817111388E-12
 -3.03976736896600E-12  3.42666030597810E-12 -3.72435251278553E-12 -5.82472038518942E-13  3.15188294497146E-10
 -1.28554502597008E-10  7.72075645270727E-11 -5.61790038800945E-11 -8.75695886647270E-15  3.43623442520739E-14
 -3.32086756752324E-13  2.75358563736647E-14  5.46105574921202E-10 -2.22833640559268E-10  1.33860485528014E-10
 -9.75782295026967E-11
* ORBITAL    1   41
  6.87270982001080E-17  2.46353358228230E-14  4.06013827553684E-16  7.19467665730917E-13 -6.11242307816372E-13
  1.16662482296127E-11 -1.52758313854185E-11  1.39875339443246E-10 -3.35118420091431E-10  3.96244956191478E-10
 -2.73027757597004E-10  1.31199319564787E-10 -6.06563525990823E-11  1.38713476123723E-11 -2.02079966457041E-12
  6.70030434023522E-12 -1.13553368023089E-10  3.52746428834958E-10 -2.32604917473808E-10  4.02600780691621E-10
 -3.09665262533991E-11  5.92310848161179E-11 -1.42703693162323E-11  4.55165739253327E-12 -1.88246435894021E-11
  2.78086032421764E-10 -7.91466223165411E-10  7.63462230831082E-10 -4.81615551649162E-10  2.71136209593195E-10
 -1.14077221151205E-10  2.96761665070852E-11 -1.65616517356765E-11  5.59251933809063E-11 -9.66448171464418E-10
  2.78303157648914E-09 -2.14172566459195E-09  2.58685373411855E-09 -5.10413689586746E-10  4.36255357855430E-10
 -1.08041844497824E-10 -3.60488479854779E-01  2.95480957980280E-01 -1.40800726376098E-01  4.62037515156554E-02
 -1.32594559674982E+00  1.08683549420300E+00 -5.17892009289267E-01  1.69946237672313E-01  2.19108751028910E-02
 -1.79596484426139E-02  8.55801863996004E-03 -2.80831340065855E-03  5.72393111979042E-03 -4.69172454909321E-03
  2.23567105290766E-03 -7.33635347333749E-04 -1.79889416109761E-01  1.47449641176344E-01 -7.02617749835967E-02
  2.30563980452811E-02
* ORBITAL    1   42
 -7.92467527299643E-15 -2.39241724781542E-13  2.57964413318428E-14 -7.20476110688290E-12  6.57823174721909E-12
 -1.16959597227913E-10  1.57402095170082E-10 -1.40792378345285E-09  3.38623247946530E-09 -4.00607493608517E-09
  2.76260848870705E-09 -1.33789022008564E-09  6.12598555743368E-10 -1.40611331001499E-10 -8.84858880668947E-12
  3.04574560666834E-11 -5.36234467306258E-10  1.42631211501318E-09 -1.27626324886197E-09  9.82536477920430E-10
 -4.16603043914941E-10  2.05526562142842E-10 -5.27331169701532E-11 -2.23607532243527E-11  7.50360340194128E-11
 -1.30839335685897E-09  3.73481022089617E-09 -2.89806712532388E-09  3.41776184777690E-09 -7.07181619343178E-10
  5.81998154316632E-10 -1.44410784415989E-10 -1.67228142616864E-12  7.28220110664651E-12 -1.00083443323454E-10
  3.06415942815984E-10 -2.79086093715938E-10  2.23172500325222E-10 -8.97122128291642E-11  4.64917657104720E-11
 -1.18768478741352E-11  2.01715848878368E-01 -1.65340074918406E-01  7.87868118701355E-02 -2.58538884851814E-02
 -2.11307335791886E-01  1.73201912119739E-01 -8.25330850518128E-02  2.70832278476230E-02  5.80228521707970E-01
 -4.75594891438838E-01  2.26627484333467E-01 -7.43677979672054E-02  9.71185208311450E-03 -7.96049670838768E-03
  3.79328578907629E-03 -1.24476654728201E-03  1.22427823234310E+00 -1.00350198450907E+00  4.78182449741304E-01
 -1.56915547637107E-01
* ORBITAL    1   43
 -2.18774013818873E-15 -4.00222019975365E-14  6.45851203087063E-15 -1.25229290594714E-12  1.22162693249391E-12
 -2.04278160454262E-11  2.82199115074456E-11 -2.46903328583804E-10  5.95992894211315E-10 -7.05449735994153E-10
  4.86868880888333E-10 -2.37539985057556E-10  1.07769599052724E-10 -2.48274193984900E-11 -2.14544218364553E-11
  7.20106100413540E-11 -1.25970531645600E-09  3.56782374560357E-09 -2.80624098559857E-09  3.19087458514001E-09
 -7.08613802127248E-10  5.51956848517451E-10 -1.37351933779019E-10  1.37633565271867E-11 -4.65366336201471E-11
  8.30811459306726E-10 -2.21309822227156E-09  1.94127692613196E-09 -1.58925465525091E-09  6.14482850379992E-10
 -3.21499345611749E-10  8.21039417512999E-11  6.73927789380459E-12 -2.32416651289426E-11  3.99298961665669E-10
 -1.12069725041585E-09  9.20688662801104E-10 -9.34054583065135E-10  2.55278065317979E-10 -1.70350663219289E-10
  4.27707790893533E-11 -1.28342657430829E+00  1.05198400189318E+00 -5.01284795524732E-01  1.64496581282794E-01
  3.01903457204422E-01 -2.47460675548793E-01  1.17918403625640E-01 -3.86949184174688E-02 -1.22684674321774E-01
  1.00560731130432E-01 -4.79185666809679E-02  1.57244753268734E-02 -2.50585447032020E-01  2.05396932448460E-01
 -9.78744535070270E-02  3.21174971603668E-02  3.23701493387738E-01 -2.65327833512029E-01  1.26432349284410E-01
 -4.14887692714832E-02
* ORBITAL    1   44
 -1.19664952596670E-15 -2.83749974662055E-14  2.87308919702821E-15 -8.68921862338698E-13  8.04250350512650E-13
 -1.41272812565994E-11  1.91080449388747E-11 -1.70192613968625E-10  4.09627954109888E-10 -4.84668327545729E-10
  3.34286016029471E-10 -1.62125171541386E-10  7.41078606411178E-11 -1.70236346229492E-11  1.34283351053849E-11
 -4.65210001165521E-11  8.12154125068370E-10 -2.17693581748240E-09  1.93620264501227E-09 -1.52690963945143E-09
  6.24787356776443E-10 -3.15507860873015E-10  8.07971202710738E-11  3.21529416177398E-13 -8.62261504700275E-13
  2.25832721400667E-11 -3.58527480823708E-11  5.66373197546044E-11  2.70943332643721E-11  3.26465852870397E-11
 -2.07615534247295E-12  8.29486127601856E-13  6.20806491097919E-12 -1.75317108543877E-11  3.60935170301624E-10
 -9.75821267571147E-10  6.93542823330197E-10 -9.70694239579499E-10  1.37908742337167E-10 -1.52618187284787E-10
  3.73827814966827E-11 -1.88211967280268E-01  1.54271372050054E-01 -7.35124232444059E-02  2.41230981140308E-02
  1.43466612967985E-01 -1.17595026212388E-01  5.60356417620399E-02 -1.83880931201800E-02  1.24644831655432E+00
 -1.02167409842746E+00  4.86841711089961E-01 -1.59757083827377E-01 -1.62823223345632E-01  1.33461024982372E-01
 -6.35960076371236E-02  2.08690268145338E-02 -5.33671715520211E-01  4.37433756032842E-01 -2.08443180269478E-01
  6.84006194723490E-02
* ORBITAL    1   45
 -6.58084883963676E-16 -9.11654506101110E-15 -1.09239460490677E-15 -2.85019586144426E-13  2.74381515195072E-13
 -4.69261491700029E-12  6.45280404945538E-12 -5.67051552157156E-11  1.36785655988860E-10 -1.61884753496253E-10
  1.11704040400336E-10 -5.44303278596538E-11  2.47281904172825E-11 -5.69233150281401E-12  1.90820802711032E-14
  3.18582002741124E-12 -1.66264993323122E-12  5.52813142304406E-11 -1.09673032242360E-10 -3.39919991989521E-11
 -6.02036561820773E-11  7.62741665465280E-12 -2.41299196417356E-12  2.72887534926811E-12 -9.17955495236612E-12
  1.64784608986190E-10 -4.37597837458027E-10  3.83874748187883E-10 -3.13525412469310E-10  1.21650609747697E-10
 -6.34795672533262E-11  1.62149640444464E-11 -1.60885479514056E-11  5.55070369323419E-11 -9.69530355704750E-10
  2.61621994855263E-09 -2.29275174485710E-09  1.89891117495478E-09 -7.21543640516832E-10  3.82393346216467E-10
 -9.75556291218018E-11 -2.60207566082991E-01  2.13283877839470E-01 -1.01632691085639E-01  3.33507626391470E-02
  8.02859844779172E-02 -6.58078716288643E-02  3.13583528020106E-02 -1.02902419475705E-02  1.22990091089484E-01
 -1.00811071554483E-01  4.80378573244942E-02 -1.57636205457708E-02  1.35333852739399E+00 -1.10928860946726E+00
  5.28591226455511E-01 -1.73457185264999E-01 -1.22952237309224E-02  1.00780044014085E-02 -4.80230722750655E-03
  1.57587688323798E-03
* ORBITAL    1   46
  1.16902038699258E-11  6.99540332382239E-11  5.48599787202291E-10  1.35858705998841E-09  1.13113061048515E-08
  9.61221858740550E-09  2.18922590449932E-07  3.03130923118472E-07 -2.29618174865749E-06  3.60002923125370E-06
 -2.51851627086894E-06  1.12879260181115E-06 -5.69099073385580E-07  2.01168274260684E-07  1.37992311875585E-04
 -4.20137351983701E-04  8.11323506354003E-03 -1.87131739911945E-02  1.70628838988473E-02 -1.05390363188814E-02
  6.05331178549682E-03 -2.53616974598039E-03  6.61314704970672E-04  2.51937788730332E-02 -7.67060347846114E-02
  1.48126402926630E+00 -3.41653510628963E+00  3.11523542874784E+00 -1.92415181388198E+00  1.10517607020275E+00
 -4.63038125057050E-01  1.20738744496182E-01  4.02198400271865E-05 -1.22455062314719E-04  2.36471881780670E-03
 -5.45422317230347E-03  4.97322243411418E-03 -3.07175341384860E-03  1.76432460754416E-03 -7.39203073349495E-04
  1.92749657522579E-04  1.23663104779451E-09 -1.64717890898780E-09  1.07932212137522E-09 -2.36064098070057E-10
 -1.56989256212731E-10  4.65229800834891E-10 -3.67221683615007E-10  6.39938453434043E-11  7.57632854805615E-10
 -1.50941913012723E-09  1.02804583676171E-09 -1.52786939176269E-10  1.11513802839394E-12 -1.12641478767955E-13
 -2.68579826105146E-13 -2.79852435460105E-14  1.32634979599209E-09 -2.63404994340696E-09  1.79370960346723E-09
 -2.67445715125345E-10
* ORBITAL    1   47
 -1.26844291490123E-12 -7.09125965329457E-12 -6.06184357713908E-11 -1.29514405069206E-10 -1.25409215371470E-09
 -6.10974320028061E-10 -2.38268565951953E-08 -3.23291585645530E-08  2.39027137077023E-07 -3.64938281848157E-07
  2.44766171197823E-07 -1.06275181745796E-07  5.66643732956021E-08 -2.01205202415271E-08  1.43423081831146E-02
 -4.36672080932550E-02  8.43253650129093E-01 -1.94496416475576E+00  1.77344029954041E+00 -1.09538055542717E+00
  6.29154299994060E-01 -2.63598174929811E-01  6.87340594144344E-02 -1.11623037899040E-04  3.39852163377569E-04
 -6.56285805356941E-03  1.51372294982342E-02 -1.38022970298684E-02  8.52510658566508E-03 -4.89656988609419E-03
  2.05152678240147E-03 -5.34942171737895E-04  2.07131110554166E-02 -6.30640284077995E-02  1.21782395692536E+00
 -2.80891040892875E+00  2.56119624581052E+00 -1.58194474718291E+00  9.08622428169325E-01 -3.80687557517517E-01
  9.92654869640922E-02 -7.56769986409658E-10  1.50162648130376E-09 -1.02245621516141E-09  1.52534345911288E-10
 -1.08419285022322E-09  2.15591636798940E-09 -1.46800276203713E-09  2.18488751482956E-10 -5.59397061109004E-10
  9.90616899909966E-10 -7.08466720697414E-10  1.39087221054495E-10  9.34247188332710E-10 -1.10338272643083E-09
  6.87886405367239E-10 -1.59060344770898E-10  7.02179442418738E-10 -9.34132512307398E-10  6.12018767110141E-10
 -1.34010733764962E-10
* ORBITAL    1   48
 -6.79041508844041E-12 -4.51002954115929E-11 -3.08217790434018E-10 -9.34176181851703E-10 -6.22430993233775E-09
 -7.83458224531805E-09 -1.21562942486817E-07 -2.16781933989236E-07  1.43634005565071E-06 -2.20667711277045E-06
  1.52635141218173E-06 -6.84757819736792E-07  3.50412954725535E-07 -1.21768020213926E-07  2.07129521659893E-02
 -6.30635446481396E-02  1.21781461506250E+00 -2.80888886185700E+00  2.56117659891424E+00 -1.58193261209382E+00
  9.08615458132169E-01 -3.80684637247071E-01  9.92647254646674E-02 -9.05528109745082E-05  2.75700871208145E-04
 -5.32403754704592E-03  1.22798904846241E-02 -1.11969430018922E-02  6.91588742820429E-03 -3.97228184305834E-03
  1.66427575990624E-03 -4.33965221747471E-04 -1.43426861532225E-02  4.36683588765892E-02 -8.43275872828083E-01
  1.94501542136974E+00 -1.77348703588737E+00  1.09540942252410E+00 -6.29170880402800E-01  2.63605121648478E-01
 -6.87358707747115E-02 -1.08932155131645E-09  2.16389847955646E-09 -1.47350080224796E-09  2.19616626292712E-10
  7.51827788011064E-10 -1.49594834590466E-09  1.01896003575330E-09 -1.51708271396067E-10 -4.91174942700559E-10
  4.90990001451456E-10 -2.81131939957498E-10  7.14915845260847E-11 -8.35568847564771E-10  1.32501117805493E-09
 -9.19589952413221E-10  1.87469698909876E-10  1.01759920805090E-09 -1.35618544031013E-09  8.88753045582497E-10
 -1.94271091315133E-10
* ORBITAL    1   49
  1.03243050842678E-04 -4.51621539984733E-04  7.29197080717936E-03 -2.29307701164774E-02  1.73502650609386E-01
 -4.85936754391097E-01  3.20969942215407E+00 -7.03884966162942E+00  7.57442514251749E+00 -5.09039732814045E+00
  2.94852199419095E+00 -1.56213737344264E+00  5.98913531904860E-01 -1.51465350752498E-01  1.69402246986288E-08
 -3.22859445238824E-07  9.11027547813380E-07 -7.26967062849753E-07  5.22623167989452E-07 -2.15844659044838E-07
  2.04434249903051E-07 -6.96737655592347E-08  1.87765893687213E-08 -3.25051026421432E-08  6.22334922762372E-07
 -1.75171551117417E-06  1.40196344257000E-06 -1.00016236143199E-06  4.30676382358833E-07 -3.86241380138726E-07
  1.33981575844365E-07 -3.53380143031821E-08 -7.85066505540169E-09  1.50018350420741E-07 -4.22786774202922E-07
  3.38060264027305E-07 -2.41991256817259E-07  1.02357336744352E-07 -9.38941826513594E-08  3.22834903807391E-08
 -8.51005171764956E-09  1.32332678947852E-12  5.01589971490629E-14 -3.36283759007467E-12 -2.81841034058842E-12
  3.84480755248328E-13  2.18804199764944E-14 -1.00935655679556E-12 -6.87498604422248E-13 -5.74882211203006E-11
  9.19336988132611E-11 -2.83274175828365E-11 -7.77323841557090E-12 -9.73029523523216E-15  1.72533275812071E-14
 -1.64710944181429E-13  5.83383144109702E-15 -9.96079308496143E-11  1.59257554831295E-10 -4.90534216428377E-11
 -1.35903137495548E-11
* ORBITAL    1   50
 -5.07812860962750E-11  1.74196614137799E-10 -3.47018862633858E-09  9.51575062053108E-09 -8.06004369829072E-08
  1.90125970699726E-07 -1.56448671420417E-06  3.72470441878286E-06 -4.37397981061899E-06  3.23356762998294E-06
 -1.86158929857440E-06  9.11272258103532E-07 -3.88585794159409E-07  1.36910551441131E-07  1.38446213060490E-05
 -3.69864683441899E-04  6.05873895033090E-04 -4.63764510998606E-04  2.99422698847206E-04 -1.88866728563367E-04
  9.64150036031903E-05 -4.38989824841166E-05  1.15293315805258E-05 -6.30125618428342E-02  1.68340722364263E+00
 -2.75758399127241E+00  2.11078664385295E+00 -1.36279820198515E+00  8.59611830545957E-01 -4.38824631541083E-01
  1.99801894374371E-01 -5.24735103646961E-02  5.19003342304742E-06 -1.38653870776909E-04  2.27128387367134E-04
 -1.73854828948736E-04  1.12246799296093E-04 -7.08018686960890E-05  3.61437954782747E-05 -1.64567201603018E-05
  4.32205936017548E-06  9.54878129613933E-11 -3.32563248316829E-10  2.97598329159039E-10 -2.81042568348601E-11
 -1.30887280144339E-11  1.42830241941990E-10 -1.33803857079916E-10  1.13736283927210E-11  8.20415905634759E-11
 -4.18074762671508E-10  3.30887246317595E-10 -1.86310089476854E-12 -4.55500123713288E-15 -5.44912742442510E-15
  3.09517113799549E-15 -5.39994010382760E-16  1.42057807396453E-10 -7.23962145340086E-10  5.72961176979067E-10
 -3.21698458053103E-12
* ORBITAL    1   51
 -6.51245963575132E-12  2.27948759683023E-11 -4.46150778149406E-10  1.23605854769899E-09 -1.03762242561084E-08
  2.46641508680937E-08 -2.00921597229391E-07  4.79783642230509E-07 -5.68032840257986E-07  4.25063407635169E-07
 -2.46734902864827E-07  1.21270047290135E-07 -5.21423548523089E-08  1.83697860320186E-08 -1.31012720201267E-02
  3.50006010847529E-01 -5.73343681219012E-01  4.38864657981661E-01 -2.83346480403460E-01  1.78726379424927E-01
 -9.12383169662084E-02  4.15418597449867E-02 -1.09100529260646E-02 -7.95511433798384E-06  2.12524356070820E-04
 -3.48135517691790E-04  2.66479711154347E-04 -1.72048677209852E-04  1.08523126422308E-04 -5.54000759669081E-05
  2.52242375193751E-05 -6.62447365660942E-06 -6.16355442604166E-02  1.64661957552065E+00 -2.69732204513082E+00
  2.06465921847265E+00 -1.33301671061457E+00  8.40826574091912E-01 -4.29234910540205E-01  1.95435613522383E-01
 -5.13268520412185E-02 -2.95303882122694E-11  1.50474990141360E-10 -1.19088178192839E-10  6.59977030241826E-13
 -1.38969635884360E-10  7.08139373671714E-10 -5.60416265835173E-10  3.13079933031817E-12 -2.62569886847298E-11
  2.01230384187721E-10 -1.86828205061956E-10  1.62074270329340E-11  9.06350684705188E-11 -2.95404619270500E-10
  2.63122925171183E-10 -2.51156342420609E-11  1.98692121369477E-11 -6.92121254205404E-11  6.19262728171257E-11
 -5.83694596132216E-12
* ORBITAL    1   52
  2.81081264095944E-11 -9.31911345818610E-11  1.91350019848638E-09 -5.14703657078626E-09  4.43827987415717E-08
 -1.01637282412726E-07  8.63603121977114E-07 -2.07699068413929E-06  2.45380455450717E-06 -1.81465591937874E-06
  1.03518082838187E-06 -5.05184283259689E-07  2.19711574421256E-07 -7.76300377674901E-08 -6.16355432195233E-02
  1.64661954770389E+00 -2.69732199953750E+00  2.06465918356410E+00 -1.33301668807720E+00  8.40826559876264E-01
 -4.29234903284968E-01  1.95435610224277E-01 -5.13268511845492E-02 -1.24629702068055E-05  3.32953731663146E-04
 -5.45410539754460E-04  4.17483563911648E-04 -2.69542071510850E-04  1.70019033627899E-04 -8.67931585393205E-05
  3.95178189599177E-05 -1.03782630485064E-05  1.31012734079765E-02 -3.50006047908153E-01  5.73343741913423E-01
 -4.38864704424028E-01  2.83346510390089E-01 -1.78726398335528E-01  9.12383266279142E-02 -4.15418641533474E-02
  1.09100541013503E-02 -1.38949607629019E-10  7.08057375386797E-10 -5.60336897769405E-10  3.12450331632014E-12
  2.95396283319937E-11 -1.50485684285159E-10  1.19093849111894E-10 -6.56915210741981E-13 -5.07405307827740E-11
  1.53350175935872E-10 -1.35798940039219E-10  1.31318605079046E-11 -3.26715775974103E-11  2.08878895349797E-10
 -1.92763280112217E-10  1.69577081202963E-11  9.33737070127665E-11 -3.25180745511830E-10  2.91025746386028E-10
 -2.74816515273856E-11
* ORBITAL    1   53
 -1.13169220209104E-04  3.55092103144230E-03 -1.52202320408327E-02  1.32603209767649E-01 -4.61816555242649E-01
  3.27192581159306E+00 -5.68257837145545E+00  5.32093605462719E+00 -3.73576768598456E+00  2.42488772617967E+00
 -1.38609110795094E+00  6.77512111382515E-01 -3.02854384427738E-01  7.22306272765723E-02  7.65493289618822E-09
 -7.54064911559906E-08  9.83046191377747E-09 -2.71159645142496E-08  4.10704930360767E-09 -3.48625463592592E-08
 -9.36383844408632E-09 -2.50366751037649E-09  4.67927391323207E-10 -1.29033094460674E-08  1.28097830741143E-07
 -1.58298017511658E-08  4.70053280146275E-08 -4.14462678952559E-09  6.60562687765583E-08  1.94458028496195E-08
  4.21726931357481E-09 -5.20801797643533E-10 -3.29727266464724E-09  3.26358403394575E-08 -4.14743600183314E-09
  1.18959514338203E-08 -1.43589116016222E-09  1.59833922796557E-08  4.52580590407077E-09  1.06029818138969E-09
 -1.33333304547481E-10  3.01788299964124E-13  8.03542127813945E-14 -1.07670005645120E-12 -8.92626243602642E-13
  8.97113199500545E-14  2.13947101861494E-14 -3.19973361899030E-13 -2.17738197236137E-13 -1.48693171157295E-11
  2.54500223667050E-11 -7.11744998870206E-12 -3.03813723761314E-12 -3.94519756631986E-15  5.97175461650887E-15
 -5.23576101868383E-14  1.64308608655917E-15 -2.57602767525262E-11  4.40817340826252E-11 -1.23202049452304E-11
 -5.30427954172737E-12
* ORBITAL    1   54
 -4.10973387920759E-12  6.87826376812453E-11 -4.08385271710661E-10  2.66350874366822E-09 -1.11798448052766E-08
  6.56790248904072E-08 -1.76704332176390E-07  2.93858597690177E-07 -3.31644237881481E-07  2.62931475283842E-07
 -1.47527428980197E-07  6.46691170719578E-08 -3.21318962069106E-08  1.48943361215428E-08  3.88080211468451E-03
 -3.88034291192495E-03  3.01104578829903E-03 -2.17845559389374E-03  1.42730633213236E-03 -8.54142471528625E-04
  4.95068138278447E-04 -2.14824303474984E-04  5.70365817759154E-05  1.30694650555645E+00 -1.30679187359759E+00
  1.01403672844611E+00 -7.33643447539885E-01  4.80677201779721E-01 -2.87651505936390E-01  1.66725217442995E-01
 -7.23468647478393E-02  1.92083330348384E-02  1.10662626597834E-03 -1.10649532235058E-03  8.58611765589461E-04
 -6.21195336999091E-04  4.07002116533808E-04 -2.43562146530253E-04  1.41170662095811E-04 -6.12580102897382E-05
  1.62642094310316E-05  1.36117999913878E-11 -5.16121189237514E-11  4.84221379599351E-11 -3.65721223856087E-12
 -1.94088809626053E-12  2.30586306460480E-11 -2.23617026449836E-11  1.53041984031316E-12  1.23408540443274E-11
 -6.72469274067067E-11  5.46629436868912E-11  8.67730757158244E-13  5.06632881168524E-15  2.56948547048520E-14
 -2.63329681163173E-14  2.13255409982353E-15  2.14583295060451E-11 -1.16822797833491E-10  9.50043345671249E-11
  1.47874126399948E-12
* ORBITAL    1   55
  6.39060903951675E-13 -1.16305187393552E-11  6.60283049593166E-11 -4.47158741971575E-10  1.87557939667198E-09
 -1.09106161440932E-08  2.69826207054993E-08 -4.28882863956482E-08  4.73212712914977E-08 -3.62900222288026E-08
  1.93468348328636E-08 -8.30831165110357E-09  4.41333977598897E-09 -2.03425527172514E-09  8.10361112570185E-01
 -8.10265211128230E-01  6.28744879999671E-01 -4.54889400592191E-01  2.98039823334568E-01 -1.78355878388167E-01
  1.03376557205941E-01 -4.48580570528476E-02  1.19099578855177E-02 -3.27448543892146E-03  3.27409795272146E-03
 -2.54061550053335E-03  1.83810494514235E-03 -1.20431136065750E-03  7.20695674942472E-04 -4.17721217064196E-04
  1.81261227305193E-04 -4.81254246107397E-05  1.02539241445723E+00 -1.02527106533559E+00  7.95583870672856E-01
 -5.75595414871009E-01  3.77125418919507E-01 -2.25683046652596E-01  1.30807779331418E-01 -5.67612521331587E-02
  1.50702943208822E-02 -1.33143736134427E-11  7.24602881907942E-11 -5.89283821725305E-11 -9.17178976130900E-13
 -1.67989588181526E-11  9.14662552715961E-11 -7.43543758324646E-11 -1.17566386532101E-12 -6.67096012748422E-12
  3.95709382030404E-11 -3.77542419131053E-11  2.68855572464092E-12  9.53496006493303E-12 -2.65249007010065E-11
  2.43944748466742E-11 -1.91644756349939E-12  8.42462494886041E-12 -3.19178600005388E-11  2.99576799708152E-11
 -2.26716745436043E-12
* ORBITAL    1   56
  2.48489152646612E-12 -4.32110152055391E-11  2.51269637133461E-10 -1.66830570192415E-09  7.02015857008306E-09
 -4.07892199963138E-08  1.05032854593790E-07 -1.71399372440688E-07  1.92875135628548E-07 -1.52075502626849E-07
  8.40136363336017E-08 -3.67890253476015E-08  1.89241535110994E-08 -8.67115833276335E-09  1.02539029898732E+00
 -1.02526895010862E+00  7.95582229317899E-01 -5.75594227370320E-01  3.77124640878209E-01 -2.25682581050389E-01
  1.30807509463121E-01 -5.67611350280471E-02  1.50702632261803E-02 -2.35859957024725E-03  2.35832046496119E-03
 -1.82999580753080E-03  1.32398009120150E-03 -8.67460951414872E-04  5.19114388908167E-04 -3.00883024135451E-04
  1.30561781222894E-04 -3.46645622222338E-05 -8.10366972673264E-01  8.10271070535360E-01 -6.28749426752214E-01
  4.54892690113550E-01 -2.98041978601742E-01  1.78357168164867E-01 -1.03377304769992E-01  4.48583814414031E-02
 -1.19100440098337E-02 -1.68273008571629E-11  9.16159652560907E-11 -7.44959893531481E-11 -1.16602892422750E-12
  1.32849638088135E-11 -7.23728498525899E-11  5.88490461113907E-11  9.22591011826652E-13 -4.83837307191914E-12
  7.22114766881231E-12 -6.21079689899578E-12  5.56610972958084E-13 -9.98780084152954E-12  5.02265676964747E-11
 -4.76744827646829E-11  3.46369109269809E-12  1.06863012144377E-11 -4.05377440795583E-11  3.80298335008195E-11
 -2.86702971303513E-12
* ORBITAL    1   57
  9.89955717772416E-04 -7.64891696643441E-03  8.11505337634641E-02 -3.75638728357099E-01  2.88031846433334E+00
 -4.33840458436933E+00  3.84020968100913E+00 -2.88735010262273E+00  1.99767111746747E+00 -1.25305422858404E+00
  7.25710397119662E-01 -3.74692845092649E-01  1.56933074893415E-01 -3.87475621105857E-02  1.08626598440176E-10
  4.17734031081465E-10  3.49948257297001E-10 -9.28771673785587E-12 -8.38739267539575E-11 -1.43996234130024E-10
 -6.97804909077694E-11 -5.12112117912669E-12 -2.06759991624831E-12 -7.26946194013775E-10 -2.47142381517360E-09
 -1.86295984752314E-09  8.08801564908019E-11  3.67954130764447E-10  8.88490510487061E-10  4.08095560249184E-10
  1.10347976810534E-11  3.15507916986904E-11 -1.01454084438948E-10 -3.45403856053971E-10 -2.71137087618521E-10
  2.51239224266254E-11  8.67805426655577E-11  2.05440423097015E-10  1.02279216641285E-10  1.01823056188940E-12
  8.54787468835932E-12  3.18879940819942E-14  1.06004965603509E-14 -1.20430222120474E-13 -1.00320220658194E-13
  9.75736038643957E-15  2.92917049959199E-15 -3.60900649508540E-14 -2.42408363148141E-14 -1.53651183776997E-12
  2.72465813084515E-12 -7.22553011702196E-13 -3.64690950815460E-13  1.42878798312702E-17  2.20372494059837E-16
 -5.29465126355284E-15 -4.45372324809806E-17 -2.66412457472893E-12  4.72117633888337E-12 -1.25143545731731E-12
 -6.36601171930328E-13
* ORBITAL    1   58
 -2.41029311469708E-03  4.11715367568107E-02 -2.73306128591070E-01  2.43402008585963E+00 -3.32154955480955E+00
  2.76056995452587E+00 -2.05007321570201E+00  1.49897085707780E+00 -1.03941637352660E+00  6.64082915605433E-01
 -3.87294742648904E-01  1.99144142454870E-01 -8.47018152150204E-02  2.08118050298818E-02 -1.44590879472731E-10
 -9.06037270734933E-10 -6.84887459445988E-10 -8.24986783437976E-11 -1.79553840027106E-10 -4.31613027430202E-10
 -2.49080109988634E-10 -3.35400980962887E-12 -2.17187678505057E-12  2.00447583882390E-10  1.26300028310132E-09
  9.62570469867060E-10  1.45249175239277E-10  3.72774968631206E-10  8.98314205078705E-10  5.10129221884619E-10
  7.52665264463210E-12  5.33807779964156E-12  5.56854131273377E-11  3.50365227693818E-10  2.65784582411265E-10
  3.63747951045318E-11  8.67013493868967E-11  2.09060894799011E-10  1.19525212103592E-10  1.62202073568725E-12
  1.31345823986610E-12  1.58732609962785E-15 -3.62117664508177E-16 -4.53501841207949E-15 -4.70835905343533E-15
 -3.32315771910280E-16  1.67132297961132E-15 -2.43174195908360E-15 -8.54134987182879E-16 -6.82375262834882E-14
  1.18461520608280E-13 -3.31292675350164E-14 -1.35043865242268E-14  1.61861336181889E-16 -1.03154023278071E-15
  1.67426222280848E-16 -2.78292033765156E-16 -1.16801595716512E-13  2.03144727790387E-13 -5.51281087115017E-14
 -2.62590732592294E-14
* ORBITAL    1   59
  1.43001350394280E-02 -1.67671192514968E-01  1.99485533707761E+00 -2.44577392344459E+00  1.90039152657013E+00
 -1.37205925411735E+00  1.00862480480917E+00 -7.46675244102531E-01  5.23326885664123E-01 -3.36281236774035E-01
  1.96803839646443E-01 -1.01448883766802E-01  4.31438739661750E-02 -1.06104095480988E-02 -4.01871375999603E-12
 -2.82795308098607E-11 -2.20710093283990E-11 -2.43542880748151E-12 -5.07170748891512E-12 -1.21104738845900E-11
 -7.05712207695422E-12 -8.17566637062110E-14 -6.27935746403017E-14 -6.30658060352626E-12 -4.48025514396252E-11
 -3.35866314245208E-11  7.77083152320996E-13  1.26763947989432E-11  3.05051169487584E-11  1.63575266416576E-11
  4.21222641367608E-13  1.06107922646097E-13  3.99960182337065E-15 -4.82162208693366E-14  1.31890649400490E-13
  5.64843420662632E-13  2.51486669250562E-12  6.04653952806020E-12  3.34509376326567E-12  6.81155801942540E-14
  2.71981847607982E-14 -1.96395483074993E-16  1.07800213080505E-15 -1.08346143804149E-15  1.28045916356286E-15
  1.24017659244793E-15 -2.25177799089339E-16  2.55503310986359E-16 -1.05622954193066E-15 -2.65890894410315E-16
  5.62292070318061E-16  3.54689267350347E-16 -6.76875034054770E-16  4.13160769628301E-16 -3.46118627854832E-16
  9.84136163037494E-17 -4.23718196334168E-16 -1.08647327154689E-15  3.21749396889461E-15 -2.37992025550306E-15
  6.34460233358020E-16
* ORBITAL    1   60
 -7.52209751378019E-02  1.59432453974066E+00 -1.67594073325883E+00  1.20583963993269E+00 -8.47550150942447E-01
  6.14624284759084E-01 -4.58286915819759E-01  3.42395204673298E-01 -2.41159620875562E-01  1.55374276260180E-01
 -9.10500466396588E-02  4.69652824956818E-02 -1.99801293857812E-02  4.91441844422992E-03 -4.63826692031044E-12
 -3.36895722380161E-11 -2.66880158432992E-11 -3.04549185782649E-12 -6.91120078596454E-12 -1.64752659667435E-11
 -9.57625946421551E-12 -1.12589004830493E-13 -8.40278792297420E-14  5.65575415578983E-12  4.10860936266785E-11
  3.28280279983648E-11  4.67266579860797E-12  1.27154713423698E-11  3.04158906714734E-11  1.74112145308219E-11
  2.49719707227248E-13  1.42475847441232E-13  1.65438490765656E-12  1.20176990554329E-11  9.55052201259063E-12
  1.19302215881638E-12  2.93170093299631E-12  7.00726508676019E-12  4.04153562968004E-12  5.30581356220322E-14
  3.42336411863192E-14  6.17706946832980E-16 -8.29552698974568E-16  1.26961950741706E-15 -5.77193036666099E-16
  2.73193204687582E-16 -1.01274527073176E-15  5.99100753736934E-16 -3.14613041996981E-16 -9.50226916450434E-16
  9.97364794014151E-16 -5.67746873747707E-16 -2.81076976817697E-16  5.66303447202963E-17 -2.90003053106497E-16
  2.12434401815992E-16  3.94655226612976E-17 -1.02829788385797E-15  5.31634634922695E-16 -1.12300504605871E-16
  3.13833505631921E-16
* ORBITAL    1   61
  1.25985144226512E+00 -9.86127403744106E-01  6.37201987055535E-01 -4.34657828287776E-01  3.10447399450356E-01
 -2.28332550444047E-01  1.71536259395953E-01 -1.28622250457258E-01  9.07488266893069E-02 -5.85175525263394E-02
  3.43056928554264E-02 -1.76991707979657E-02  7.53031380592606E-03 -1.85228286911937E-03 -1.03330212313988E-12
 -7.56204595234283E-12 -6.00776410904410E-12 -7.05367104784646E-13 -1.61981320712111E-12 -3.88033765145851E-12
 -2.24416414338228E-12 -2.98954382068165E-14 -1.90248059128520E-14  1.48129911771885E-12  1.08345512994752E-11
  8.67145263868420E-12  1.17494435456885E-12  3.11052736044831E-12  7.43259330957194E-12  4.26406794547996E-12
  6.02954008127776E-14  3.43344514303563E-14  4.01045416758972E-13  2.94277047734195E-12  2.34782388194749E-12
  2.94558514540929E-13  7.38974109412196E-13  1.76286071057063E-12  1.01746857326483E-12  1.31072132225544E-14
  8.38729097539774E-15  5.84693024751113E-16 -1.88321851168829E-16  8.41835926010527E-16 -5.53261427711523E-16
  1.61224670968626E-17  1.11232544244263E-15 -6.70900789415190E-16  4.02430916005285E-16  1.72336448878087E-15
 -1.54269409746647E-15  1.56737919500892E-15 -7.91910089814236E-16  3.98691172690030E-16 -3.74955069171719E-16
 -1.07824661691660E-15  1.34345601074323E-15 -6.03329502456170E-16  6.72056063110803E-16 -5.72978699059603E-16
  3.12827379987045E-16
#OCC
* OCCUPATION NUMBERS
  1.99686921248043E+00  1.80732974556637E+00  6.30267345365643E-04  6.30267450573263E-04  6.30267450590916E-04
  1.25087329932283E-03  6.42197887839521E-02  6.42197888424200E-02  6.42197887809812E-02  0.00000000000000E+00
  0.00000000000000E+00  0.00000000000000E+00  0.00000000000000E+00  0.00000000000000E+00  0.00000000000000E+00
  0.00000000000000E+00  0.00000000000000E+00  0.00000000000000E+00  0.00000000000000E+00  0.00000000000000E+00
  0.00000000000000E+00  0.00000000000000E+00  0.00000000000000E+00  0.00000000000000E+00  0.00000000000000E+00
  0.00000000000000E+00  0.00000000000000E+00  0.00000000000000E+00  0.00000000000000E+00  0.00000000000000E+00
  0.00000000000000E+00  0.00000000000000E+00  0.00000000000000E+00  0.00000000000000E+00  0.00000000000000E+00
  0.00000000000000E+00  0.00000000000000E+00  0.00000000000000E+00  0.00000000000000E+00  0.00000000000000E+00
  0.00000000000000E+00  0.00000000000000E+00  0.00000000000000E+00  0.00000000000000E+00  0.00000000000000E+00
  0.00000000000000E+00  0.00000000000000E+00  0.00000000000000E+00  0.00000000000000E+00  0.00000000000000E+00
  0.00000000000000E+00  0.00000000000000E+00  0.00000000000000E+00  0.00000000000000E+00  0.00000000000000E+00
  0.00000000000000E+00  0.00000000000000E+00  0.00000000000000E+00  0.00000000000000E+00  0.00000000000000E+00
  0.00000000000000E+00
#OCHR
* OCCUPATION NUMBERS (HUMAN-READABLE)
  1.9969  1.8073  0.0006  0.0006  0.0006  0.0013  0.0642  0.0642  0.0642  0.0000
  0.0000  0.0000  0.0000  0.0000  0.0000  0.0000  0.0000  0.0000  0.0000  0.0000
  0.0000  0.0000  0.0000  0.0000  0.0000  0.0000  0.0000  0.0000  0.0000  0.0000
  0.0000  0.0000  0.0000  0.0000  0.0000  0.0000  0.0000  0.0000  0.0000  0.0000
  0.0000  0.0000  0.0000  0.0000  0.0000  0.0000  0.0000  0.0000  0.0000  0.0000
  0.0000  0.0000  0.0000  0.0000  0.0000  0.0000  0.0000  0.0000  0.0000  0.0000
  0.0000
#ONE
* ONE ELECTRON ENERGIES
  0.0000E+00  0.0000E+00  0.0000E+00  0.0000E+00  0.0000E+00  0.0000E+00  0.0000E+00  0.0000E+00  0.0000E+00  2.7467E-02
  2.7467E-02  2.7467E-02  3.8900E-02  1.3524E-01  1.3524E-01  1.3524E-01  1.8410E-01  1.8410E-01  1.8410E-01  1.8410E-01
  1.8410E-01  2.5661E-01  5.1155E-01  5.1155E-01  5.1155E-01  6.0298E-01  6.0298E-01  6.0298E-01  6.0298E-01  6.0298E-01
  1.1022E+00  1.6734E+00  1.6734E+00  1.6734E+00  1.7499E+00  1.7499E+00  1.7499E+00  1.7499E+00  1.7499E+00  4.3119E+00
  5.1856E+00  5.1856E+00  5.1856E+00  5.1856E+00  5.1856E+00  5.6386E+00  5.6386E+00  5.6386E+00  1.6784E+01  2.1883E+01
  2.1883E+01  2.1883E+01  5.6080E+01  9.3765E+01  9.3765E+01  9.3765E+01  1.7000E+02  5.3921E+02  1.8853E+03  7.8046E+03
  4.5725E+04
#INDEX
* 1234567890
0 222222222s
1 ssssssssss
2 ssssssssss
3 ssssssssss
4 ssssssssss
5 ssssssssss
6 s
