#INPORB 2.2
#INFO
* RASSCF natural orbitals for root number  1 E=      -14.653836904438
       0       1       0
      61
      61
*BC:HOST dzemail-jasarevic-compchemp-comp PID 257107 DATE Fri Feb 13 17:18:18 2026
#ORB
* ORBITAL    1    1
  5.34253851769735E-05  4.18985672564950E-04  2.23092002998333E-03  9.58283681756847E-03  3.49072362895913E-02
  1.06268676190851E-01  2.46105404292474E-01  3.86801611345865E-01  3.11879978282246E-01  6.50861507839251E-02
 -4.68948694050223E-03 -5.95277518059642E-03 -2.86506467121777E-03  9.17429035830758E-05  1.17977148524229E-11
 -1.19742589726482E-10  5.12807737778555E-10  1.20576275188161E-09 -1.49339704699320E-10  4.52868883491946E-12
 -5.16561346834186E-10 -1.61331115163691E-10  2.24643812343569E-11 -3.28890170256462E-11  2.47591027553715E-10
 -1.29935789957583E-09 -3.26364843357625E-09  4.52111578554746E-10  2.00793617659644E-11  1.35346149513231E-09
  3.61466605980580E-10 -2.15569070680895E-12  3.64959094375350E-12 -8.91060350327689E-11  5.10019711195356E-10
  1.31318171490027E-09 -1.72274491554644E-10  2.00802398624055E-11 -5.65724506673564E-10 -2.61264578877022E-10
  7.03586854952946E-11 -3.70832344343844E-11  1.07417707145306E-11 -2.13718647717284E-11 -1.08552043349946E-11
  2.32881818764990E-09 -7.79085859844780E-10  1.52377404169600E-09  8.80067954799521E-10 -8.30666048408036E-11
  5.44658919065177E-11 -3.75082264361714E-10  6.25689962770513E-11 -2.92741749584025E-10  9.85329224062078E-11
 -1.92874219888037E-10 -1.11799967933089E-10 -4.53703301680580E-10  1.98655719588714E-10 -8.62807391380152E-10
  2.60336203171588E-11
* ORBITAL    1    2
 -9.39019029426868E-06 -7.36764258925580E-05 -3.92715110345536E-04 -1.69456931494119E-03 -6.24875463686702E-03
 -1.96632432642611E-02 -4.89632490773375E-02 -9.30634077637360E-02 -1.30304853143272E-01 -6.10436795426718E-02
  2.90638377462416E-01  6.24147020497304E-01  2.30935450444106E-01 -1.94247068333520E-03  7.94720365032094E-11
  6.04110029624559E-10 -2.83058571959309E-09 -8.56845233458962E-09 -1.85891689249829E-08 -1.46709329458649E-08
  3.14170867749739E-08  1.26510956732219E-08 -1.11415227614484E-09 -2.18344396662169E-10 -1.70985029697471E-09
  8.00523808706781E-09  2.24009773070299E-08  5.06555663971631E-08  3.66605109099648E-08 -8.34791301172446E-08
 -3.08587849098912E-08  2.66444231507001E-09  7.42298916475514E-11  7.90451963631202E-10 -3.57882874518863E-09
 -8.54159043126015E-09 -1.89041959305626E-08 -2.00853392922424E-08  3.83110908729008E-08  1.49416057597888E-08
 -3.02406750210231E-10 -1.20298798127228E-10 -5.46069525470559E-10  9.20245081593645E-10  8.96996483350637E-10
  6.36371101512542E-09  3.89284344690256E-08 -6.64171744673562E-08 -7.19231142357641E-08 -1.30313862163969E-09
 -7.29997339283794E-09  1.81790413118492E-08 -1.61141494429215E-09 -7.92164823703510E-10 -4.93359974093502E-09
  8.42260117961910E-09  9.14299917355589E-09 -3.22410717834670E-09 -1.76709262869514E-08  4.01163882935260E-08
  4.71165639957593E-09
* ORBITAL    1    3
 -7.08642582034172E-11 -7.57947022163918E-10 -2.04131813681621E-09 -1.94015661573789E-08 -3.02230434019819E-08
 -3.54136113707966E-07  2.35088527898020E-07 -4.89865341568323E-07  1.30923729047205E-06 -1.21557435827954E-06
  4.79134226831087E-07 -2.11438648979705E-07  1.77613976687889E-07 -1.25081551043947E-08 -9.68641318028099E-03
 -7.10992079799565E-02 -5.51965589700820E-02 -2.01855438416201E-03  5.20243132063848E-03  1.29134873871927E-02
  6.25049345953287E-03  2.88492031986557E-04  1.28283031868484E-06  4.72999600491952E-02  3.47186479604599E-01
  2.69531677407360E-01  9.85779238211222E-03 -2.54061090674913E-02 -6.30574952216699E-02 -3.05217623060393E-02
 -1.40869831333930E-03 -7.52545887269182E-06  6.30081402008598E-02  4.62485787481358E-01  3.59042355312459E-01
  1.31302543361076E-02 -3.38407632748775E-02 -8.39995751737546E-02 -4.06581944956233E-02 -1.87657599903684E-03
 -8.36434494563620E-06  2.96193707001531E-09 -1.85068300813599E-09 -1.20732621285470E-09 -9.30762256026795E-10
 -5.77429897407142E-09  3.89619912190016E-09  5.79312143488029E-09 -6.30231411606154E-09  6.20172544046417E-09
 -3.91882819117129E-09  5.17650478947307E-10 -9.12165649954757E-09  2.05437329792326E-09 -1.24539888280121E-09
 -1.07993404145922E-09 -2.14560362608093E-10  5.30069518349480E-09 -3.51315822023019E-09 -3.04799295733173E-09
  4.23963263206526E-10
* ORBITAL    1    4
 -2.21681874051603E-10 -2.74032052960505E-09 -3.87198472718621E-09 -7.42931887140546E-08 -2.52095146987739E-08
 -1.31013016123013E-06  1.11913825303613E-06 -1.64622838880368E-06  3.32764366728580E-06 -2.28484013488591E-06
  1.54210862210669E-07 -1.00646359277388E-07  4.18688806000292E-07  8.60843432083592E-08 -4.15251332173084E-03
 -3.04796462023258E-02 -2.36620983277433E-02 -8.65275709163638E-04  2.23011052529553E-03  5.53581654824471E-03
  2.67963627619171E-03  1.23581377728075E-04  5.53216527181227E-07  6.30884093513132E-02  4.63072364702296E-01
  3.59494080836433E-01  1.31474403919492E-02 -3.38845226585008E-02 -8.41037460086934E-02 -4.07110101252349E-02
 -1.87750588624031E-03 -1.00861684710772E-05 -4.79986657392963E-02 -3.52312542151005E-01 -2.73508843540635E-01
 -1.00017489838752E-02  2.57778221439380E-02  6.39881570351091E-02  3.09737521669710E-02  1.42848185420584E-03
  6.40939139083163E-06  2.90864961703127E-09 -1.78576872054408E-09 -1.02556546688439E-09 -1.34371096877536E-09
  8.10790337472813E-09 -5.20442519360882E-09 -1.11898400605367E-09 -7.70184223433854E-09  2.39017148420819E-09
 -1.68002658844404E-09 -4.32715149152269E-09  7.02156419747303E-09 -1.99210679287201E-09  1.20630325265763E-09
  4.29908727940207E-10  1.57257651528365E-09  7.40206777886476E-09 -4.88452845284134E-09 -4.16474850605508E-09
  4.02989646864569E-10
* ORBITAL    1    5
  7.75288262372012E-11  4.91704490748033E-10  2.83240144469623E-09  1.08810100886376E-08  5.20293898112041E-08
  1.82676340210480E-07  2.13173658497028E-07 -4.38480770529968E-07  7.06743824346318E-08 -1.12876053881197E-07
  3.10057731550185E-07 -8.72669238322944E-08 -5.07065932272570E-08 -6.30840407528592E-08  7.86773487309170E-02
  5.77497742055494E-01  4.48327909805954E-01  1.63951260487594E-02 -4.22553597346461E-02 -1.04888032880981E-01
 -5.07699464623968E-02 -2.34250785799869E-03 -1.04467131144909E-05  9.15312131350876E-03  6.71846569662402E-02
  5.21573199237333E-02  1.90756059447963E-03 -4.91627610975006E-03 -1.22022724749160E-02 -5.90641206790651E-03
 -2.72513394667367E-04 -1.45949851535177E-06  5.22406305499153E-03  3.83450145564325E-02  2.97683299375855E-02
  1.08860684126010E-03 -2.80569260230494E-03 -6.96441279702795E-03 -3.37105390016079E-03 -1.55537692607986E-04
 -6.95280377060845E-07 -8.97121670636319E-09  5.89706166805786E-09  5.05455857725818E-09 -1.43289783728469E-09
 -3.00887895798051E-10  2.19440417666618E-10  6.77253115227974E-10 -1.02753890814140E-09 -8.65831487694548E-10
  4.87057401814309E-10  3.72071666858157E-10  1.51358956217546E-10  3.13865518386060E-09 -1.89397373469981E-09
  2.55459790300164E-09 -9.98639427510749E-09  4.09894558041515E-09 -2.53564161964796E-09 -1.54318522027199E-09
 -1.62169747530129E-09
* ORBITAL    1    6
  8.51214201737174E-05  6.95264353840264E-04  3.54326879272470E-03  1.70481418925133E-02  6.86056601155981E-02
  3.42573313932248E-01  7.40848056844633E-01 -1.96696036534778E-01 -7.91914074822726E-01 -1.80185539014648E-01
  8.01054336306989E-02  1.93436593957185E-01  6.97427357454484E-02 -2.65744414080403E-04 -1.44899609079233E-08
 -1.28515507422862E-07 -1.54844857650290E-07 -3.15320853445064E-08 -3.57959508028323E-08 -8.52846926512857E-08
 -3.38575262654137E-08  5.15870106135106E-09  9.97378394139965E-10  3.41345745693917E-08  3.11273118759911E-07
  3.90730667113884E-07  8.44609958773695E-08  1.11030957793803E-07  2.58266081787340E-07  1.08085171537758E-07
 -8.74401293464093E-09 -5.36493223531675E-09 -1.35487435845795E-08 -1.18998193360298E-07 -1.44230648611953E-07
 -3.24353291635677E-08 -4.58993205807817E-08 -1.09142886311505E-07 -4.63380901731781E-08  9.22740686587886E-09
 -5.53490204637234E-10 -3.66142881837285E-10 -4.74731204334595E-11  4.30524821308732E-10  5.56601737819902E-10
  2.86801212153715E-08  5.67769592942203E-09 -3.87527772177728E-08 -4.53444402523175E-08  1.40845620074954E-09
 -4.02956266007541E-09  1.31052590699191E-08 -3.58022149880131E-09 -3.66392329269101E-09 -7.20371118493876E-10
  4.95827376502854E-09  5.76120948713110E-09 -8.25593419343169E-10 -7.36507891349151E-09  2.72058687020988E-08
 -1.76268554781681E-09
* ORBITAL    1    7
 -6.77547190153501E-12  7.75007573740280E-10 -3.10526215686547E-09  2.71673152283588E-08 -9.17690698426406E-08
  5.01506141056824E-07 -1.14735300637953E-06  2.41828799901268E-06 -1.87520079034890E-06  8.33001727075250E-07
 -1.51153979442910E-06 -3.05653833822098E-07  1.31142915337553E-06  4.27233616734931E-07  1.27352393598943E-04
  8.07877190458077E-04  2.30147574680070E-03  5.56525607788665E-03  2.48907168984707E-02  5.99186091697687E-02
  3.32860808142296E-02  6.51717485932149E-04  2.25657400969644E-04 -7.51216452897758E-04 -4.76547796306723E-03
 -1.35760686926699E-02 -3.28287506156996E-02 -1.46826068340214E-01 -3.53448687203508E-01 -1.96347739215104E-01
 -3.84464287608156E-03 -1.33191830291251E-03  8.57702364592806E-04  5.44095619782952E-03  1.55001561789370E-02
  3.74813371573567E-02  1.67635955573979E-01  4.03544568061618E-01  2.24177701934398E-01  4.38924924112177E-03
  1.51978131644658E-03  7.98672011647484E-10 -7.72038193647372E-09 -4.93332497527766E-09 -1.27690178452292E-09
  3.13132212891764E-09 -2.29678399071571E-08 -1.47829159815540E-08 -7.45534483994778E-09 -5.50417132377885E-10
 -7.81475695738377E-10  1.30205799950280E-09  8.94950339026059E-09 -7.89519515482210E-10  7.05290913758301E-09
  4.83193251599486E-09  2.75022587789473E-09  1.60742319160991E-09 -1.37412066281747E-08 -7.82867117421898E-09
 -1.25115855858796E-11
* ORBITAL    1    8
  1.86761686384103E-12 -3.20410470183282E-10  1.14334168832635E-09 -1.10879943259664E-08  3.34781452004796E-08
 -2.09050101089749E-07  5.46269519805400E-07 -1.35267400937215E-06  1.38472709095961E-06 -1.09691047734078E-06
  1.43685682908454E-06 -3.48873192346879E-07 -4.41791130957211E-07 -2.13551786242327E-07 -8.61645777905168E-05
 -5.46601757105843E-04 -1.55722544374366E-03 -3.76560307887380E-03 -1.68413567989417E-02 -4.05414006416966E-02
 -2.25213708081974E-02 -4.40994957048321E-04 -1.52712264308146E-04  8.54186188975751E-04  5.41869912589016E-03
  1.54378017768550E-02  3.73308273732288E-02  1.66958149796423E-01  4.01909255643261E-01  2.23266074688980E-01
  4.37214979050035E-03  1.51482731965396E-03  7.60951479982057E-04  4.82724272611166E-03  1.37524507662453E-02
  3.32554582211258E-02  1.48732362787163E-01  3.58036337450840E-01  1.98894671790026E-01  3.89460379889567E-03
  1.34866420353410E-03 -7.76907130314939E-10  7.65820587327117E-09  4.99193785142195E-09  1.56032424459590E-09
  3.53272563087485E-10 -7.75162311371973E-09 -2.92237916001249E-09  7.83838059786902E-09 -2.54535361000640E-09
  1.72728767940930E-08  1.17911977373050E-08  8.62838420012224E-09 -3.83332882577519E-10  4.62225163995030E-09
  2.99744779490183E-09  6.38989070256387E-10 -1.86803381834598E-09  1.60415094148046E-08  9.19216491074982E-09
  1.54866598618769E-10
* ORBITAL    1    9
  1.01799161158466E-11 -4.13155140413262E-11  6.49207327975014E-10 -2.03421442397379E-09  1.47113159411057E-08
 -4.21946102375295E-08  1.38437033221247E-07 -1.61754907140891E-07  3.80614384854084E-07 -3.73395784411883E-07
 -8.75544012400480E-08 -1.81257067541208E-07  3.89122755779120E-07  4.09949947160163E-08  1.13689769180079E-03
  7.21211314196395E-03  2.05460894929263E-02  4.96833415254050E-02  2.22207605681414E-01  5.34912001492290E-01
  2.97153866021406E-01  5.81826574386634E-03  2.01468069124449E-03  1.48887661684610E-04  9.44500060375053E-04
  2.69076862782833E-03  6.50666827212037E-03  2.91007165566358E-02  7.00528699508042E-02  3.89155876865959E-02
  7.62025004349911E-04  2.64004926698560E-04 -3.84006502229056E-05 -2.43601298587335E-04 -6.93979155106887E-04
 -1.67813892110022E-03 -7.50543824119592E-03 -1.80675600598995E-02 -1.00368758730785E-02 -1.96522194521244E-04
 -6.80493010696408E-05  2.44221915677152E-09 -2.09514557310266E-08 -1.21104610215857E-08  1.13911037634462E-09
 -3.20813733029197E-10  1.94511926845038E-09  1.38190493886943E-09  1.17499165937448E-09  3.22763966933764E-10
 -3.25600490033979E-09 -2.36449621862284E-09 -1.38451863596308E-09 -1.78578751461557E-09  9.15997096560122E-09
  7.43356748320215E-09  1.06508483071016E-08 -1.11094353707595E-09  1.08468699577192E-08  7.00256459934058E-09
  2.01849465179948E-09
* ORBITAL    1   10
 -7.73686340930094E-13 -2.83435756829250E-12 -4.00757498031274E-11 -3.83324609391033E-11 -8.07673422407220E-10
 -5.98258558294696E-10 -1.27354139238355E-08  4.42549575527162E-09 -1.91765452104540E-08  2.03705499012718E-07
 -2.98055234521127E-07  5.31742221947237E-07 -1.88190067653978E-06  2.21893068027151E-06 -1.14118241458670E-04
 -2.69601678588230E-04 -5.16279861507233E-03  5.81944598198112E-03 -2.21982950727790E-02  1.01176568687393E-01
 -1.62638973258460E-01  5.58453528502603E-01 -1.13476711729656E+00  7.69287349436823E-06  1.81744462209984E-05
  3.48028981874778E-04 -3.92305876272394E-04  1.49642348899173E-03 -6.82043553599838E-03  1.09637037957090E-02
 -3.76463175882938E-02  7.64966831145989E-02 -7.40566506786737E-05 -1.74957266685874E-04 -3.35038026797707E-03
  3.77650814065490E-03 -1.44055060012368E-02  6.56581677405644E-02 -1.05543978798495E-01  3.62406436145247E-01
 -7.36403098024722E-01  1.67875048491097E-10 -7.57717165766508E-10  8.49766774595189E-10 -4.75625689893105E-09
  1.15075761905155E-10 -5.26338887111831E-10  6.29993823356324E-10 -3.58369352219660E-09 -2.90650553596986E-11
  1.57206425851230E-10 -4.95187829072075E-10  2.18689185954244E-09 -1.40357127188953E-10  6.95523982445723E-10
 -1.37975907598942E-09  6.56999624870744E-09 -5.43020338167062E-11  2.64270436068725E-10 -4.17894125033007E-10
  2.07271091579949E-09
* ORBITAL    1   11
 -3.21361343686798E-13 -1.33898203282157E-12 -1.62979489210178E-11 -2.12753246026029E-11 -3.21089471363673E-10
 -3.43842108257884E-10 -4.99034970382672E-09  1.12095640295664E-09 -8.46097935535375E-09  8.68022207394591E-08
 -1.26295973538793E-07  2.28062629978982E-07 -7.98045181057343E-07  9.37106079046877E-07  7.44544954707817E-05
  1.75899115053584E-04  3.36837703132303E-03 -3.79676354525596E-03  1.44828518757629E-02 -6.60106618242644E-02
  1.06110581014152E-01 -3.64351973291619E-01  7.40356236765488E-01  1.24750457005272E-05  2.94726408978228E-05
  5.64376225309212E-04 -6.36173024233935E-04  2.42664893651268E-03 -1.10602349994992E-02  1.77790861681114E-02
 -6.10484547525681E-02  1.24049407973292E-01 -1.13435470891676E-04 -2.67992098917747E-04 -5.13190458377607E-03
  5.78457290400639E-03 -2.20654071826917E-02  1.00570789561887E-01 -1.61665180316506E-01  5.55109869192789E-01
 -1.12797263448802E+00 -9.95175705032873E-11  4.46497652459997E-10 -4.81352819725313E-10  2.74331376880110E-09
  1.75705539634160E-10 -8.01620658951903E-10  9.59057198100518E-10 -5.38763112990120E-09 -1.25970431125953E-10
  6.31630824840099E-10 -1.34867404816645E-09  6.29492686366379E-09 -1.75281851596806E-12 -4.65888887078804E-12
  2.20050336973202E-10 -8.39634731938570E-10  6.08869804220089E-11 -2.87627758035447E-10  4.03110700543003E-10
 -2.09583924328626E-09
* ORBITAL    1   12
  1.03075316470353E-12  3.96770482984156E-12  5.30681140869172E-11  5.81354097193101E-11  1.06879604736117E-09
  1.03370987311286E-09  1.71849202174453E-08 -4.33575112413287E-09  2.03283539994302E-08 -2.87943739241024E-07
  4.34149045175070E-07 -7.50179597893663E-07  2.65828966728575E-06 -3.15174158720968E-06  3.75936954821984E-07
  8.88544487774128E-07  1.70071534548149E-05 -1.91641399780929E-05  7.31184034719410E-05 -3.33252055517436E-04
  5.35692747918394E-04 -1.83940954262636E-03  3.73761794550287E-03 -1.35488453641192E-04 -3.20226425605541E-04
 -6.12938757478597E-03  6.90716705064205E-03 -2.63523618422293E-02  1.20106221344789E-01 -1.93067067156491E-01
  6.62939705196218E-01 -1.34707249029853E+00 -1.46537899405221E-05 -3.46340329696346E-05 -6.62930050357476E-04
  7.47025963782251E-04 -2.85013301642292E-03  1.29901260362599E-02 -2.08812112507485E-02  7.16999253224997E-02
 -1.45691847590603E-01 -7.87545177045996E-11  3.79058093847499E-10 -5.72451601054730E-10  2.91111210772452E-09
 -9.47038453989931E-11  4.85622791371507E-10 -1.16130683867109E-09  5.31306037598137E-09 -1.28891876953438E-10
  5.92716480626412E-10 -7.44206970620177E-10  4.14965640532668E-09 -8.24376238497315E-12  3.99677342133326E-11
 -5.88755950630633E-11  3.12015026879052E-10 -1.97463832336119E-10  8.94989328828316E-10 -1.01320277965309E-09
  5.81626999373604E-09
* ORBITAL    1   13
  6.42414509728980E-07  1.60410299084471E-06  3.49894164372759E-05  5.60685935565128E-06  7.12455605184750E-04
 -1.24333696635970E-04  1.04658011737932E-02 -7.87270555603104E-03  3.42624012441517E-02 -1.77235839071294E-01
  2.81169815754676E-01 -6.48388478502614E-01  1.83518989980967E+00 -1.93542645243131E+00 -7.89173590821745E-10
 -6.48348318486179E-09 -2.99274394556350E-08 -2.71239437919628E-08 -5.40008215161848E-08  1.70680195811916E-07
 -1.58520613516086E-07  9.86382620682149E-07 -1.21339179195573E-06  1.35292130635538E-09  1.06026851005797E-08
  5.46662828905315E-08  3.39408080254956E-08  9.53932662023028E-08 -4.48841689188100E-07  3.80892974653837E-07
 -2.41925360814829E-06  2.98882503816496E-06 -8.31004507986745E-10 -6.75108703875649E-09 -3.22653434563426E-08
 -2.52648286124726E-08 -5.65447108464918E-08  2.16109011898103E-07 -1.90807072194757E-07  1.20358716396239E-06
 -1.47462488616455E-06 -1.44906263529002E-11  2.54606550295178E-11 -7.45795339507062E-11  8.12068970702068E-10
  1.09983341975142E-09 -2.01268878822614E-09  5.50298622784192E-09 -6.61995145839983E-08  4.42669491337939E-11
 -1.56131828772816E-10  1.80143709015118E-09  3.72095857163290E-09 -1.39892871851765E-10  2.55525506832932E-10
 -6.94583652876748E-10  8.42167443762712E-09 -4.68003243075847E-11 -6.21304059057995E-11  2.64089982282849E-09
  1.34833214483554E-08
* ORBITAL    1   14
 -3.00231312609698E-13 -7.06033952762607E-12 -2.01454361450250E-12 -2.13316978080061E-10  8.73093619089236E-11
 -3.86146388992594E-09  4.24906884296201E-11 -3.15300210217967E-08  9.65916791211317E-08 -1.15992545930477E-07
  4.05466904861927E-07 -1.33695260061384E-06  1.78718500810002E-06 -9.22717895524693E-07 -5.79828990553225E-06
 -5.98452218030798E-03 -7.21621579883532E-04 -5.86073130644188E-02  1.68470314933335E-01 -3.38215682120851E-01
  1.60545592743003E+00 -2.56570000101776E+00  1.01370270052556E+00 -1.04276317505815E-08 -1.08397875948447E-05
 -1.30382350686838E-06 -1.06155231106319E-04  3.05170701019868E-04 -6.12655272935779E-04  2.90812846109313E-03
 -4.64748231885790E-03  1.83621521118577E-03  1.36340888063272E-07  1.40448744205153E-04  1.69466890740081E-05
  1.37543519913336E-03 -3.95370027830631E-03  7.93730255529541E-03 -3.76772949580262E-02  6.02126984927203E-02
 -2.37898732781349E-02  1.05376443216032E-09 -5.52957377156599E-09  9.97426170117930E-09 -5.93434022846201E-08
 -1.92828062939802E-11  9.34400214698217E-11 -1.41542821723294E-10  7.57271737982367E-10  2.90815718800900E-10
 -1.60737978760192E-09  3.54991950600124E-09 -1.92839546066478E-08 -8.35720940334317E-10  4.79410914401623E-09
 -1.27531272532580E-08  6.57059608616599E-08 -4.74621443922123E-10  2.62014953487412E-09 -5.69377721834660E-09
  3.12310353714685E-08
* ORBITAL    1   15
 -2.31266291966311E-13 -8.66772805855571E-12  5.88650144504965E-12 -2.73022601467948E-10  3.00202881079502E-10
 -5.05721474417009E-09  2.92291945719740E-09 -4.18907438284279E-08  1.18220076540795E-07 -1.41519268131275E-07
  5.06479813039251E-07 -1.67502169000127E-06  2.24862109924889E-06 -1.16990246214697E-06 -1.35807080384278E-07
 -1.40436367199869E-04 -1.69229532066052E-05 -1.37531433577672E-03  3.95349722895944E-03 -7.93693732760124E-03
  3.76751920906624E-02 -6.02090911478673E-02  2.37885226718111E-02 -6.89330492947765E-09 -4.98509490903975E-06
 -6.89120949561513E-07 -4.88192298509882E-05  1.39765602762679E-04 -2.80425754523044E-04  1.33258652465395E-03
 -2.13059037066758E-03  8.41499061350666E-04 -5.79861703662602E-06 -5.98453240849161E-03 -7.21635707242360E-04
 -5.86074113610137E-02  1.68470521864572E-01 -3.38216076267951E-01  1.60545796545828E+00 -2.56570332637810E+00
  1.01370394173352E+00  2.31490210939334E-11 -1.19347098258353E-10  2.10464731951248E-10 -1.22598086453980E-09
  1.09597805553446E-09 -5.79744415430867E-09  1.06772595105356E-08 -6.37887317685147E-08 -9.71297278285104E-10
  5.57008502765721E-09 -1.47971015872280E-08  7.62603732086827E-08 -4.97278863803454E-10  2.75286788462783E-09
 -6.05812712621821E-09  3.31561284437583E-08 -1.27670539204897E-11  7.12023960675647E-11 -1.54464603619320E-10
  8.68807715246994E-10
* ORBITAL    1   16
  7.72501168022680E-13  2.10975537625017E-11 -1.82127466580805E-12  6.48179459270481E-10 -4.63850639445914E-10
  1.18916163889502E-08 -4.27657526858073E-09  9.72432633814686E-08 -2.71821250268332E-07  2.90302867434144E-07
 -1.00198976674390E-06  3.42084302526095E-06 -4.58885102432030E-06  2.34562654223524E-06  1.06449761174707E-08
  1.09541028058592E-05  1.32221977539866E-06  1.07275270327110E-04 -3.08360871473491E-04  6.19054077819909E-04
 -2.93856927492813E-03  4.69617686960720E-03 -1.85544557901982E-03 -5.80295234791004E-06 -5.98620081923025E-03
 -7.21926558829359E-04 -5.86235863835016E-02  1.68516649845746E-01 -3.38308023456172E-01  1.60589664787508E+00
 -2.56640339512566E+00  1.01397728907771E+00  2.50135372179698E-09  4.70155340195231E-06  4.79250691711642E-07
  4.60438972027230E-05 -1.32924174533192E-04  2.67020414450719E-04 -1.26605107412175E-03  2.02232489946454E-03
 -7.99307989173073E-04 -4.80052012116010E-10  2.65405427733138E-09 -5.78466359111485E-09  3.17882947750299E-08
 -8.49991771401008E-10  4.87415904762428E-09 -1.29346349627797E-08  6.67218924046545E-08 -6.37243072085453E-10
  3.37728030446192E-09 -6.23353249530564E-09  3.73282922534611E-08  2.51948736998123E-13  4.60173198726335E-13
  1.31198522714124E-12  4.70359660641443E-11 -1.09628408669079E-09  5.79497767834574E-09 -1.06896088953394E-08
  6.37275125131969E-08
* ORBITAL    1   17
  1.09500101481004E-12  4.05655609908326E-12  5.63486804462792E-11  4.87082562744839E-11  1.06426641446595E-09
 -1.47736875222734E-10  1.13170301368278E-08 -1.44759593761758E-08  8.08836081486823E-08 -1.63819657048785E-07
  4.18287706785164E-07 -1.27653910505243E-06  1.59167329949977E-06 -5.81049204155775E-07 -1.21035860202638E-11
 -2.59953455902928E-10 -4.09696147018613E-10 -2.18788294461420E-09  3.53558334007867E-09 -9.69668271416986E-09
  3.81141583637335E-08 -4.53923903076777E-08  1.55480438869564E-08  4.24218193689663E-11  4.57008498216503E-10
  1.44082995990729E-09  3.06629365205389E-09  6.62811084430051E-10  4.19285066388326E-09 -2.75689148438480E-08
  2.50268311459331E-08 -8.31679530898333E-09  1.80659706641764E-13 -3.61605146171916E-10  1.98426020894408E-12
 -3.64568639797934E-09  1.04236357369954E-08 -2.38180888110038E-08  8.49267984839476E-08 -1.07647841196848E-07
  3.71288839882961E-08  1.36609932528777E-03 -8.64538985200154E-03  2.64570448343324E-02 -1.39888928632241E-01
 -8.09122543311273E-03  5.12054994723044E-02 -1.56701573877303E-01  8.28543603500825E-01 -1.00381342919210E-03
  6.35265543221015E-03 -1.94407071935393E-02  1.02790756789869E-01  3.45294441188117E-04 -2.18520351746290E-03
  6.68726671583467E-03 -3.53582411408742E-02  7.02614159764094E-03 -4.44650927940864E-02  1.36074251743627E-01
 -7.19478739599345E-01
* ORBITAL    1   18
 -5.74079391121515E-14 -3.14993239833640E-13 -2.72678691392955E-12 -5.94405550801986E-12 -4.85879574309631E-11
 -5.02068827090285E-11 -4.90291345400258E-10  1.48034127585428E-10 -2.59272692952731E-09  5.21297193542991E-09
 -1.12816966161918E-08  3.75936757715285E-08 -4.74302875086582E-08  1.69123997223959E-08  3.58738616391315E-11
  2.23868496461685E-10  1.21587060307192E-09  9.57057582294997E-10  5.22919070146908E-09 -7.10223900431294E-09
  1.48644589555049E-08 -2.71019501810710E-08  9.61047258936725E-09  9.82004293000819E-12  1.80065467436944E-10
  3.31243480096493E-10  1.46759591440606E-09 -1.98923711712420E-09  5.84765689745370E-09 -2.37124800361904E-08
  2.76558915176252E-08 -9.44516434496394E-09  2.72486811888209E-13  8.75554686798351E-11  7.94879824319992E-12
  8.78709077579876E-10 -2.43092145108040E-09  5.58192915624566E-09 -1.99367660540285E-08  2.51339746734339E-08
 -8.65233486341414E-09 -8.54217110361316E-03  5.40593190775414E-02 -1.65434971564909E-01  8.74720556523990E-01
 -1.29255581776045E-04  8.17996814839085E-04 -2.50327386874840E-03  1.32358054545499E-02  1.12341279835234E-03
 -7.10954279118601E-03  2.17569704364664E-02 -1.15037764623587E-01 -6.29698511289197E-03  3.98506096644927E-02
 -1.21952784711013E-01  6.44812921829354E-01  1.98197384748283E-03 -1.25429654176709E-02  3.83845960320291E-02
 -2.02954640847087E-01
* ORBITAL    1   19
 -3.03595615728382E-13 -1.53501999249367E-12 -1.46820064110005E-11 -2.70209483701085E-11 -2.65825073910968E-10
 -1.90353908514953E-10 -2.72120608730635E-09  1.56963134816445E-09 -1.58154455818431E-08  3.18686643890517E-08
 -7.33012255058374E-08  2.36332066776611E-07 -2.96849025846008E-07  1.06782577596464E-07 -3.36287048443717E-12
  2.77313273353674E-11 -1.13474261734726E-10  4.00868504284868E-10 -1.88786975265999E-09  3.86302761183492E-09
 -1.28014773299808E-08  1.69909849290407E-08 -5.88455664627573E-09 -3.19909616175614E-11 -1.04143803109491E-09
 -1.09284485189192E-09 -9.32943719264212E-09  1.94750376208127E-08 -4.88824446975623E-08  1.83704406930139E-07
 -2.25359493144987E-07  7.74857742764398E-08 -6.01381117693873E-11 -9.34145180552956E-10 -2.04378442427455E-09
 -7.23360946303793E-09  7.26900401457769E-09 -2.47648234547921E-08  1.05952233410355E-07 -1.20300118758220E-07
  4.10429640684303E-08  1.79708101138740E-03 -1.13728669759191E-02  3.48038033930905E-02 -1.84021565280497E-01
  3.46800757529397E-03 -2.19473627339274E-02  6.71643921235013E-02 -3.55124882054542E-01  8.85404668694762E-03
 -5.60330304587573E-02  1.71475018635396E-01 -9.06656693895319E-01  6.06401805587615E-04 -3.83762724191123E-03
  1.17440944946344E-02 -6.20957032141060E-02  4.87947232868653E-03 -3.08798487905200E-02  9.45000221475261E-02
 -4.99659243075575E-01
* ORBITAL    1   20
  2.46909164971231E-14  1.56123367685122E-13  1.15547524695965E-12  3.18815665726751E-12  2.00532536738245E-11
  3.19363377632639E-11  1.97011242420040E-10  3.96465686163353E-11  8.55188652601608E-10 -1.70237585811855E-09
  3.11908012528882E-09 -1.14606328092763E-08  1.46155258723728E-08 -5.09665714219321E-09  5.58297011919151E-11
  1.32642271771004E-09  1.90161609330627E-09  1.13407067505017E-08 -1.99195327762234E-08  5.31220355022059E-08
 -2.05823550985060E-07  2.47813358760760E-07 -8.50492119386310E-08  3.00492276879072E-12  3.96056450534137E-11
  1.04061896938455E-10  2.83488610609595E-10 -1.50614126734114E-10  7.72714584093020E-10 -3.65580002880141E-09
  4.01429402769241E-09 -1.37634997687967E-09  1.08026909432883E-12  7.20170538292285E-11  3.39734596962893E-11
  6.96622851291906E-10 -1.72700251357528E-09  4.08730786644197E-09 -1.47594347920036E-08  1.83899044773812E-08
 -6.31578812644569E-09  5.95627847853124E-03 -3.76944400769725E-02  1.15354365863735E-01 -6.09924467708805E-01
 -1.51882497036412E-03  9.61191741349426E-03 -2.94148589295723E-02  1.55528072553744E-01  1.24429782686483E-03
 -7.87456627060405E-03  2.40981323288595E-02 -1.27416421031590E-01 -8.55358279813675E-03  5.41315377234589E-02
 -1.65655975204949E-01  8.75889104271538E-01 -2.30901635071201E-03  1.46126610254419E-02 -4.47183787637096E-02
  2.36443875602878E-01
* ORBITAL    1   21
  6.93624906147685E-13  2.82417251360790E-12  3.50427767809537E-11  3.93741272073334E-11  6.54519456721211E-10
  5.28655146956133E-11  6.89018131912483E-09 -7.60975599657331E-09  4.69783041817675E-08 -9.49419460745395E-08
  2.37508675723500E-07 -7.33053312896749E-07  9.15189658681329E-07 -3.33213962833175E-07 -2.93848176938130E-12
 -1.07374001581543E-11 -1.02974371663318E-10  9.35723712414980E-12 -6.60703294578223E-10  1.09418137995264E-09
 -2.93995575324481E-09  4.31510263045447E-09 -1.48869176260250E-09  4.21235660535768E-11  8.94241273266196E-10
  1.43251201671731E-09  7.48593067132317E-09 -1.19697718735659E-08  3.31277649395627E-08 -1.30238019952609E-07
  1.55356546990361E-07 -5.32679929952397E-08 -4.92230356237445E-11 -1.18860008441681E-09 -1.67693180250589E-09
 -1.01899509333149E-08  1.81056612044969E-08 -4.80818543006888E-08  1.85888694487067E-07 -2.24123606211373E-07
  7.69306602608979E-08 -2.07027169561853E-03  1.31017602082152E-02 -4.00946462290062E-02  2.11996360841104E-01
 -6.16515619579399E-03  3.90163273303952E-02 -1.19399669713143E-01  6.31313600221516E-01  5.96787870482793E-03
 -3.77678522025783E-02  1.15579025696293E-01 -6.11112331686717E-01  2.12719127878444E-03 -1.34619770042347E-02
  4.11969994023586E-02 -2.17824940387068E-01 -5.94911759016714E-03  3.76491221556305E-02 -1.15215681932125E-01
  6.09191189766179E-01
* ORBITAL    1   22
  7.93712342592564E-07  2.27109234652637E-05 -4.48742658822600E-06  6.91051031043644E-04 -5.94407001769622E-04
  1.16107004172877E-02 -7.70811999721196E-03  1.15634295408832E-01 -2.87245768543170E-01  4.64207848326625E-01
 -1.77382423794900E+00  4.45626859544901E+00 -4.43791998874549E+00  1.40502370074045E+00 -5.58496279150735E-10
 -1.07557504844738E-08 -1.80897318841255E-08 -1.02532202928872E-07  1.20976462765757E-07 -4.86116745086979E-07
  1.66331590953388E-06 -1.38243811990689E-06  4.18226747189155E-07  1.34327626712246E-09  2.65295366179122E-08
  4.36351289807274E-08  2.55816250098692E-07 -3.09859400194764E-07  1.22555340215215E-06 -4.20696593220361E-06
  3.48961782437626E-06 -1.05243910690734E-06 -7.83208349270169E-10 -1.38801851706927E-08 -2.51376309364655E-08
 -1.27441852876989E-07  1.35191965075124E-07 -5.82984708241323E-07  1.96608803498808E-06 -1.64138269677634E-06
  4.98046147549644E-07  4.32929807817921E-11 -4.78591249210687E-10  1.52204027605308E-09 -5.75380948100883E-09
 -3.86843814322669E-09  3.96842517016790E-08 -1.28210326430751E-07  4.74840476149444E-07  7.58293079897269E-10
 -3.91027954358507E-09  1.81451486554365E-08 -3.36820288084473E-08  4.92786970490715E-10 -5.05395297676460E-09
  1.63467432948220E-08 -6.04477712716809E-08  1.71258336867561E-09 -1.10390733415120E-08  4.55988382376468E-08
 -1.09038754524281E-07
* ORBITAL    1   23
  1.74252947220238E-12 -3.67623204170814E-13  1.06270482271548E-10 -1.23901753001571E-10  2.33928987843604E-09
 -8.02801593904093E-10  3.55233822001689E-08 -6.84579914903519E-08  1.75658450913517E-07 -9.93840173596379E-07
  2.80654978295922E-06 -4.13143345900235E-06  2.88910741244222E-06 -6.23968989584350E-07  8.70031142220974E-05
  4.99916815400885E-05  3.99428764560193E-03 -6.06118068552576E-03  2.51200227584299E-02 -1.13402899538955E-01
  1.57620602703752E-01 -8.46997024860578E-02  2.24952044834373E-02 -1.66258698573592E-03 -9.55358328509807E-04
 -7.63288020960929E-02  1.15826070004079E-01 -4.80030338031501E-01  2.16707182201097E+00 -3.01204991331645E+00
  1.61856900695202E+00 -4.29873698580656E-01 -1.02882537951101E-03 -5.91160122187565E-04 -4.72330723163856E-02
  7.16744044032368E-02 -2.97048166799129E-01  1.34100692920664E+00 -1.86388815004285E+00  1.00158716530054E+00
 -2.66009305752948E-01  6.51711737365800E-10 -2.24985732972072E-09  2.85899928176067E-08 -2.12516017311996E-08
 -5.83152023777113E-10  1.51807544763857E-09 -2.64231075252604E-08  4.22441111837068E-09  1.31620098302692E-09
 -4.81779970610683E-09  5.90748549108347E-08 -4.80538440505963E-08  3.29411391764766E-10 -1.11910498377560E-09
  1.43074523789052E-08 -1.03151753719667E-08  1.63963699567043E-09 -5.58588348472733E-09  7.40620358300784E-08
 -4.83191012846471E-08
* ORBITAL    1   24
 -5.59007672906224E-13  3.21108801945874E-12 -4.13538895965834E-11  1.45787595016625E-10 -1.00430155164803E-09
  2.49083792742848E-09 -1.58603437019862E-08  3.89865881128185E-08 -7.51952762575924E-08  2.54229561660719E-07
 -6.95617278021786E-07  1.07856467691215E-06 -7.68829910123487E-07  1.47306771463086E-07 -1.91761787105457E-03
 -1.10193309882996E-03 -8.80370923091482E-02  1.33592607208228E-01 -5.53663888337041E-01  2.49947918701198E+00
 -3.47406350590116E+00  1.86683742785687E+00 -4.95808743144862E-01 -2.73453617616285E-04 -1.57143306579626E-04
 -1.25541360143825E-02  1.90503747591049E-02 -7.89526809419022E-02  3.56427084198055E-01 -4.95403375289398E-01
  2.66212142312882E-01 -7.07028849646466E-02  2.79737505132254E-04  1.60747413566583E-04  1.28426401072079E-02
 -1.94881684941341E-02  8.07671574087468E-02 -3.64618024268469E-01  5.06788047808285E-01 -2.72329763918120E-01
  7.23273924050074E-02 -1.76210824535836E-09  5.93238285192389E-09 -8.06996324961346E-08  5.10821541071586E-08
  3.39916317882258E-10 -1.22278182730203E-09  1.55496360499698E-08 -1.20735488217676E-08 -2.90286794841289E-10
  1.08908688081560E-09 -1.27514831898073E-08  1.23626753839077E-08  4.25804935381390E-10 -1.97999372331517E-09
  1.92011492481513E-08 -2.70982645410691E-08  9.17487057564618E-10 -3.15423335940186E-09  4.05809375687871E-08
 -2.93672130651226E-08
* ORBITAL    1   25
 -2.40692173540830E-12  5.88759114232190E-12 -1.59121917570653E-10  3.47886456961694E-10 -3.60102211449805E-09
  4.19619593170103E-09 -5.52926763852720E-08  1.34180085304358E-07 -3.51849453712646E-07  1.55865462795836E-06
 -4.22847998169770E-06  6.29097278324658E-06 -4.42524914336500E-06  9.14788776863411E-07 -3.81393153952265E-04
 -2.19166911650779E-04 -1.75096006145209E-02  2.65700642587178E-02 -1.10117586065672E-01  4.97118311364341E-01
 -6.90951887815262E-01  3.71292780521566E-01 -9.86107065307405E-02  9.95636563978935E-04  5.72165939687832E-04
  4.57092105537111E-02 -6.93617487366734E-02  2.87464158213018E-01 -1.29773874843603E+00  1.80374588856491E+00
 -9.69268733031088E-01  2.57426564656015E-01 -1.64120409425159E-03 -9.43115601516220E-04 -7.53469940445464E-02
  1.14335810633751E-01 -4.73855965639817E-01  2.13919040047976E+00 -2.97329150315134E+00  1.59774028950365E+00
 -4.24339802044985E-01 -7.04291392620760E-10  2.40437525319305E-09 -3.15437871408488E-08  2.19010967319250E-08
 -1.92863295566840E-09  6.85000202665965E-09 -8.67978142214240E-08  6.45928571444035E-08 -1.45231622036591E-10
 -2.80200633741770E-11 -6.46971225520051E-09 -1.01816404067755E-08  6.57231795297355E-10 -2.37547985092767E-09
  2.88796355383904E-08 -2.43866338254661E-08 -8.69077861138768E-10  2.95504315361220E-09 -3.94404070464300E-08
  2.52119755569411E-08
* ORBITAL    1   26
  5.84081322628326E-13  7.64466385868594E-12  1.73681934348791E-11  2.06372844254937E-10  1.68875387540928E-10
  2.94262526725271E-09 -2.32181321645545E-10  2.47314021033969E-08 -3.90715331448240E-08  1.28986030782330E-07
 -4.06164536617609E-07  5.25163809776918E-07 -2.72863643937124E-07  7.18615580482739E-08 -1.61761128146921E-11
  2.80810718183768E-11 -8.18661312756841E-10  1.72706737757824E-09 -5.25838487281770E-09  2.38762085906858E-08
 -2.62213918389882E-08  1.44749658870328E-08 -3.79493912309162E-09 -9.60037229258294E-11 -3.02328550238801E-10
 -3.95525048953201E-09  2.52304064658876E-09 -2.20830752416554E-08  7.72323539339690E-08 -9.09147366401813E-08
  4.71647255485498E-08 -1.23500554463424E-08 -1.47156954780255E-10 -2.63877200593200E-10 -6.46583324936526E-09
  7.20011037355466E-09 -3.78867131405159E-08  1.46042367826880E-07 -1.66868519946387E-07  8.86557512543382E-08
 -2.32117519828202E-08 -6.64695522884924E-03  2.18222930775765E-02 -1.90452519008015E-01  9.92006325683107E-02
  3.62029858545887E-02 -1.18856249240319E-01  1.03730950664503E+00 -5.40301381928592E-01  9.48589984998165E-03
 -3.11426932774953E-02  2.71795651995597E-01 -1.41569671721567E-01 -2.68491985593904E-03  8.81472886287176E-03
 -7.69299225209812E-02  4.00703388709792E-02 -3.02687421068381E-02  9.93738243890461E-02 -8.67278021979562E-01
  4.51737413784799E-01
* ORBITAL    1   27
  5.32557315373652E-14  6.62309038842868E-13  1.67189161892053E-12  1.76790613840094E-11  1.81697962015034E-11
  2.50148745583847E-10  3.02170972362493E-11  2.05438877812266E-09 -3.09426599950834E-09  9.78584406220520E-09
 -3.19326748921289E-08  4.25359470151185E-08 -2.30421279256974E-08  5.91099043554805E-09 -1.42120429665154E-10
 -3.36319593680359E-10 -6.07776951705429E-09  5.58825243337122E-09 -3.49260641653295E-08  1.29497175827378E-07
 -1.49728806437220E-07  7.88629961342599E-08 -2.06494368963204E-08  1.78967114432779E-12 -5.07649458606667E-11
  1.79675498266761E-10 -9.69799096600079E-10  1.48723460317438E-09 -9.11208047354470E-09  9.43713328253766E-09
 -5.53646668184916E-09  1.45495734759671E-09  2.43659207654494E-11  1.55923922543926E-11  1.12064467323720E-09
 -1.64527039973056E-09  6.78712718522239E-09 -2.79398288829730E-08  3.14615534075903E-08 -1.70041273661216E-08
  4.45662733195447E-09  3.64716324843554E-02 -1.19738229893481E-01  1.04500693109193E+00 -5.44310724788713E-01
  2.52989563450073E-03 -8.30577641893267E-03  7.24880761307985E-02 -3.77567230208917E-02 -2.75857355960596E-03
  9.05653768655854E-03 -7.90402920528554E-02  4.11695629808584E-02  3.08282441059207E-02 -1.01210698222360E-01
  8.83309208594355E-01 -4.60087546941828E-01 -8.58226777820996E-03  2.81760228907822E-02 -2.45904246617279E-01
  1.28083665977724E-01
* ORBITAL    1   28
 -2.11672186707274E-13 -2.60311168279705E-12 -6.67432688433226E-12 -6.93371583474472E-11 -7.36311151087306E-11
 -9.79981557526348E-10 -1.51511503306261E-10 -8.01870359017497E-09  1.19858783289531E-08 -3.75317672382868E-08
  1.23382141193355E-07 -1.65440978887698E-07  9.03217345373115E-08 -2.30500540282230E-08 -2.68495544014003E-11
 -4.29673241170897E-11 -1.18930195567803E-09  1.39807443509557E-09 -7.01145377542840E-09  2.72727272124656E-08
 -3.10883579141019E-08  1.65713959061104E-08 -4.33893892634143E-09  2.02329111509388E-10  2.44824682580868E-10
  9.12576811151852E-09 -1.18633894818029E-08  5.44598206775331E-08 -2.17020475254429E-07  2.45606262593772E-07
 -1.31539198599687E-07  3.44397299716767E-08 -2.16011329347589E-11 -2.55048169777106E-10 -5.16090220325983E-10
 -2.54543219369560E-09 -1.21268630012374E-09 -8.30375230471942E-09  5.15277150467349E-09 -4.66087691164908E-09
  1.22005891317955E-09  6.69155680868829E-03 -2.19687223612184E-02  1.91730470676569E-01 -9.98662769859563E-02
  9.70319517102939E-03 -3.18560847414734E-02  2.78021726546758E-01 -1.44812635432212E-01  4.12450589051996E-02
 -1.35409632535312E-01  1.18177799094556E+00 -6.15550401330250E-01  1.36438558095282E-03 -4.47934747553916E-03
  3.90931882740168E-02 -2.03623928655562E-02  2.29408077743096E-02 -7.53158420100617E-02  6.57313684866505E-01
 -3.42373699403573E-01
* ORBITAL    1   29
  1.59704969060757E-14  1.70950221265018E-13  5.70984981403674E-13  4.36421869497639E-12  7.68350223677136E-12
  6.01084350187765E-11  5.10034136905804E-11  4.52159594044294E-10 -5.48146248726954E-10  1.32066688104889E-09
 -5.39553200462073E-09  8.36113874644591E-09 -5.39317194962025E-09  1.24622225873335E-09 -1.42869322100395E-10
 -1.80903926274578E-11 -6.74910765357911E-09  1.09436144553129E-08 -4.15330289732085E-08  1.74164670129065E-07
 -1.94379105604679E-07  1.05434242130021E-07 -2.76068776326767E-08 -8.22300327756027E-12 -5.29151913743200E-13
 -3.95424173902867E-10  6.52500866091347E-10 -2.45006987642289E-09  1.01983169013722E-08 -1.12764828054667E-08
  6.08188479901858E-09 -1.58795199096730E-09 -1.32002738343158E-13  9.09662882622826E-12 -1.67967185153844E-11
  1.43300530391341E-10 -1.59281604578949E-10  1.24987668157797E-09 -1.37343224168000E-09  8.62888679554888E-10
 -2.31516863565810E-10  2.83705285594533E-02 -9.31418926864278E-02  8.12889283609188E-01 -4.23408059887680E-01
 -9.51785299755106E-03  3.12475969786144E-02 -2.72711193532974E-01  1.42046548892395E-01  5.83474893431312E-03
 -1.91557785264128E-02  1.67180702662184E-01 -8.70790873642588E-02 -3.57719753344423E-02  1.17441220359312E-01
 -1.02495994740542E+00  5.33868893926658E-01 -1.26123377395270E-02  4.14069482950545E-02 -3.61376213881508E-01
  1.88229325567680E-01
* ORBITAL    1   30
  2.20881692429142E-13  2.97786255320633E-12  6.36448879348122E-12  8.08679836002841E-11  5.72391642152780E-11
  1.15680203521907E-09 -2.19070162984220E-10  9.83701675370203E-09 -1.58808510001555E-08  5.38555030385905E-08
 -1.66446097367398E-07  2.11396934258369E-07 -1.07273508844171E-07  2.86891346799818E-08 -7.03109409907573E-12
 -2.64100616010086E-12 -3.37188834328419E-10  5.29957313030396E-10 -2.07859319269158E-09  8.50323799018364E-09
 -9.37713424541928E-09  5.01720400143475E-09 -1.30738237688626E-09  7.65230651537393E-11 -3.78453802029711E-11
  3.70938287319034E-09 -6.65088867025104E-09  2.31970590009613E-08 -9.98278020513974E-08  1.10634999487803E-07
 -6.03629483078225E-08  1.58057670526347E-08 -1.42270621271944E-10 -7.10976146598594E-11 -6.61752083991382E-09
  1.00207343131449E-08 -4.03128571588803E-08  1.66419162043496E-07 -1.86503525265896E-07  1.00737844977537E-07
 -2.63760759973387E-08  1.20083390614946E-02 -3.94239897925620E-02  3.44070083830460E-01 -1.79215115296217E-01
  2.94351481026701E-02 -9.66370929541518E-02  8.43393397004848E-01 -4.39296678151268E-01 -2.31394643034390E-02
  7.59680421146169E-02 -6.63005716493551E-01  3.45338497831127E-01 -1.13640137278009E-02  3.73086369404050E-02
 -3.25608491164688E-01  1.69599061398063E-01  2.63253153191710E-02 -8.64273534034542E-02  7.54288616663316E-01
 -3.92884844555479E-01
* ORBITAL    1   31
 -7.93700549965808E-06  5.32110057599317E-06 -4.90300908465860E-04  7.61752521029793E-04 -1.06223633103456E-02
  1.60520782016005E-02 -1.57053368782407E-01  2.58308723072333E-01 -9.50485208344715E-01  3.84813088863754E+00
 -6.94278736698475E+00  6.04212444012753E+00 -2.73254163051536E+00  6.76270514798136E-01  1.84534243544146E-09
 -3.74390792027960E-09  7.13462507054690E-08 -1.05668456557474E-07  8.96087163202936E-07 -1.68432341953344E-06
  1.13511785120607E-06 -5.25931145968095E-07  1.36319998671114E-07 -5.74309202925152E-09  8.51713831651777E-09
 -2.18187795411385E-07  2.94021786133074E-07 -2.68164690782751E-06  4.90245852751544E-06 -3.36292227534271E-06
  1.55307764852064E-06 -4.03664591989434E-07  2.54655745168213E-09 -2.42625613442663E-09  9.51231780438068E-08
 -1.17514949684708E-07  1.14289478602215E-06 -2.04494744458389E-06  1.42433074094427E-06 -6.48607151386198E-07
  1.67324525357378E-07  6.62902890623751E-11  6.32747623817538E-10  3.22763649632000E-10  6.11599959433411E-10
 -5.11771725063662E-09 -5.15165970881003E-08 -3.20537168991084E-08 -4.86788781570472E-08  2.67190128847232E-10
  2.92255749274501E-09  2.01482179839729E-08 -7.69778611239448E-09  6.55334222739271E-10  6.55602073846816E-09
  4.13216774318476E-09  6.17185338637164E-09  1.13393724310846E-09  1.03077115431915E-08  3.94483256839736E-08
 -8.90561528556083E-09
* ORBITAL    1   32
 -8.64984649896197E-12  7.59383357148407E-11 -6.94514917848784E-10  3.21585653263446E-09 -1.64512794310733E-08
  6.65827797842469E-08 -2.40825756747355E-07  6.59326964892092E-07 -2.25130896673104E-06  5.72551644713228E-06
 -7.87492208257720E-06  5.51496503684522E-06 -2.07570336767784E-06  6.24891325310174E-07 -6.25212412586961E-06
  3.37986925034076E-04 -2.96273284478355E-04  4.80418830435264E-03 -1.61486253502411E-02  1.80446152551607E-02
 -1.08236627315401E-02  4.80167122664895E-03 -1.22324565602041E-03  1.22298671026351E-03 -6.61167932615497E-02
  5.79556358090189E-02 -9.39781610210415E-01  3.15895818361774E+00 -3.52984001603737E+00  2.11729311619879E+00
 -9.39286402185667E-01  2.39286502918947E-01  1.99366246065535E-04 -1.07776768086635E-02  9.44751331852925E-03
 -1.53195021118681E-01  5.14944332852548E-01 -5.75403186530479E-01  3.45142845613812E-01 -1.53114716525362E-01
  3.90066169643825E-02 -3.88468748720365E-09  3.89074808122841E-08 -3.18414497543830E-08  9.68661322902086E-09
 -1.17918589766630E-09  1.25857642387677E-08 -7.11916283294473E-09 -4.87499983469613E-09 -7.44292010016917E-09
  7.26819127670999E-08 -6.04048262990018E-08  1.95423402623124E-08 -6.08176103009294E-10  6.07855590926916E-09
 -4.99915998152315E-09  1.52413962947964E-09 -1.18428133178486E-08  1.15353641142834E-07 -9.68370291803100E-08
  3.36386160136944E-08
* ORBITAL    1   33
  3.09013462688650E-12 -1.91827000088017E-11  2.30460525112262E-10 -8.86829744795271E-10  5.42991938553891E-09
 -1.89745218605875E-08  8.00009254980991E-08 -1.77013762390441E-07  5.50146605603567E-07 -1.52670219027899E-06
  2.23141288965038E-06 -1.58526003455379E-06  5.81385299782877E-07 -1.81427534238547E-07 -7.18689399786660E-04
  3.88538387640807E-02 -3.40577073544824E-02  5.52267145122633E-01 -1.85637496398797E+00  2.07432330838505E+00
 -1.24423426154047E+00  5.51974845169442E-01 -1.40618399417446E-01 -1.65976661384722E-04  8.97338987176470E-03
 -7.86555620542195E-03  1.27546151288661E-01 -4.28731278206633E-01  4.79065671883585E-01 -2.87355885374837E-01
  1.27478280861253E-01 -3.24756528247358E-02  9.95689958812258E-04 -5.38291115714676E-02  4.71844025403389E-02
 -7.65125023517230E-01  2.57186952568046E+00 -2.87382062862385E+00  1.72379393699910E+00 -7.64720022495421E-01
  1.94816315908465E-01 -6.43415255426305E-09  6.27678289699212E-08 -5.26816823486032E-08  1.88977374037209E-08
  1.00737133984747E-08 -9.83294519211700E-08  8.20623839553293E-08 -2.75969441376297E-08 -3.29470439698169E-09
  3.35699751042016E-08 -2.46241485859009E-08  1.30467024973606E-09 -1.28294865731300E-09  1.27082178137652E-08
 -1.20226094451106E-08  7.36447410614180E-09  3.85365617704530E-09 -3.81982753856554E-08  3.15635779499538E-08
 -1.02202746070368E-08
* ORBITAL    1   34
  5.04353704339479E-12 -3.67400548833568E-11  3.87165388341526E-10 -1.62567662610213E-09  8.96758895174278E-09
 -3.43689290715165E-08  1.27593834435154E-07 -3.21412286656017E-07  1.23528393097756E-06 -3.46218552487954E-06
  4.92603692060126E-06 -3.41587633936319E-06  1.24991605306414E-06 -4.18032906473790E-07  1.00940963666236E-03
 -5.45708806837204E-02  4.78345803390593E-02 -7.75668327571707E-01  2.60730952397884E+00 -2.91342124722112E+00
  1.74754735450629E+00 -7.75257620504296E-01  1.97500850842452E-01 -1.10598941218378E-04  5.97945010321542E-03
 -5.24123555933099E-03  8.49908016568295E-02 -2.85686532812752E-01  3.19226990031828E-01 -1.91480524728968E-01
  8.49455587829188E-02 -2.16402577430562E-02  7.10153597235222E-04 -3.83924827669561E-02  3.36532473417217E-02
 -5.45709120900938E-01  1.83433129840782E+00 -2.04969125842840E+00  1.22945914353151E+00 -5.45420144536125E-01
  1.38948576677911E-01  1.01108663608890E-08 -9.89374676391535E-08  8.27927487121374E-08 -2.92459419269393E-08
  7.16892886048100E-09 -6.98702793232614E-08  5.83933834065317E-08 -1.95145772272875E-08  3.49354350099443E-10
 -3.20080777212674E-09  4.58535474272283E-09 -5.92304761224562E-09 -4.79249429624934E-09  4.82390880766510E-08
 -3.71643703174736E-08  6.08485265795138E-09 -2.08113634833954E-09  2.11933766049431E-08 -1.70941269034672E-08
  4.87276407579471E-09
* ORBITAL    1   35
 -9.44616581240932E-13 -2.29330834364296E-12 -5.14408997266031E-11 -3.87429394676300E-12 -1.02712018591544E-09
  5.85840402626276E-10 -1.31038140873764E-08  1.69744760719195E-08 -9.09473460238002E-08  2.90947428180057E-07
 -3.80205109184531E-07  2.40656817777335E-07 -1.16815555333145E-07  2.65318941687313E-08  1.95348129160060E-11
 -6.33772911105379E-10  7.89584044250322E-10 -8.87289497156534E-09  3.14008471809897E-08 -3.27268104754903E-08
  2.07871212071664E-08 -9.08972592001483E-09  2.32281604864110E-09  4.61677252549393E-11 -2.10761542063086E-09
  2.02459972514695E-09 -2.96156522177310E-08  9.93328036216070E-08 -1.04717690378724E-07  6.48070011989644E-08
 -2.83993760747372E-08  7.25113810354112E-09  9.53471546573706E-11 -3.75392516903325E-09  3.99272769595384E-09
 -5.26300448831817E-08  1.80733685143737E-07 -1.89613920330567E-07  1.18662756406763E-07 -5.19393946319840E-08
  1.32669897527621E-08  1.41314676526753E-02 -1.78390208167154E-01  1.32521389275389E-01 -4.59682044910468E-02
 -8.69250517755256E-02  1.09730839450273E+00 -8.15161518104643E-01  2.82758214065777E-01 -1.49999845657694E-02
  1.89354031044257E-01 -1.40666124543996E-01  4.87934001822812E-02  4.55063691609845E-03 -5.74454887894021E-02
  4.26747412833029E-02 -1.48027518023001E-02  7.38271321205155E-02 -9.31965298321894E-01  6.92332484814571E-01
 -2.40152034414574E-01
* ORBITAL    1   36
  2.90591163163745E-14  1.51875191729916E-13  1.40280662688967E-12  2.73598464927893E-12  2.54856166491497E-11
  2.19490388814714E-11  2.78730980947254E-10 -1.35386650662103E-10  1.63335742310827E-09 -4.21935474499239E-09
  4.68701853604494E-09 -3.74988690897473E-09  1.22839586654338E-09 -3.39380874619521E-10  8.24819464627234E-11
 -3.45105074555655E-09  3.51914783322840E-09 -4.84295790945409E-08  1.64632878477226E-07 -1.73120801313142E-07
  1.07805535679036E-07 -4.72166728038537E-08  1.20584597733133E-08 -9.01364005259291E-12  2.24908869275320E-10
 -3.52149889210344E-10  3.14333402272599E-09 -1.16628194181731E-08  1.20404143304077E-08 -7.81914323168618E-09
  3.41628411477935E-09 -8.73512893518996E-10 -2.09432338156831E-11  7.66084263867939E-10 -8.70207842546979E-10
  1.07418707231403E-08 -3.72217963038395E-08  3.89728221611046E-08 -2.45046565334762E-08  1.07257121926162E-08
 -2.73996236444782E-09 -9.02890115031964E-02  1.13977372805628E+00 -8.46707896524798E-01  2.93700827764864E-01
 -2.87359823354201E-03  3.62751980140645E-02 -2.69478896094598E-02  9.34751821456926E-03  9.31669106457018E-03
 -1.17610321945017E-01  8.73696119371127E-02 -3.03062336511704E-02 -6.92972664689175E-02  8.74782018241406E-01
 -6.49852531417466E-01  2.25416849422590E-01  2.00634299114815E-02 -2.53273016618624E-01  1.88149856309590E-01
 -6.52642650053631E-02
* ORBITAL    1   37
 -1.68427429279073E-13 -7.60933763452585E-13 -8.34899107400429E-12 -1.21231794929034E-11 -1.55715649678741E-10
 -7.06749986985846E-11 -1.78384605379231E-09  1.32282608123130E-09 -1.10640415356213E-08  3.10067880703902E-08
 -3.69006130462204E-08  2.67847028260620E-08 -1.04100167950500E-08  2.62865049432414E-09  1.90904326699269E-11
 -7.56385608971330E-10  8.01251732902901E-10 -1.06052638755552E-08  3.63771350821305E-08 -3.81858220975991E-08
  2.38781232611642E-08 -1.04540289713158E-08  2.67020869038963E-09 -1.46351929367524E-10  5.52213506309324E-09
 -6.05662685638667E-09  7.73688212628036E-08 -2.67602187090413E-07  2.80352694580751E-07 -1.76033817839478E-07
  7.70274708548484E-08 -1.96775035915384E-08 -9.00571933652246E-12 -7.98051373581239E-11 -2.44447172134335E-10
 -1.21499362335259E-09  6.76627515789863E-10 -1.42950888438160E-09 -1.69411461287637E-10  3.10938978502447E-11
 -1.21526452890578E-11 -1.75104350527339E-02  2.21044992503210E-01 -1.64208505665415E-01  5.69596365233406E-02
 -3.22809113197363E-02  4.07501799883069E-01 -3.02722359181315E-01  1.05006470136569E-01 -9.58306393899600E-02
  1.20972910713692E+00 -8.98675906106284E-01  3.11727171244576E-01 -4.32461783619277E-03  5.45923110242409E-02
 -4.05551906437837E-02  1.40675351076000E-02 -5.38602810197886E-02  6.79911457633546E-01 -5.05088322528886E-01
  1.75201930891476E-01
* ORBITAL    1   38
 -1.89931399085446E-14 -4.01109655692802E-15 -1.13256235998262E-12  1.31260240852628E-12 -2.39737001786566E-11
  3.30819028993383E-11 -3.30612786288627E-10  5.48964234715488E-10 -2.45937910083122E-09  8.39451870537078E-09
 -1.14026609893989E-08  6.80427173881212E-09 -3.61468231809788E-09  7.89120234210601E-10  1.24068065497497E-10
 -4.43319546285413E-09  5.06060482980490E-09 -6.20545389033145E-08  2.16693383402500E-07 -2.26645456514199E-07
  1.42910894475454E-07 -6.25163667421891E-08  1.59728756746677E-08 -4.51782141076342E-12  1.38102154430746E-10
 -1.87904716202989E-10  1.94129947925462E-09 -6.85249439810321E-09  7.14374048251055E-09 -4.53942663266717E-09
  1.98880450050890E-09 -5.08094417473720E-10  2.04835111738546E-11 -7.12251338325213E-10  8.43763985369539E-10
 -9.98357016170627E-09  3.48594550999516E-08 -3.64490386977557E-08  2.29995345571276E-08 -1.00663242341287E-08
  2.57176530862434E-09 -6.69408269778601E-02  8.45035237672281E-01 -6.27754431822107E-01  2.17751596351624E-01
  1.20687094743858E-02 -1.52350743755420E-01  1.13177356774845E-01 -3.92582654295495E-02 -7.16336114555159E-03
  9.04275141805393E-02 -6.71762196737526E-02  2.33016739217038E-02  9.15244086391858E-02 -1.15536891099974E+00
  8.58293147766055E-01 -2.97719448247089E-01  1.99262876162563E-02 -2.51541786227265E-01  1.86863770935774E-01
 -6.48181555709521E-02
* ORBITAL    1   39
 -5.82509300221705E-13 -1.63950532248431E-12 -3.12023892662942E-11 -9.66725821378330E-12 -6.16047366652128E-10
  2.49964355009296E-10 -7.73026151518049E-09  9.39522287725593E-09 -5.28474954491600E-08  1.66039004524010E-07
 -2.14584564363182E-07  1.38182375780402E-07 -6.53307561314824E-08  1.50148982236530E-08 -1.53715071116433E-11
  5.29238040645423E-10 -6.37066179431702E-10  7.42387560330703E-09 -2.59006539325626E-08  2.70870836342002E-08
 -1.70895345962142E-08  7.48272784293582E-09 -1.91159661149000E-09 -6.89203328152358E-11  2.38769067831680E-09
 -2.78884431039077E-09  3.34046193331627E-08 -1.17306272635927E-07  1.22556222715396E-07 -7.74781635167695E-08
  3.38845543438835E-08 -8.65822213745387E-09  1.14532040267398E-10 -4.14155709284419E-09  4.68495228536884E-09
 -5.79841346803532E-08  2.02065360125275E-07 -2.11391738801363E-07  1.33186564902976E-07 -5.82613579555719E-08
  1.48853559320006E-08 -1.76726504406430E-02  2.23092737897083E-01 -1.65729721888461E-01  5.74873066184406E-02
 -6.85556929195312E-02  8.65420683976583E-01 -6.42898243236241E-01  2.23004588507290E-01  6.24915252813981E-02
 -7.88868964938361E-01  5.86029986284403E-01 -2.03278477320687E-01  1.52832275740130E-02 -1.92929583104555E-01
  1.43322308234746E-01 -4.97147607884857E-02 -6.55808107235900E-02  8.27866915749084E-01 -6.15000537370326E-01
  2.13327603890373E-01
* ORBITAL    1   40
 -1.19813481753901E-06  2.81940107621346E-04 -7.22288046138026E-04  9.43121800865126E-03 -2.19392455219674E-02
  1.67126098368560E-01 -3.35938497428789E-01  2.14306428686344E+00 -6.15264037876174E+00  8.44411577682788E+00
 -6.25088660763460E+00  3.17318709053153E+00 -1.40693308565461E+00  3.27229360879299E-01  5.48893298949441E-09
 -2.76202338888520E-08  3.33050940220569E-07 -1.22896018636691E-06  1.39180023694807E-06 -7.95061197455894E-07
  5.43900338299510E-07 -2.15612619102128E-07  5.47093252010179E-08 -1.76198923029675E-08  9.57259988107366E-08
 -1.08625291949584E-06  4.06021462228392E-06 -4.52633552842874E-06  2.73377154814033E-06 -1.73909398589326E-06
  7.06225978050734E-07 -1.78590880246607E-07  4.90636722561593E-09 -2.37971924165550E-08  2.95211366771827E-07
 -1.08184374815335E-06  1.24315191916265E-06 -6.73378307710006E-07  4.93034070722554E-07 -1.93156664084566E-07
  4.92142919577940E-08 -1.24810330412141E-09  1.39349155387010E-09 -1.00371796498493E-09 -1.12377860344382E-10
  9.88184736074497E-08 -1.12289969485830E-07  8.34375578385587E-08  9.34340791652978E-09  1.34306382391488E-09
  1.68868772462582E-09 -9.11869231587187E-09  2.72579122068984E-09 -1.26223305860194E-08  1.43392053096283E-08
 -1.06630013726807E-08 -1.17350212267605E-09 -8.85644123470994E-09  1.53276559333389E-08 -2.52090614243414E-08
  4.07930805992231E-09
* ORBITAL    1   41
 -3.52004600135863E-13 -1.42822620346652E-11  1.18648167359158E-11 -4.45037632415063E-10  6.07972108904443E-10
 -7.42673641553344E-09  1.19981813826917E-08 -9.22280269702333E-08  2.26903496835205E-07 -2.67898489040525E-07
  1.85543237889948E-07 -9.56731248651661E-08  4.04054112658001E-08 -9.58518792157497E-09  3.34528065934590E-11
 -2.62234935606461E-10  2.04740528407766E-09 -8.43944967092918E-09  8.72637471161023E-09 -5.33583575032167E-09
  3.16578449974539E-09 -1.33641278043851E-09  3.47295358887672E-10  8.96219860038800E-11 -5.68581174271822E-10
  5.42162920713888E-09 -1.94972078310670E-08  1.99490165548296E-08 -1.18740039002820E-08  7.33127551930116E-09
 -3.02017916334007E-09  7.86985371420929E-10 -2.08414785638134E-10  1.23916398886437E-09 -1.25967980907463E-08
  4.35905121883034E-08 -4.42388185704893E-08  2.65559520634624E-08 -1.61993027232885E-08  6.69772564582396E-09
 -1.74477671411748E-09  1.18799656386680E-01 -9.73763068726477E-02  4.64011455600443E-02 -1.52265336477871E-02
  6.76014707268842E-01 -5.54107794496467E-01  2.64039962643403E-01 -8.66447008349958E-02 -9.10595837985905E-01
  7.46386500037269E-01 -3.55663402510296E-01  1.16710928166550E-01 -1.07362310509111E-01  8.80014775371620E-02
 -4.19339108188410E-02  1.37606107868889E-02  7.80471676163862E-01 -6.39727855649614E-01  3.04839095861523E-01
 -1.00032934417338E-01
* ORBITAL    1   42
  4.62819978437303E-14  1.98603855647639E-12 -1.72983712416612E-12  6.19370366031213E-11 -8.60443630652933E-11
  1.03594600272281E-09 -1.67610235548756E-09  1.29167977537478E-08 -3.20870446404137E-08  3.79414653869547E-08
 -2.61914644239538E-08  1.38046105536735E-08 -5.66565619436420E-09  1.35966885789863E-09  2.09572251748663E-10
 -1.27938900315751E-09  1.26729818056543E-08 -4.45385195533447E-08  4.53411453808714E-08 -2.71458267826267E-08
  1.66205684336993E-08 -6.86539521134694E-09  1.78855769481683E-09 -2.06774927333003E-12  5.27486997644169E-11
 -1.38880242244217E-10  1.33957480952504E-09 -1.48022228720258E-09  9.12146527783325E-10 -5.33843974791867E-10
  2.31718793141311E-10 -5.99958538265629E-11  4.34126011613617E-11 -3.09892281748404E-10  2.64599470366069E-09
 -1.02696681818493E-08  1.05444679678157E-08 -6.43163376551752E-09  3.83106315190526E-09 -1.61025314922874E-09
  4.18686809714667E-10 -6.72947774220250E-01  5.51593926828539E-01 -2.62842070221774E-01  8.62516124969078E-02
  7.10967140911719E-02 -5.82757194670016E-02  2.77691794652545E-02 -9.11245488519836E-03 -4.92305729929983E-02
  4.03527377664054E-02 -1.92286329014756E-02  6.30987494860460E-03  1.19941461840947E+00 -9.83122085347627E-01
  4.68471155286077E-01 -1.53728786729815E-01  1.48405526219440E-01 -1.21643298488854E-01  5.79646998400584E-02
 -1.90211134200031E-02
* ORBITAL    1   43
 -3.90368059237173E-13 -1.54886316939221E-11  1.23581928396616E-11 -4.81926478978314E-10  6.49252143751253E-10
 -8.02893463137815E-09  1.29387678290660E-08 -9.94271435226409E-08  2.42996559896123E-07 -2.86528350252354E-07
  1.98827678593799E-07 -1.00926019495058E-07  4.34930443375908E-08 -1.02354147996472E-08 -7.76242552175973E-11
  3.96561579182987E-10 -4.68538106354787E-09  1.48789311896142E-08 -1.47890336968410E-08  9.09798663801895E-09
 -5.35736714492381E-09  2.24121898189204E-09 -5.83291331024551E-10  3.33903808681572E-10 -1.85704238303709E-09
  2.01692535740843E-08 -6.71698482375934E-08  6.75501050208840E-08 -4.09958715799074E-08  2.46183876762614E-08
 -1.02323694279002E-08  2.66444067703383E-09 -1.48287480142803E-10  6.04874287682347E-10 -8.93057411573379E-09
  2.52164613867224E-08 -2.42993047511985E-08  1.54536705071053E-08 -8.67143333103844E-09  3.68474273739866E-09
 -9.57845965025886E-10  3.06195619026314E-01 -2.50978828169613E-01  1.19594853238309E-01 -3.92450452632452E-02
  6.91240202256444E-01 -5.66587649092951E-01  2.69986784277751E-01 -8.85961501065318E-02  1.01570177728144E+00
 -8.32538501448860E-01  3.96716012329142E-01 -1.30182340122020E-01  1.03962245414286E-01 -8.52145520699327E-02
  4.06059025798381E-02 -1.33248249553858E-02  5.54012366907906E-01 -4.54106349111267E-01  2.16387902444411E-01
 -7.10076796351345E-02
* ORBITAL    1   44
  1.10859950830784E-13  4.40226307345284E-12 -3.48543507862196E-12  1.36900695634305E-10 -1.83931293901033E-10
  2.27997537157004E-09 -3.67285806776810E-09  2.82178191924468E-08 -6.88671120829122E-08  8.11823361110462E-08
 -5.63567095461369E-08  2.85159044526938E-08 -1.23387640403523E-08  2.89911381574341E-09 -2.86024960994254E-10
  1.42339719133507E-09 -1.72606748277920E-08  5.40358566320866E-08 -5.35105889393277E-08  3.30643630288658E-08
 -1.93459966726696E-08  8.11087037663898E-09 -2.11053446884432E-09 -3.94307300522349E-11  1.30835509264886E-10
 -2.35557904825024E-09  5.97431868168994E-09 -5.69586419451431E-09  3.48679142530372E-09 -2.07145377831303E-09
  8.50038888190447E-10 -2.21813837221336E-10  5.60403951453966E-11 -3.09395344385416E-10  3.39366594358753E-09
 -1.12834187563541E-08  1.12710085711136E-08 -6.99302985515051E-09  4.06587846934631E-09 -1.71555576393289E-09
  4.46056347844464E-10  1.15879857127885E+00 -9.49830400549456E-01  4.52607210578960E-01 -1.48523034117752E-01
 -9.84261128062272E-02  8.06767599416820E-02 -3.84435824084374E-02  1.26152596953276E-02 -2.15664937526714E-01
  1.76773702587069E-01 -8.42350933236462E-02  2.76417417732646E-02  6.78011363346149E-01 -5.55744389617543E-01
  2.64819822352793E-01 -8.69006118237847E-02 -2.49487721581409E-01  2.04497164926443E-01 -9.74457032982881E-02
  3.19768027916028E-02
* ORBITAL    1   45
 -5.94518666548687E-13 -2.45599883751795E-11  2.10925507439914E-11 -7.66320596591028E-10  1.05892430103894E-09
 -1.28092617644504E-08  2.06991470962028E-08 -1.59564437995055E-07  3.95588103566172E-07 -4.67560892894903E-07
  3.22899215266548E-07 -1.69528619026985E-07  6.99191551487381E-08 -1.67467160920255E-08 -1.48938132405990E-11
  1.45835114715566E-10 -9.18353876393148E-10  4.39274202948703E-09 -4.63957500743693E-09  2.79580247054902E-09
 -1.69381108991127E-09  7.12063093180419E-10 -1.85073103777290E-10 -2.52094951351464E-10  1.18939519190903E-09
 -1.52038074844091E-08  4.62617334467686E-08 -4.54839278279982E-08  2.83193524935206E-08 -1.63893343953057E-08
  6.89541049544362E-09 -1.79380579105271E-09 -2.63221853096835E-10  1.39050833437389E-09 -1.58890668328978E-08
  5.13972028376512E-08 -5.13478185877561E-08  3.13680936273946E-08 -1.86602443660212E-08  7.77759282572141E-09
 -2.02481106982401E-09 -1.31965051328296E-01  1.08167563070627E-01 -5.15433270592053E-02  1.69139402673855E-02
  9.85598996428768E-01 -8.07864207510136E-01  3.84958372783470E-01 -1.26324071302518E-01 -1.05767815334392E-01
  8.66945205076912E-02 -4.13111278614326E-02  1.35562445895312E-02 -1.80852435619056E-02  1.48238999966931E-02
 -7.06379162493912E-03  2.31798287755000E-03 -9.59490835002304E-01  7.86464176442331E-01 -3.74760964527062E-01
  1.22977792280334E-01
* ORBITAL    1   46
  2.78244003924688E-13  2.92301015758047E-10 -6.61287477602258E-10  9.48049607049534E-09 -2.12610829151094E-08
  1.47064460776509E-07 -3.54689526136958E-07  2.71506953342359E-06 -7.21999710853009E-06  8.66824544780415E-06
 -5.25663272356304E-06  2.48602055700279E-06 -1.35413024957274E-06  2.11936167111675E-07 -2.25528146310661E-03
  6.86612889200287E-03 -1.32596986131193E-01  3.05837787672635E-01 -2.78867896208943E-01  1.72246926354910E-01
 -9.89340972229387E-02  4.14504797084810E-02 -1.08074908485531E-02  1.76751443782539E-02 -5.38113107217400E-02
  1.03919195586060E+00 -2.39691907533904E+00  2.18555105426446E+00 -1.34993828812403E+00  7.75368796509443E-01
 -3.24856892072333E-01  8.47015462229806E-02 -1.78116564490086E-02  5.42269886995140E-02 -1.04721826537607E+00
  2.41543136362246E+00 -2.20242984451694E+00  1.36036373166027E+00 -7.81357093451538E-01  3.27365663241951E-01
 -8.53549052312523E-02 -7.63182190105776E-09  5.99404180367290E-09 -1.82210933268430E-09  1.44357674609163E-09
 -2.45231286095626E-08  1.93805617703330E-08 -6.94496935703161E-09  6.43858126805994E-09 -8.72266048661509E-09
  7.22892293463833E-09 -5.32302073503813E-10 -3.65811917090553E-09  5.46311267931327E-09 -4.23195423627552E-09
  1.48639155288708E-09 -1.77338385069271E-09 -2.04340664485690E-08  1.63564830973298E-08 -4.72694053290287E-09
  1.95955091048643E-09
* ORBITAL    1   47
  2.86272133243099E-12 -7.37937772320152E-11  3.45222117000471E-10 -2.63959804874724E-09  9.53344603447065E-09
 -4.53674728200797E-08  1.60517851500551E-07 -7.21613568031658E-07  1.59508853806773E-06 -1.78975059459093E-06
  1.08995776156548E-06 -5.51957895121810E-07  2.93480586430078E-07 -3.13551364391294E-08  2.49922189365609E-02
 -7.60881829957587E-02  1.46939268088200E+00 -3.38918346550547E+00  3.09031251803847E+00 -1.90877687305664E+00
  1.09635087960886E+00 -4.59338582788856E-01  1.19764627778096E-01  3.18459725159078E-03 -9.69541380863164E-03
  1.87235190061663E-01 -4.31861793035636E-01  3.93778782643054E-01 -2.43223241668675E-01  1.39700952654809E-01
 -5.85305928184046E-02  1.52609831229955E-02 -4.28267201115610E-06  1.30379764321295E-05 -2.51794537715977E-04
  5.80768883210900E-04 -5.29554428801467E-04  3.27086822504263E-04 -1.87870810471876E-04  7.87124600457234E-05
 -2.05228215222126E-05  2.81386913069003E-08 -2.25054938332109E-08  6.48164538016449E-09 -2.21327071771953E-09
 -4.76836814141794E-10  3.39325987691851E-10 -3.40829042361234E-10  6.78335904730219E-10  1.79024639564435E-09
 -1.34201304825663E-09  4.60106240755799E-10 -6.94530121984777E-10 -4.65700288419281E-09  3.40353259311502E-09
 -2.88020452023551E-09  6.07329877926777E-09 -1.08023022704262E-08  8.48399756301453E-09 -2.57729503630111E-09
  2.05439267511591E-09
* ORBITAL    1   48
 -4.47898634696436E-13  1.80899297431979E-10 -4.46637468209276E-10  5.95483174518141E-09 -1.40298453394568E-08
  9.65714279926948E-08 -2.24459029746760E-07  1.58143779289578E-06 -4.24881726033169E-06  5.28852123942262E-06
 -3.42062827954886E-06  1.63216370930492E-06 -8.17117617213756E-07  1.60885385221761E-07 -2.24841788612718E-03
  6.84527693903131E-03 -1.32193555090699E-01  3.04906813327764E-01 -2.78018938619527E-01  1.71722380108430E-01
 -9.86327563389867E-02  4.13241816452057E-02 -1.07745792108547E-02  1.76691960302022E-02 -5.37935571132136E-02
  1.03884306458209E+00 -2.39611075015749E+00  2.18481336892005E+00 -1.34948126073172E+00  7.75105857758707E-01
 -3.24746371840400E-01  8.46728769241147E-02  1.78184636949166E-02 -5.42480684627051E-02  1.04761933935974E+00
 -2.41635285797737E+00  2.20326944206746E+00 -1.36088093558495E+00  7.81653716940296E-01 -3.27489580563076E-01
  8.53873616932980E-02 -7.64189676497880E-09  6.00178203598329E-09 -1.82166032717401E-09  1.46083582742207E-09
  1.78837296362648E-08 -1.45268031476695E-08  2.85579123811173E-09  2.20122387225309E-09 -1.63558703904391E-08
  1.28048378293027E-08 -5.26537309779758E-09  6.31859393018196E-09 -4.65484666886722E-09  3.64294916979803E-09
 -9.71252588099065E-10  7.05991355501315E-10 -2.04426879891963E-08  1.63643318155928E-08 -4.72825885873476E-09
  1.97180899255281E-09
* ORBITAL    1   49
  1.03091851765482E-04 -4.49393892694560E-04  7.27778652169905E-03 -2.28442137327278E-02  1.73120333859175E-01
 -4.83971899989289E-01  3.20095131371657E+00 -7.03649517394740E+00  7.58706388444114E+00 -5.10345514394759E+00
  2.95535547247232E+00 -1.56627058722262E+00  6.00724299352986E-01 -1.51816487750013E-01 -1.30345329729745E-08
  2.71200090171912E-07 -7.31859031884486E-07  6.18542797999010E-07 -3.74974588338969E-07  3.13442727704860E-07
 -1.01738078149560E-07  5.71058151489053E-08 -1.56212771203604E-08  1.50501617099347E-08 -3.52218657408616E-07
  8.85775916027970E-07 -7.94075165640848E-07  3.86172802961764E-07 -5.74005527980576E-07  3.45653446247183E-08
 -7.19039232668606E-08  2.05174499348946E-08 -5.74259312303833E-09  1.32256567353140E-07 -3.35700594796955E-07
  2.99784793168106E-07 -1.45203071816559E-07  2.18551263977601E-07 -1.23617425862204E-08  2.50176575797205E-08
 -6.83801498908773E-09  1.88132959180766E-10 -1.48853838623380E-11 -1.46305131407511E-10 -2.00918601179062E-10
 -1.48745276579525E-08  5.23345225627929E-10  1.32931838332897E-08  1.63419188674941E-08 -7.09742521562371E-10
  1.71505407770435E-09 -4.93636703293134E-09  1.38110222175426E-09  1.90094309619129E-09 -6.95645313864866E-11
 -1.70047886869710E-09 -2.07651298236610E-09  4.47996044147821E-10  2.82226660258169E-09 -1.00974057872348E-08
  7.90856511408020E-10
* ORBITAL    1   50
  4.27361158331319E-11 -3.36775132706016E-10  3.36080099905744E-09 -1.50585349690621E-08  8.30810804150916E-08
 -3.72781191018132E-07  1.42992419250888E-06 -2.09792010676390E-06  1.34278716431844E-06 -5.98140316289109E-07
  6.97898127097505E-07 -4.11128189542652E-07  1.83696209774429E-08 -6.68691242270274E-08  3.54570318134067E-03
 -9.47262430119331E-02  1.55172460958248E-01 -1.18776647400453E-01  7.66862226146557E-02 -4.83708676180582E-02
  2.46926692990701E-02 -1.12429427244995E-02  2.95301674933336E-03 -4.92728689901751E-02  1.31636337016912E+00
 -2.15635418352262E+00  1.65057933382709E+00 -1.06566920206106E+00  6.72185480227820E-01 -3.43141694491154E-01
  1.56237521675515E-01 -4.10360769571777E-02  3.91156748790678E-02 -1.04500593882774E+00  1.71183969435918E+00
 -1.31032642621693E+00  8.45991060846788E-01 -5.33620257787090E-01  2.72405891472268E-01 -1.24030489745006E-01
  3.25772403118204E-02 -1.10151540356896E-09  6.50710167077764E-10  3.11290257763484E-10  4.11689283142105E-10
 -3.11798048883219E-09  1.92330707363039E-09  3.32443742517807E-10  2.38583034426995E-09 -9.03702512393886E-10
  6.42128401895910E-10  1.33883928400375E-09 -2.27078379082315E-09  7.74221549932896E-10 -4.47791708554963E-10
 -1.28360570008778E-10 -5.14982639494811E-10 -2.78856050847536E-09  1.79103609787519E-09  1.22830032764107E-09
 -1.27696806436336E-10
* ORBITAL    1   51
 -2.22884383233751E-11  1.18572636631342E-10 -1.61997402890488E-09  5.75420293005831E-09 -3.85957181336577E-08
  1.33577934619113E-07 -7.13731891151925E-07  1.35897767330374E-06 -1.27649075290538E-06  8.06684979890208E-07
 -5.40193509896657E-07  2.76172710470097E-07 -7.31598298803907E-08  4.27370970242136E-08 -6.24920629279739E-02
  1.66952387366094E+00 -2.73486958236879E+00  2.09340319943897E+00 -1.35157155848379E+00  8.52522450012331E-01
 -4.35201358571160E-01  1.98153849871639E-01 -5.20460592790907E-02 -7.27502184943348E-03  1.94357848232121E-01
 -3.18380196294259E-01  2.43703748317588E-01 -1.57343245186143E-01  9.92464679638722E-02 -5.06640217298629E-02
  2.30680996617389E-02 -6.05887157296561E-03 -3.49943875361626E-03  9.34902200252857E-02 -1.53147590687753E-01
  1.17226672911212E-01 -7.56854850004928E-02  4.77396658647162E-02 -2.43704619630456E-02  1.10962448756536E-02
 -2.91448170225047E-03  3.44155303425523E-09 -2.20187478426668E-09 -1.51796782479642E-09  4.52287385735746E-10
  8.35899438348815E-11 -6.52648717044484E-11 -1.92972373710707E-10  3.23104623924530E-10  3.38447461832429E-10
 -1.81697941795766E-10 -1.06115450778573E-10 -8.28279377653796E-11 -1.14607886183103E-09  6.38294870792396E-10
 -8.20166409258725E-10  3.14459573729568E-09 -1.55622216483430E-09  9.26623560919886E-10  4.64856461990462E-10
  5.07568611667765E-10
* ORBITAL    1   52
  1.54120687831545E-11 -9.99471993466825E-11  1.16095347851587E-09 -4.67268932854819E-09  2.80477456770166E-08
 -1.17780775720787E-07  5.03311487145588E-07 -7.38519465880771E-07  3.93457051881097E-07 -3.79441049874669E-08
  8.63401244104369E-08 -7.61466706140455E-08 -1.15439700559179E-08 -9.21828071271888E-09  7.25258957214484E-03
 -1.93758491271769E-01  3.17398186715664E-01 -2.42952059626345E-01  1.56857990917846E-01 -9.89403931038438E-02
  5.05077744740413E-02 -2.29969777231826E-02  6.04026015581058E-03 -3.85964541583661E-02  1.03113389157549E+00
 -1.68911313688067E+00  1.29292933320853E+00 -8.34757998146598E-01  5.26535605946355E-01 -2.68789636709582E-01
  1.22384081714210E-01 -3.21443325397745E-02 -4.92762473014905E-02  1.31645274427352E+00 -2.15649756628344E+00
  1.65068847250959E+00 -1.06573978273035E+00  6.72230416815570E-01 -3.43164814200450E-01  1.56248293807566E-01
 -4.10393154977199E-02 -1.11980644390157E-09  6.73508831941404E-10  3.57129137808608E-10  3.02959092743260E-10
  2.18070307588344E-09 -1.45259140390601E-09 -1.76447220172708E-09  2.03815085084615E-09 -2.35108768314910E-09
  1.41645998253581E-09 -1.75568793790955E-10  2.83023343982399E-09 -7.74268395145803E-10  4.52555924081501E-10
  3.22167196812805E-10  7.98721242277886E-11 -2.10380847524928E-09  1.35686873009569E-09  9.43048661548845E-10
 -1.31822425054443E-10
* ORBITAL    1   53
 -1.12684005438112E-04  3.55127618371830E-03 -1.51917840457374E-02  1.32574319044788E-01 -4.61086321740201E-01
  3.26991289311483E+00 -5.68659381640361E+00  5.32814489099037E+00 -3.73980078686959E+00  2.42769276820762E+00
 -1.38804186423214E+00  6.78104689144604E-01 -3.03167051388794E-01  7.23231115852955E-02  1.35202043920654E-08
 -1.27842895041775E-07  2.65175132165672E-08 -3.93731695883664E-08  3.54803750999607E-08  5.14164516833244E-09
  1.83470478276002E-08 -4.28938099999802E-09  9.36010188288120E-10 -4.58821535639707E-08  4.40224694389749E-07
 -8.35748224246668E-08  1.40732177304379E-07 -1.01216297662781E-07  3.11841499779696E-08 -3.73113546801855E-08
  1.41862710319670E-08 -2.82473611282198E-09  1.89371141490357E-08 -1.83465578924269E-07  3.29386854627746E-08
 -5.91912203230313E-08  3.91884970393782E-08 -1.92820069242138E-08  1.20234533435220E-08 -6.59281871631664E-09
  1.46316083863367E-09  4.63313343852887E-11  3.05848369250232E-12 -4.86753571004197E-11 -6.33629909628919E-11
 -3.62650217113556E-09 -4.66606629590864E-10  4.39499801845029E-09  5.15848331292838E-09 -1.69012472831885E-10
  4.76357153720064E-10 -1.51301706877830E-09  4.16937585868258E-10  4.63251613253931E-10  5.90084995318909E-11
 -5.62322972959599E-10 -6.55407983460391E-10  1.20641064970443E-10  8.47512560648922E-10 -3.13094413488009E-09
  2.17091094158740E-10
* ORBITAL    1   54
 -8.13676193491732E-12  2.48840649686559E-10 -1.09821690911777E-09  9.27386323033190E-09 -3.72840360867280E-08
  2.13323612166145E-07 -2.98623088696035E-07  2.86032604292680E-07 -2.98802929210599E-07  2.20078609235645E-07
 -6.20279853340096E-08  2.61399180293682E-08 -3.56947552131582E-08 -2.05724637131166E-09 -7.80744553114614E-02
  7.80657794676317E-02 -6.05766337283952E-02  4.38266089885745E-02 -2.87148872331787E-02  1.71838710269312E-02
 -9.96000196108796E-03  4.32190605637398E-03 -1.14742285478198E-03  1.01318512685489E+00 -1.01307254752266E+00
  7.86113029956260E-01 -5.68745235457579E-01  3.72637999530586E-01 -2.22997986740653E-01  1.29252595286894E-01
 -5.60860985242096E-02  1.48903874144400E-02 -8.21878374512026E-01  8.21787046048455E-01 -6.37681367715913E-01
  4.61356307844066E-01 -3.02277424131755E-01  1.80892099342134E-01 -1.04847484549713E-01  4.54960729406812E-02
 -1.20787534853133E-02 -1.73652797233399E-10  1.10010010878058E-10  5.14095146779356E-11  7.40523508474298E-11
 -4.91736248717616E-10  3.24164743019203E-10  5.37431660140084E-11  4.21063423547886E-10 -1.31188776389525E-10
  9.49202233743390E-11  2.37513325077712E-10 -4.02599996835717E-10  1.24248117274777E-10 -7.75631572278000E-11
 -1.91933689094445E-11 -9.51492512448232E-11 -4.27011762965413E-10  2.88776356177265E-10  2.10035445259869E-10
 -1.78861093227681E-11
* ORBITAL    1   55
  1.28199409587607E-12 -4.78969034892993E-11  1.96734764311222E-10 -1.77773205613432E-09  7.36355243410721E-09
 -3.87723522907178E-08  3.34837123885515E-08 -5.67672580414500E-09  6.55607210677421E-09 -6.11612494007033E-09
 -9.66753051542571E-09  3.02933345076951E-09  4.59994824905856E-09  3.07127572745320E-09  1.29591059919749E+00
 -1.29576619263716E+00  1.00547479600761E+00 -7.27451282530422E-01  4.76621029605801E-01 -2.85224617624386E-01
  1.65319951014418E-01 -7.17366419367879E-02  1.90453730439261E-02  1.55196885894613E-01 -1.55179592758256E-01
  1.20414604254045E-01 -8.71188089635983E-02  5.70796546668108E-02 -3.41582062936510E-02  1.97985430329286E-02
 -8.59110580160820E-03  2.28086774640800E-03  6.82164951980588E-02 -6.82088934947968E-02  5.29280076566046E-02
 -3.82929011934648E-02  2.50892431003229E-02 -1.50141713254617E-02  8.70241179547296E-03 -3.77620361706828E-03
  1.00254499656388E-03  5.32182058166061E-10 -3.58646052610656E-10 -2.61665974074106E-10  7.37170135809185E-11
  9.52907926436786E-12 -7.68018809307260E-12 -3.39304253564592E-11  5.84711189198714E-11  5.33475898016789E-11
 -3.11783314759652E-11 -1.55789615200626E-11 -1.77962888672409E-11 -1.84228331521870E-10  1.14403032900807E-10
 -1.50455767564171E-10  5.54484276063642E-10 -2.45815861557279E-10  1.56617689976180E-10  7.73730734192211E-11
  9.27232870541835E-11
* ORBITAL    1   56
 -2.83366492302583E-12  8.36583702192523E-11 -3.76552162116819E-10  3.13646654944644E-09 -1.29750276356988E-08
  6.98725908819107E-08 -9.28753464206106E-08  9.33154843664266E-08 -1.15892738252680E-07  1.03279935397661E-07
 -4.55394412864752E-08  1.91431343042245E-08 -1.48886683368621E-08  1.52065346681728E-09 -1.50479046629038E-01
  1.50462238796945E-01 -1.16754103291571E-01  8.44704619098316E-02 -5.53444643115936E-02  3.31198169109640E-02
 -1.91966771545818E-02  8.32993731629404E-03 -2.21151757076742E-03  8.10859824159839E-01 -8.10769257435378E-01
  6.29132202577627E-01 -4.55171091949507E-01  2.98225044020655E-01 -1.78466934938400E-01  1.03441739254546E-01
 -4.48860663390088E-02  1.19168865238918E-02  1.01389659157864E+00 -1.01378334246702E+00  7.86664918526458E-01
 -5.69144442945727E-01  3.72899517566187E-01 -2.23154454312533E-01  1.29343227588859E-01 -5.61253890232190E-02
  1.49007475489399E-02 -1.76712758545417E-10  1.13387821336516E-10  5.96737822896829E-11  5.65336195812806E-11
  3.28147425467954E-10 -2.27125447862035E-10 -3.09131148241233E-10  3.58810728915848E-10 -3.72073912212660E-10
  2.41724462752558E-10 -3.60648783800435E-11  4.97745755088460E-10 -1.20253510951765E-10  7.51839514920452E-11
  5.34246611093244E-11  1.53935994518114E-11 -3.29708196001328E-10  2.23691419688590E-10  1.65236805879782E-10
 -1.97483077449529E-11
* ORBITAL    1   57
  9.90441444473311E-04 -7.63651982001003E-03  8.11521870041566E-02 -3.75189072772155E-01  2.87971166529287E+00
 -4.33938567281366E+00  3.84144743268985E+00 -2.88833824415850E+00  1.99864572792891E+00 -1.25357205751393E+00
  7.25968183747503E-01 -3.74889581276949E-01  1.56994369331405E-01 -3.87623349114924E-02 -4.88178516920524E-09
 -1.62402913340005E-08 -1.13044212852244E-08  1.36759465645361E-10  1.53479939191626E-09  4.13834705056535E-09
  1.80809835800183E-09  2.18271512116826E-11 -1.85462459377302E-11  1.14838567060646E-08  3.80320139709683E-08
  2.61209451217653E-08 -7.72048702887166E-10 -5.44776098587356E-09 -1.40332463474963E-08 -6.59270358928516E-09
 -1.32978854980094E-10  6.88057181330191E-11 -3.72457397149284E-09 -1.23301442985936E-08 -8.35727731974222E-09
  4.77278920164152E-10  2.72035829501669E-09  6.84098275574583E-09  3.37122228012249E-09 -1.78374981181701E-11
  1.44980945819544E-11  4.84197752581604E-12  5.39718464771934E-13 -5.52160433938289E-12 -7.16661913834364E-12
 -3.79978699063358E-10 -6.73406444796470E-11  4.97238578233405E-10  5.83810916195237E-10 -1.88295760935192E-11
  5.26234864167207E-11 -1.69240928041624E-10  4.62929566742348E-11  4.85466664164536E-11  8.53711392866430E-12
 -6.36178245669848E-11 -7.41770724321261E-11  1.05502096688106E-11  9.54917083464223E-11 -3.50987388108563E-10
  2.30379542669110E-11
* ORBITAL    1   58
 -2.40728067545978E-03  4.11741643986714E-02 -2.73095206689559E-01  2.43380668806773E+00 -3.32200639310971E+00
  2.76119981641849E+00 -2.05059990707294E+00  1.49936090340674E+00 -1.03967213796994E+00  6.64249470823946E-01
 -3.87392942371607E-01  1.99191503810440E-01 -8.47229289069017E-02  2.08169897619968E-02 -5.21680722147813E-10
 -3.24229846228149E-09 -2.37453793876805E-09 -8.04127121671522E-11  2.60748904552198E-10  6.26349769761690E-10
  3.02644006434254E-10  9.19220039870242E-12 -2.27625773367745E-13  1.49860978864947E-09  9.31922569180561E-09
  6.84166869910500E-09  2.77948162082246E-10 -5.57064935181968E-10 -1.33120261850066E-09 -6.12473991212494E-10
 -2.44061542224174E-11  3.73625736353554E-12 -6.14286899806540E-10 -3.82317382795691E-09 -2.81387773086575E-09
 -1.21566323777744E-10  1.98794247140404E-10  4.76074990926125E-10  2.12598239007829E-10  6.09899288225368E-12
 -2.92369882730824E-13  2.08004731135736E-13  2.39289627018581E-14 -2.39055735864118E-13 -3.04373699125780E-13
 -1.62256471037508E-11 -2.93037670923924E-12  2.14191606019437E-11  2.48686827783416E-11 -7.22655516557785E-13
  2.19987813824306E-12 -7.23648440832874E-12  1.98970480993391E-12  2.07173030603323E-12  3.71416016944630E-13
 -2.73994386363273E-12 -3.15993474272250E-12  6.12848091263918E-13  3.98438180155260E-12 -1.50164171592533E-11
  1.01276754216738E-12
* ORBITAL    1   59
  1.43019551961547E-02 -1.67588532900960E-01  1.99479319385275E+00 -2.44600504051658E+00  1.90066287463158E+00
 -1.37227009549117E+00  1.00878004576896E+00 -7.46789669661050E-01  5.23407211508228E-01 -3.36332454117253E-01
  1.96833734873639E-01 -1.01464381155036E-01  4.31504045961430E-02 -1.06120194971697E-02 -1.06406397415865E-10
 -7.51111057233918E-10 -5.73506174487305E-10 -2.34648447209218E-11  5.12904860693233E-11  1.23725521454913E-10
  5.97654521388743E-11  2.67293543421987E-12  6.15092954551413E-15  2.74616807789594E-10  1.93858896334340E-09
  1.47869032832212E-09  5.59927137610855E-11 -1.53258790175041E-10 -3.69363626752413E-10 -1.82080050104568E-10
 -7.46664018394117E-12 -1.90622624583170E-13 -1.05939570040449E-10 -7.47995922002116E-10 -5.70294212456893E-10
 -2.08726416546277E-11  6.26796198183891E-11  1.50980267821488E-10  7.49681164732861E-11  2.91663508102158E-12
  1.25706503310356E-13  2.00390592787761E-15  1.49569893679630E-15 -3.63702908681806E-15 -5.72190537496490E-15
 -2.16766355430949E-13 -6.77776195334573E-14  3.33617459713056E-13  4.16939622463006E-13 -2.14954292975263E-14
  4.13021522157619E-14 -1.16296436101398E-13  3.05228533420065E-14  2.78532898933292E-14  9.11919725636802E-15
 -4.32571716141944E-14 -5.19684150303953E-14 -1.45466607299215E-14  7.76734085487191E-14 -2.40044475944927E-13
  1.13697733753742E-14
* ORBITAL    1   60
 -7.51958401152960E-02  1.59431335610261E+00 -1.67603948494753E+00  1.20593715494633E+00 -8.47622454801637E-01
  6.14677053317526E-01 -4.58326219637438E-01  3.42424538996033E-01 -2.41180268223183E-01  1.55387565248565E-01
 -9.10578318427490E-02  4.69692975979740E-02 -1.99818358300872E-02  4.91483838194688E-03 -2.11076781582467E-11
 -1.53299611450706E-10 -1.18698704277400E-10 -4.46969682187510E-12  1.04586794149191E-11  2.60682958586347E-11
  1.24765139211439E-11  6.01213156274834E-13 -5.48963633783896E-15  6.12569278940235E-11  4.44910963985676E-10
  3.44875566808529E-10  1.43211895783002E-11 -2.43869519067239E-11 -6.12401596780914E-11 -2.82179624581134E-11
 -1.58621935950059E-12  6.70230045690744E-14 -2.52738882141701E-11 -1.83563002253680E-10 -1.42399668077132E-10
 -6.26288946108776E-12  8.47169085799417E-12  2.14358626632929E-11  9.51938475840103E-12  6.09476591150677E-13
 -4.18589711028137E-14  5.24524196601389E-16 -3.87663426373305E-16 -3.25646121267673E-16  1.80351560841871E-16
 -1.77673818653576E-14 -1.08728607695778E-15  1.92701004908522E-14  1.98344410812939E-14 -7.55407209256995E-16
  2.63122535993287E-15 -6.30476210432087E-15  1.94898368542635E-15  2.35817114831308E-15  9.60611349968231E-17
 -2.16540484604357E-15 -2.54914496350269E-15  2.30291040221305E-15  1.79271276466694E-15 -1.25351100446848E-14
  8.94954496145468E-16
* ORBITAL    1   61
  1.25985292743458E+00 -9.86159515816044E-01  6.37227630223502E-01 -4.34675924238565E-01  3.10460424165200E-01
 -2.28342153381371E-01  1.71543477292291E-01 -1.28627665264348E-01  9.07526493845274E-02 -5.85200160392640E-02
  3.43071371187023E-02 -1.76999163305533E-02  7.53063065625323E-03 -1.85236084726924E-03 -3.60144925782473E-12
 -2.63980836626891E-11 -2.05202777401892E-11 -8.94563063060357E-13  1.30544932069772E-12  3.27251701682162E-12
  1.47848013072086E-12  8.91475360550273E-14 -4.11333253741915E-15  1.01011617154340E-11  7.40408553232139E-11
  5.76125146096652E-11  2.71565368052046E-12 -2.72625291927134E-12 -6.93609460090602E-12 -2.89900101378333E-12
 -2.29669603681454E-13  2.27502452550595E-14 -4.54799431502650E-12 -3.33256442570493E-11 -2.59577568310437E-11
 -1.30916999889605E-12  8.37774048651364E-13  2.18479479035473E-12  7.84374384491822E-13  9.32641128979567E-14
 -1.43996873219598E-14 -5.44072801662863E-16 -4.35865821174576E-16  1.50204912955249E-15 -6.16057584131313E-16
  1.34705982686316E-16  5.33586755016581E-16 -1.11440568300320E-15 -9.13220016215998E-16  9.97785847709459E-16
 -5.22688539855783E-16 -6.20896969490284E-16  1.63164445236503E-16 -1.43275322124187E-16  8.91333950805802E-16
 -6.25230649850556E-16  1.11490512167263E-15  3.50929335903803E-16 -1.71681429588682E-15  2.80244692383327E-15
 -8.23908850530957E-16
#OCC
* OCCUPATION NUMBERS
  1.99686930457110E+00  1.80733031986266E+00  6.30253507147627E-04  6.30251656832947E-04  6.30252706766199E-04
  1.25082420046174E-03  6.42196443476502E-02  6.42195436244981E-02  6.42196055228809E-02  0.00000000000000E+00
  0.00000000000000E+00  0.00000000000000E+00  0.00000000000000E+00  0.00000000000000E+00  0.00000000000000E+00
  0.00000000000000E+00  0.00000000000000E+00  0.00000000000000E+00  0.00000000000000E+00  0.00000000000000E+00
  0.00000000000000E+00  0.00000000000000E+00  0.00000000000000E+00  0.00000000000000E+00  0.00000000000000E+00
  0.00000000000000E+00  0.00000000000000E+00  0.00000000000000E+00  0.00000000000000E+00  0.00000000000000E+00
  0.00000000000000E+00  0.00000000000000E+00  0.00000000000000E+00  0.00000000000000E+00  0.00000000000000E+00
  0.00000000000000E+00  0.00000000000000E+00  0.00000000000000E+00  0.00000000000000E+00  0.00000000000000E+00
  0.00000000000000E+00  0.00000000000000E+00  0.00000000000000E+00  0.00000000000000E+00  0.00000000000000E+00
  0.00000000000000E+00  0.00000000000000E+00  0.00000000000000E+00  0.00000000000000E+00  0.00000000000000E+00
  0.00000000000000E+00  0.00000000000000E+00  0.00000000000000E+00  0.00000000000000E+00  0.00000000000000E+00
  0.00000000000000E+00  0.00000000000000E+00  0.00000000000000E+00  0.00000000000000E+00  0.00000000000000E+00
  0.00000000000000E+00
#OCHR
* OCCUPATION NUMBERS (HUMAN-READABLE)
  1.9969  1.8073  0.0006  0.0006  0.0006  0.0013  0.0642  0.0642  0.0642  0.0000
  0.0000  0.0000  0.0000  0.0000  0.0000  0.0000  0.0000  0.0000  0.0000  0.0000
  0.0000  0.0000  0.0000  0.0000  0.0000  0.0000  0.0000  0.0000  0.0000  0.0000
  0.0000  0.0000  0.0000  0.0000  0.0000  0.0000  0.0000  0.0000  0.0000  0.0000
  0.0000  0.0000  0.0000  0.0000  0.0000  0.0000  0.0000  0.0000  0.0000  0.0000
  0.0000  0.0000  0.0000  0.0000  0.0000  0.0000  0.0000  0.0000  0.0000  0.0000
  0.0000
#ONE
* ONE ELECTRON ENERGIES
  0.0000E+00  0.0000E+00  0.0000E+00  0.0000E+00  0.0000E+00  0.0000E+00  0.0000E+00  0.0000E+00  0.0000E+00  2.7465E-02
  2.7465E-02  2.7466E-02  3.8508E-02  1.3524E-01  1.3524E-01  1.3524E-01  1.8410E-01  1.8410E-01  1.8410E-01  1.8410E-01
  1.8410E-01  2.5393E-01  5.1156E-01  5.1156E-01  5.1156E-01  6.0298E-01  6.0298E-01  6.0298E-01  6.0298E-01  6.0298E-01
  1.0909E+00  1.6734E+00  1.6734E+00  1.6734E+00  1.7499E+00  1.7499E+00  1.7499E+00  1.7499E+00  1.7499E+00  4.2656E+00
  5.1856E+00  5.1856E+00  5.1856E+00  5.1856E+00  5.1856E+00  5.6385E+00  5.6385E+00  5.6385E+00  1.6615E+01  2.1883E+01
  2.1883E+01  2.1883E+01  5.5624E+01  9.3765E+01  9.3765E+01  9.3765E+01  1.6872E+02  5.3525E+02  1.8717E+03  7.7493E+03
  4.5404E+04
#INDEX
* 1234567890
0 222222222s
1 ssssssssss
2 ssssssssss
3 ssssssssss
4 ssssssssss
5 ssssssssss
6 s
