#INPORB 2.2
#INFO
* RASSCF spin density orbitals for root number  1
       0       1       0
      61
      61
*BC:HOST dzemail-jasarevic-compchemp-comp PID 257107 DATE Fri Feb 13 17:18:18 2026
#ORB
* ORBITAL    1    1
  5.34253851756505E-05  4.18985672565425E-04  2.23092002998329E-03  9.58283681756798E-03  3.49072362895927E-02
  1.06268676190850E-01  2.46105404292471E-01  3.86801611345874E-01  3.11879978282235E-01  6.50861507839362E-02
 -4.68948694050812E-03 -5.95277518059573E-03 -2.86506467121975E-03  9.17429035842828E-05  1.17965258816817E-11
 -1.19742166557040E-10  5.12807787628697E-10  1.20576350575835E-09 -1.49341898299376E-10  4.53274699434928E-12
 -5.16563561292761E-10 -1.61330432788460E-10  2.24645309342065E-11 -3.28897073353015E-11  2.47592021599369E-10
 -1.29935691415526E-09 -3.26365006234858E-09  4.52114250979621E-10  2.00747247397573E-11  1.35346499275516E-09
  3.61463756520511E-10 -2.15434327134356E-12  3.64936647721223E-12 -8.91060109306177E-11  5.10018178213577E-10
  1.31318444561565E-09 -1.72275553776927E-10  2.00801022814597E-11 -5.65723503166543E-10 -2.61265188474565E-10
  7.03588216282821E-11 -3.70831406907725E-11  1.07421081643833E-11 -2.13721699173124E-11 -1.08555807346553E-11
  2.32881767200223E-09 -7.79084688041895E-10  1.52377426552260E-09  8.80067820341928E-10 -8.30674246942401E-11
  5.44675462602089E-11 -3.75083107314189E-10  6.25689122797773E-11 -2.92741410932249E-10  9.85324171141487E-11
 -1.92872507260528E-10 -1.11801382499015E-10 -4.53702335433169E-10  1.98653682776107E-10 -8.62805655623446E-10
  2.60334841699658E-11
* ORBITAL    1    2
 -9.39019029465061E-06 -7.36764258924602E-05 -3.92715110345583E-04 -1.69456931494009E-03 -6.24875463687019E-03
 -1.96632432642589E-02 -4.89632490773405E-02 -9.30634077637339E-02 -1.30304853143275E-01 -6.10436795426666E-02
  2.90638377462415E-01  6.24147020497302E-01  2.30935450444105E-01 -1.94247068333430E-03  7.94711396056462E-11
  6.04108641129301E-10 -2.83058315809795E-09 -8.56845684077320E-09 -1.85891644658429E-08 -1.46709352899670E-08
  3.14170876851053E-08  1.26510961802344E-08 -1.11415284218613E-09 -2.18344877209508E-10 -1.70985169482171E-09
  8.00523994356546E-09  2.24009753031560E-08  5.06555714205953E-08  3.66605036583524E-08 -8.34791243177644E-08
 -3.08587880193789E-08  2.66444306608794E-09  7.42294854082752E-11  7.90451879434912E-10 -3.57882992659479E-09
 -8.54158967249430E-09 -1.89041962410947E-08 -2.00853387992886E-08  3.83110918086973E-08  1.49416050423201E-08
 -3.02406405307884E-10 -1.20299713295487E-10 -5.46067979846463E-10  9.20244090966402E-10  8.96997247127815E-10
  6.36371177637064E-09  3.89284351678543E-08 -6.64171756803133E-08 -7.19231135171022E-08 -1.30313822761700E-09
 -7.29997289064123E-09  1.81790415442210E-08 -1.61141471046243E-09 -7.92164640870696E-10 -4.93359975237322E-09
  8.42260046619924E-09  9.14299955556382E-09 -3.22410772421832E-09 -1.76709260244286E-08  4.01163880216938E-08
  4.71165678637348E-09
* ORBITAL    1    3
 -7.08645159146180E-11 -7.57946835403352E-10 -2.04131836881281E-09 -1.94015693317099E-08 -3.02230403107713E-08
 -3.54136159498656E-07  2.35088591289196E-07 -4.89865439210490E-07  1.30923743301684E-06 -1.21557445999983E-06
  4.79134254390216E-07 -2.11438663962132E-07  1.77613995810030E-07 -1.25081566766454E-08 -9.68640852741726E-03
 -7.10991738275754E-02 -5.51965324566129E-02 -2.01855341457655E-03  5.20242882171496E-03  1.29134811842625E-02
  6.25049045707579E-03  2.88491893451498E-04  1.28282970052586E-06  4.72999632731187E-02  3.47186503268396E-01
  2.69531695778142E-01  9.85779305397352E-03 -2.54061107990566E-02 -6.30574995195239E-02 -3.05217643864336E-02
 -1.40869840929054E-03 -7.52545938750928E-06  6.30081384959661E-02  4.62485774967364E-01  3.59042345597553E-01
  1.31302539808488E-02 -3.38407623592610E-02 -8.39995729009308E-02 -4.06581933954394E-02 -1.87657594830421E-03
 -8.36434471744307E-06  2.96193656418127E-09 -1.85068219767284E-09 -1.20732645730286E-09 -9.30763276191211E-10
 -5.77429813032169E-09  3.89619720635045E-09  5.79312267410784E-09 -6.30231559443913E-09  6.20172563077602E-09
 -3.91882830330883E-09  5.17651604142193E-10 -9.12165748701353E-09  2.05437257642417E-09 -1.24539935091764E-09
 -1.07993345887240E-09 -2.14560513713592E-10  5.30069558523961E-09 -3.51315894084189E-09 -3.04799233023827E-09
  4.23963292158170E-10
* ORBITAL    1    4
 -2.21682122370060E-10 -2.74032080584252E-09 -3.87198399965373E-09 -7.42931887227026E-08 -2.52095152598568E-08
 -1.31013014968611E-06  1.11913823621899E-06 -1.64622835843443E-06  3.32764361493259E-06 -2.28484008554978E-06
  1.54210841073276E-07 -1.00646357544036E-07  4.18688806421203E-07  8.60843427495210E-08 -4.15251509550540E-03
 -3.04796592219516E-02 -2.36621084352405E-02 -8.65276078789520E-04  2.23011147793702E-03  5.53581891292776E-03
  2.67963742080101E-03  1.23581430533801E-04  5.53216764229134E-07  6.30884071014160E-02  4.63072348187831E-01
  3.59494068015745E-01  1.31474399230489E-02 -3.38845214500210E-02 -8.41037430092725E-02 -4.07110086734131E-02
 -1.87750581923859E-03 -1.00861681117145E-05 -4.79986685430629E-02 -3.52312562730912E-01 -2.73508859517462E-01
 -1.00017495681535E-02  2.57778236498017E-02  6.39881607729586E-02  3.09737539761984E-02  1.42848193770962E-03
  6.40939176356341E-06  2.90864955640445E-09 -1.78576795687327E-09 -1.02556612862861E-09 -1.34371075660939E-09
  8.10790338537764E-09 -5.20442506101998E-09 -1.11898451500687E-09 -7.70184171176485E-09  2.39017170997574E-09
 -1.68002598238716E-09 -4.32715243916085E-09  7.02156463824861E-09 -1.99210799610432E-09  1.20630467602813E-09
  4.29908324826012E-10  1.57257648960608E-09  7.40206846111287E-09 -4.88452940393231E-09 -4.16474744917381E-09
  4.02989491471200E-10
* ORBITAL    1    5
  7.75291458972716E-11  4.91703558841943E-10  2.83240017657205E-09  1.08810108225375E-08  5.20293918867110E-08
  1.82676323429790E-07  2.13173674907606E-07 -4.38480786884078E-07  7.06743973499684E-08 -1.12876043704177E-07
  3.10057705708376E-07 -8.72669130418218E-08 -5.07065923727309E-08 -6.30840380882389E-08  7.86773492101380E-02
  5.77497745573037E-01  4.48327912536741E-01  1.63951261486237E-02 -4.22553599920303E-02 -1.04888033519865E-01
 -5.07699467716278E-02 -2.34250787227355E-03 -1.04467131785944E-05  9.15312016099678E-03  6.71846485066062E-02
  5.21573133561641E-02  1.90756035425926E-03 -4.91627549064716E-03 -1.22022709384020E-02 -5.90641132424810E-03
 -2.72513360304072E-04 -1.45949833307367E-06  5.22405785695856E-03  3.83449764024269E-02  2.97683003174958E-02
  1.08860575806015E-03 -2.80568981055959E-03 -6.96440586728507E-03 -3.37105054592570E-03 -1.55537537821033E-04
 -6.95279686774208E-07 -8.97121822463761E-09  5.89706375085100E-09  5.05455781181801E-09 -1.43289720904027E-09
 -3.00886338199000E-10  2.19439615705136E-10  6.77253121391386E-10 -1.02753920567547E-09 -8.65832744940841E-10
  4.87058741126644E-10  3.72072194853318E-10  1.51359807872945E-10  3.13865401890123E-09 -1.89397186173377E-09
  2.55459723913132E-09 -9.98639296311289E-09  4.09894543598608E-09 -2.53564140996091E-09 -1.54318517959953E-09
 -1.62169766738840E-09
* ORBITAL    1    6
  8.51214201751720E-05  6.95264353839466E-04  3.54326879272678E-03  1.70481418925089E-02  6.86056601156020E-02
  3.42573313932246E-01  7.40848056844641E-01 -1.96696036534793E-01 -7.91914074822711E-01 -1.80185539014658E-01
  8.01054336307029E-02  1.93436593957184E-01  6.97427357454502E-02 -2.65744414081117E-04 -1.44899605991208E-08
 -1.28515508759379E-07 -1.54844856256579E-07 -3.15320888595715E-08 -3.57959484579345E-08 -8.52846945425032E-08
 -3.38575241808228E-08  5.15870048718212E-09  9.97377794533533E-10  3.41345742495487E-08  3.11273119494538E-07
  3.90730666748307E-07  8.44609934841398E-08  1.11030961633167E-07  2.58266078531112E-07  1.08085172546485E-07
 -8.74401430943070E-09 -5.36493103515612E-09 -1.35487430909281E-08 -1.18998192981315E-07 -1.44230648943178E-07
 -3.24353282301024E-08 -4.58993204311756E-08 -1.09142888304460E-07 -4.63380889107093E-08  9.22740710254285E-09
 -5.53490537910901E-10 -3.66143982476128E-10 -4.74722456372685E-11  4.30524084125923E-10  5.56601711844995E-10
  2.86801222411572E-08  5.67769369167238E-09 -3.87527771467484E-08 -4.53444399785697E-08  1.40845659681004E-09
 -4.02956235780394E-09  1.31052599395609E-08 -3.58022218564446E-09 -3.66392477418849E-09 -7.20371312258072E-10
  4.95827386557153E-09  5.76121011609262E-09 -8.25593597879887E-10 -7.36507938357456E-09  2.72058690652239E-08
 -1.76268587494890E-09
* ORBITAL    1    7
 -6.77515273861143E-12  7.75006101336476E-10 -3.10526184186231E-09  2.71673155779416E-08 -9.17690702785684E-08
  5.01506142229023E-07 -1.14735300709681E-06  2.41828800227655E-06 -1.87520079778755E-06  8.33001733885117E-07
 -1.51153979505574E-06 -3.05653834516078E-07  1.31142915349787E-06  4.27233616251427E-07  1.27352387850358E-04
  8.07877153991025E-04  2.30147564291189E-03  5.56525582667301E-03  2.48907157749116E-02  5.99186064650818E-02
  3.32860793117170E-02  6.51717456515514E-04  2.25657390781542E-04 -7.51216454239434E-04 -4.76547797157609E-03
 -1.35760687169160E-02 -3.28287506743326E-02 -1.46826068602450E-01 -3.53448687834768E-01 -1.96347739565783E-01
 -3.84464288294829E-03 -1.33191830529167E-03  8.57702364271883E-04  5.44095619578898E-03  1.55001561731283E-02
  3.74813371433024E-02  1.67635955511126E-01  4.03544567910312E-01  2.24177701850351E-01  4.38924923947265E-03
  1.51978131587799E-03  7.98671503981408E-10 -7.72038164025044E-09 -4.93332420825511E-09 -1.27690286473819E-09
  3.13132262617327E-09 -2.29678405925589E-08 -1.47829156503220E-08 -7.45534497048141E-09 -5.50415772465817E-10
 -7.81475935089108E-10  1.30205750126659E-09  8.94950289160552E-09 -7.89519738599140E-10  7.05290776560068E-09
  4.83193346271610E-09  2.75022552312134E-09  1.60742343181331E-09 -1.37412081101137E-08 -7.82866950336595E-09
 -1.25122694218374E-11
* ORBITAL    1    8
  1.86656924860847E-12 -3.20410047217221E-10  1.14334028032068E-09 -1.10879934227931E-08  3.34781469807915E-08
 -2.09050102893313E-07  5.46269521609725E-07 -1.35267400936526E-06  1.38472709101549E-06 -1.09691047649383E-06
  1.43685682624797E-06 -3.48873191676683E-07 -4.41791129882631E-07 -2.13551786108428E-07 -8.61645801195448E-05
 -5.46601771888823E-04 -1.55722548585486E-03 -3.76560318071064E-03 -1.68413572543967E-02 -4.05414017380986E-02
 -2.25213714172677E-02 -4.40994968974216E-04 -1.52712268438819E-04  8.54186188147985E-04  5.41869912064236E-03
  1.54378017618952E-02  3.73308273370632E-02  1.66958149634662E-01  4.01909255253868E-01  2.23266074472660E-01
  4.37214978626633E-03  1.51482731818626E-03  7.60951480648767E-04  4.82724273033046E-03  1.37524507782686E-02
  3.32554582501931E-02  1.48732362917172E-01  3.58036337763798E-01  1.98894671963886E-01  3.89460380229838E-03
  1.34866420471359E-03 -7.76906866907323E-10  7.65820657193205E-09  4.99193751097462E-09  1.56032405284451E-09
  3.53273914205862E-10 -7.75162514021621E-09 -2.92237868342485E-09  7.83838118459154E-09 -2.54535300368723E-09
  1.72728764396404E-08  1.17911980982064E-08  8.62838429612781E-09 -3.83333316817912E-10  4.62225141888384E-09
  2.99744769896664E-09  6.38989485526898E-10 -1.86803473610584E-09  1.60415118074412E-08  9.19216257219764E-09
  1.54867983859764E-10
* ORBITAL    1    9
  1.01794200098434E-11 -4.13156881645729E-11  6.49206857380114E-10 -2.03421314894901E-09  1.47113136380598E-08
 -4.21946067817440E-08  1.38437025998236E-07 -1.61754896991927E-07  3.80614379741066E-07 -3.73395783344302E-07
 -8.75544043029409E-08 -1.81257068150656E-07  3.89122756367074E-07  4.09949990570985E-08  1.13689769226791E-03
  7.21211314492784E-03  2.05460895013724E-02  4.96833415458269E-02  2.22207605772751E-01  5.34912001712161E-01
  2.97153866143553E-01  5.81826574625522E-03  2.01468069207316E-03  1.48887659664103E-04  9.44500047551398E-04
  2.69076859130542E-03  6.50666818379552E-03  2.91007161615974E-02  7.00528689998453E-02  3.89155871583122E-02
  7.62024994007314E-04  2.64004923114901E-04 -3.84006442247200E-05 -2.43601260533927E-04 -6.93979046696499E-04
 -1.67813865895266E-03 -7.50543706873964E-03 -1.80675572374867E-02 -1.00368743051741E-02 -1.96522163821024E-04
 -6.80492904398554E-05  2.44221911122210E-09 -2.09514545913433E-08 -1.21104612984757E-08  1.13911010921333E-09
 -3.20814636509571E-10  1.94511959684096E-09  1.38190528861178E-09  1.17499176154967E-09  3.22763247157063E-10
 -3.25600321112340E-09 -2.36449855412308E-09 -1.38451760059830E-09 -1.78578832526871E-09  9.15997391347057E-09
  7.43356580453902E-09  1.06508484075905E-08 -1.11094250946662E-09  1.08468685356425E-08  7.00256606543646E-09
  2.01849469906206E-09
* ORBITAL    1   10
 -7.72919271837701E-13 -2.83623380506783E-12 -4.00754271772346E-11 -3.83335005290227E-11 -8.07669969140237E-10
 -5.98262624220893E-10 -1.27354106194672E-08  4.42549474279386E-09 -1.91765466046118E-08  2.03705501747130E-07
 -2.98055239216578E-07  5.31742226770021E-07 -1.88190067897719E-06  2.21893068096426E-06 -1.14118241458606E-04
 -2.69601678587027E-04 -5.16279861507327E-03  5.81944598198048E-03 -2.21982950727778E-02  1.01176568687391E-01
 -1.62638973258456E-01  5.58453528502600E-01 -1.13476711729656E+00  7.69287349409215E-06  1.81744462206755E-05
  3.48028981875975E-04 -3.92305876274078E-04  1.49642348899175E-03 -6.82043553599764E-03  1.09637037957103E-02
 -3.76463175882954E-02  7.64966831145989E-02 -7.40566506783844E-05 -1.74957266684697E-04 -3.35038026797777E-03
  3.77650814065551E-03 -1.44055060012371E-02  6.56581677405647E-02 -1.05543978798495E-01  3.62406436145248E-01
 -7.36403098024724E-01  1.67874521290483E-10 -7.57716456593542E-10  8.49766763104406E-10 -4.75625755751298E-09
  1.15075495449134E-10 -5.26339909284911E-10  6.29993699941753E-10 -3.58369304577675E-09 -2.90654341067994E-11
  1.57206591930908E-10 -4.95187527847187E-10  2.18689129036538E-09 -1.40357602054514E-10  6.95523817507533E-10
 -1.37975938923125E-09  6.56999637463834E-09 -5.43022930252649E-11  2.64271382545516E-10 -4.17893864166116E-10
  2.07271056182180E-09
* ORBITAL    1   11
 -3.21570699126421E-13 -1.33911373195065E-12 -1.62960508463067E-11 -2.12775347643078E-11 -3.21090872225215E-10
 -3.43837803131705E-10 -4.99035457929944E-09  1.12096089995528E-09 -8.46098302888087E-09  8.68022237234336E-08
 -1.26295974929755E-07  2.28062629783097E-07 -7.98045179998102E-07  9.37106077759843E-07  7.44544954704472E-05
  1.75899115053293E-04  3.36837703132253E-03 -3.79676354525589E-03  1.44828518757662E-02 -6.60106618242700E-02
  1.06110581014156E-01 -3.64351973291621E-01  7.40356236765489E-01  1.24750457004173E-05  2.94726408981126E-05
  5.64376225309195E-04 -6.36173024235820E-04  2.42664893651697E-03 -1.10602349995041E-02  1.77790861681141E-02
 -6.10484547525689E-02  1.24049407973291E-01 -1.13435470892597E-04 -2.67992098916771E-04 -5.13190458377686E-03
  5.78457290400664E-03 -2.20654071826920E-02  1.00570789561888E-01 -1.61665180316511E-01  5.55109869192794E-01
 -1.12797263448802E+00 -9.95171649508084E-11  4.46496920787125E-10 -4.81352204484163E-10  2.74331419565932E-09
  1.75705948457301E-10 -8.01619348317939E-10  9.59057112380498E-10 -5.38763038722996E-09 -1.25970750082457E-10
  6.31631275900848E-10 -1.34867532501815E-09  6.29492731187174E-09 -1.75332536622901E-12 -4.65777048554889E-12
  2.20049727756094E-10 -8.39634716999951E-10  6.08876471623331E-11 -2.87627381927980E-10  4.03109978053772E-10
 -2.09583852670744E-09
* ORBITAL    1   12
  1.03064767618761E-12  3.96701150225526E-12  5.30684645512157E-11  5.81335338344786E-11  1.06879581196439E-09
  1.03371038665796E-09  1.71849213054972E-08 -4.33575463438632E-09  2.03283576580855E-08 -2.87943741752516E-07
  4.34149047967745E-07 -7.50179600492224E-07  2.65828966701885E-06 -3.15174158516617E-06  3.75936955703855E-07
  8.88544488195703E-07  1.70071534539581E-05 -1.91641399795604E-05  7.31184034757132E-05 -3.33252055521107E-04
  5.35692747921015E-04 -1.83940954262691E-03  3.73761794550265E-03 -1.35488453642529E-04 -3.20226425603925E-04
 -6.12938757478751E-03  6.90716705064136E-03 -2.63523618422269E-02  1.20106221344786E-01 -1.93067067156490E-01
  6.62939705196219E-01 -1.34707249029853E+00 -1.46537899408108E-05 -3.46340329700022E-05 -6.62930050356252E-04
  7.47025963780617E-04 -2.85013301642037E-03  1.29901260362571E-02 -2.08812112507477E-02  7.16999253225013E-02
 -1.45691847590605E-01 -7.87549409213994E-11  3.79058073560557E-10 -5.72451798293637E-10  2.91111124669560E-09
 -9.47040535099351E-11  4.85623387704401E-10 -1.16130676666198E-09  5.31306010298495E-09 -1.28891783438293E-10
  5.92715603745315E-10 -7.44206293556500E-10  4.14965659435016E-09 -8.24356156500693E-12  3.99671771323855E-11
 -5.88759655417810E-11  3.12013517458189E-10 -1.97463458257231E-10  8.94989237919087E-10 -1.01320132389777E-09
  5.81626985274525E-09
* ORBITAL    1   13
  6.42414509972367E-07  1.60410299019429E-06  3.49894164385887E-05  5.60685935380433E-06  7.12455605185820E-04
 -1.24333696636490E-04  1.04658011737940E-02 -7.87270555603245E-03  3.42624012441523E-02 -1.77235839071293E-01
  2.81169815754670E-01 -6.48388478502606E-01  1.83518989980967E+00 -1.93542645243131E+00 -7.89173520825310E-10
 -6.48348339807945E-09 -2.99274381344682E-08 -2.71239454493149E-08 -5.40008211061011E-08  1.70680195278869E-07
 -1.58520613876232E-07  9.86382621365275E-07 -1.21339179186006E-06  1.35292148959893E-09  1.06026865831266E-08
  5.46662814453425E-08  3.39408086948257E-08  9.53932653871666E-08 -4.48841688566522E-07  3.80892973794778E-07
 -2.41925360799848E-06  2.98882503973181E-06 -8.31004159780083E-10 -6.75108616301850E-09 -3.22653458585667E-08
 -2.52648266004446E-08 -5.65447124446859E-08  2.16109012396010E-07 -1.90807072877486E-07  1.20358716575208E-06
 -1.47462488736343E-06 -1.44908251201703E-11  2.54607307158930E-11 -7.45804430541759E-11  8.12069113747442E-10
  1.09983307793612E-09 -2.01268773303795E-09  5.50298480162341E-09 -6.61995133105431E-08  4.42666569718290E-11
 -1.56131656347923E-10  1.80143737321037E-09  3.72095856504430E-09 -1.39893363941663E-10  2.55525469409340E-10
 -6.94583219968283E-10  8.42167378096794E-09 -4.68014262829321E-11 -6.21288807406840E-11  2.64089803985431E-09
  1.34833225339094E-08
* ORBITAL    1   14
 -3.00288794272157E-13 -7.06155481815434E-12 -2.01444922781650E-12 -2.13316536096887E-10  8.73091125174399E-11
 -3.86146381233266E-09  4.24907905163847E-11 -3.15300212789311E-08  9.65916800522450E-08 -1.15992546202965E-07
  4.05466903926841E-07 -1.33695259924060E-06  1.78718500627987E-06 -9.22717894364317E-07 -5.79828990558599E-06
 -5.98452218030763E-03 -7.21621579885127E-04 -5.86073130644177E-02  1.68470314933336E-01 -3.38215682120850E-01
  1.60545592743003E+00 -2.56570000101776E+00  1.01370270052556E+00 -1.04276319622870E-08 -1.08397875937930E-05
 -1.30382350772874E-06 -1.06155231106211E-04  3.05170701020823E-04 -6.12655272938326E-04  2.90812846109591E-03
 -4.64748231885873E-03  1.83621521118614E-03  1.36340888497376E-07  1.40448744204281E-04  1.69466890741977E-05
  1.37543519913318E-03 -3.95370027830588E-03  7.93730255529384E-03 -3.76772949580246E-02  6.02126984927203E-02
 -2.37898732781353E-02  1.05376384262780E-09 -5.52957223864426E-09  9.97425976563113E-09 -5.93434021760192E-08
 -1.92816732579988E-11  9.34395588919895E-11 -1.41541757049131E-10  7.57270702985871E-10  2.90815516046408E-10
 -1.60737941861106E-09  3.54991986435537E-09 -1.92839538415402E-08 -8.35721475483768E-10  4.79410984424539E-09
 -1.27531274403566E-08  6.57059613265807E-08 -4.74620613882822E-10  2.62014968380678E-09 -5.69377725459030E-09
  3.12310357748178E-08
* ORBITAL    1   15
 -2.31150384527628E-13 -8.66827388708263E-12  5.88731899836795E-12 -2.73023760867954E-10  3.00203552574113E-10
 -5.05721611708699E-09  2.92292054629708E-09 -4.18907446105069E-08  1.18220078456378E-07 -1.41519271353125E-07
  5.06479816567120E-07 -1.67502169074044E-06  2.24862109722715E-06 -1.16990246036063E-06 -1.35807080286431E-07
 -1.40436367200595E-04 -1.69229532065635E-05 -1.37531433577780E-03  3.95349722896133E-03 -7.93693732760325E-03
  3.76751920906635E-02 -6.02090911478668E-02  2.37885226718107E-02 -6.89330464398056E-09 -4.98509490903158E-06
 -6.89120949019614E-07 -4.88192298527855E-05  1.39765602764378E-04 -2.80425754523872E-04  1.33258652465338E-03
 -2.13059037066783E-03  8.41499061351498E-04 -5.79861703638048E-06 -5.98453240849129E-03 -7.21635707243215E-04
 -5.86074113610126E-02  1.68470521864571E-01 -3.38216076267949E-01  1.60545796545828E+00 -2.56570332637810E+00
  1.01370394173352E+00  2.31485668281691E-11 -1.19347001731285E-10  2.10464007790136E-10 -1.22598068676265E-09
  1.09597834431429E-09 -5.79744457322074E-09  1.06772605181745E-08 -6.37887321899905E-08 -9.71296842625345E-10
  5.57008389144496E-09 -1.47971002944383E-08  7.62603729764566E-08 -4.97279542918293E-10  2.75286733402058E-09
 -6.05812677428749E-09  3.31561282963238E-08 -1.27677628894965E-11  7.12039823278745E-11 -1.54465324258663E-10
  8.68806997901023E-10
* ORBITAL    1   16
  7.71570699385379E-13  2.10983986852908E-11 -1.82246223996061E-12  6.48181802502229E-10 -4.63853195198350E-10
  1.18916180039046E-08 -4.27657539538618E-09  9.72432651477311E-08 -2.71821254752416E-07  2.90302871138873E-07
 -1.00198976596841E-06  3.42084302234314E-06 -4.58885102267259E-06  2.34562654225286E-06  1.06449767583014E-08
  1.09541028062602E-05  1.32221977357809E-06  1.07275270330428E-04 -3.08360871477893E-04  6.19054077824346E-04
 -2.93856927493203E-03  4.69617686961018E-03 -1.85544557902154E-03 -5.80295234724110E-06 -5.98620081923186E-03
 -7.21926558826858E-04 -5.86235863835035E-02  1.68516649845746E-01 -3.38308023456171E-01  1.60589664787508E+00
 -2.56640339512566E+00  1.01397728907771E+00  2.50135356032776E-09  4.70155340178996E-06  4.79250691307487E-07
  4.60438972039590E-05 -1.32924174533296E-04  2.67020414450299E-04 -1.26605107412110E-03  2.02232489946417E-03
 -7.99307989173206E-04 -4.80051255474060E-10  2.65405307400481E-09 -5.78466272163745E-09  3.17882935626177E-08
 -8.49991885623829E-10  4.87415904885574E-09 -1.29346353871796E-08  6.67218927718748E-08 -6.37242881090847E-10
  3.37728110538228E-09 -6.23353327984391E-09  3.73282929118020E-08  2.50728841227418E-13  4.60042109776105E-13
  1.31418569852742E-12  4.70350328874054E-11 -1.09628386908850E-09  5.79497628678069E-09 -1.06896084436672E-08
  6.37275125739769E-08
* ORBITAL    1   17
  1.09567985689788E-12  4.05610715564328E-12  5.63500408570602E-11  4.87068566155947E-11  1.06426551937638E-09
 -1.47734421598319E-10  1.13170280829310E-08 -1.44759578995946E-08  8.08836061276472E-08 -1.63819654755603E-07
  4.18287705394357E-07 -1.27653910613493E-06  1.59167330188924E-06 -5.81049205442480E-07 -1.21028130612975E-11
 -2.59953509005760E-10 -4.09696482855426E-10 -2.18788317560468E-09  3.53558374922936E-09 -9.69668348501045E-09
  3.81141586106607E-08 -4.53923896204733E-08  1.55480434705295E-08  4.24212360809034E-11  4.57008844619755E-10
  1.44082918330849E-09  3.06629427642066E-09  6.62810414024152E-10  4.19285067080922E-09 -2.75689136696870E-08
  2.50268300229049E-08 -8.31679453953105E-09  1.79335203755669E-13 -3.61605120068593E-10  1.98420067233219E-12
 -3.64568671584664E-09  1.04236374445851E-08 -2.38180910835809E-08  8.49268011819908E-08 -1.07647843494014E-07
  3.71288843805178E-08  1.36609932528795E-03 -8.64538985200206E-03  2.64570448343332E-02 -1.39888928632241E-01
 -8.09122543311252E-03  5.12054994723040E-02 -1.56701573877303E-01  8.28543603500824E-01 -1.00381342919209E-03
  6.35265543220998E-03 -1.94407071935386E-02  1.02790756789868E-01  3.45294441187705E-04 -2.18520351746236E-03
  6.68726671583385E-03 -3.53582411408737E-02  7.02614159764209E-03 -4.44650927940874E-02  1.36074251743628E-01
 -7.19478739599344E-01
* ORBITAL    1   18
 -5.76156987385863E-14 -3.15201519303070E-13 -2.72640551465965E-12 -5.94408202825044E-12 -4.85883570818357E-11
 -5.02072386364160E-11 -4.90289954837123E-10  1.48030391714957E-10 -2.59272102719836E-09  5.21296389753732E-09
 -1.12816890424654E-08  3.75936691164779E-08 -4.74302833083895E-08  1.69123993346844E-08  3.58744540540923E-11
  2.23867689547060E-10  1.21587339428951E-09  9.57054696920474E-10  5.22919295591628E-09 -7.10223983425206E-09
  1.48644570214211E-08 -2.71019486147654E-08  9.61047267389376E-09  9.81922410161193E-12  1.80065788319105E-10
  3.31243432340809E-10  1.46759513817401E-09 -1.98923620524207E-09  5.84765611829182E-09 -2.37124799094645E-08
  2.76558915257386E-08 -9.44516226171632E-09  2.72493955486920E-13  8.75551318920177E-11  7.94784658156681E-12
  8.78711447838446E-10 -2.43092361122928E-09  5.58193031174056E-09 -1.99367671921254E-08  2.51339751675057E-08
 -8.65233485443190E-09 -8.54217110361271E-03  5.40593190775406E-02 -1.65434971564909E-01  8.74720556523990E-01
 -1.29255581776046E-04  8.17996814837545E-04 -2.50327386874653E-03  1.32358054545490E-02  1.12341279835215E-03
 -7.10954279118392E-03  2.17569704364650E-02 -1.15037764623586E-01 -6.29698511289233E-03  3.98506096644926E-02
 -1.21952784711012E-01  6.44812921829353E-01  1.98197384748234E-03 -1.25429654176701E-02  3.83845960320285E-02
 -2.02954640847087E-01
* ORBITAL    1   19
 -3.03747481076408E-13 -1.53475189226855E-12 -1.46822690429100E-11 -2.70210047386000E-11 -2.65822198802678E-10
 -1.90358576776325E-10 -2.72120176526544E-09  1.56962988411687E-09 -1.58154475267299E-08  3.18686682778961E-08
 -7.33012289224382E-08  2.36332068191830E-07 -2.96849027143242E-07  1.06782578431353E-07 -3.36393699920931E-12
  2.77328157518430E-11 -1.13477212909869E-10  4.00871741528626E-10 -1.88787253840228E-09  3.86302920262930E-09
 -1.28014789775965E-08  1.69909872794165E-08 -5.88455816383772E-09 -3.19922380537413E-11 -1.04143835524977E-09
 -1.09284205935142E-09 -9.32944081599394E-09  1.94750422931838E-08 -4.88824500027673E-08  1.83704409381352E-07
 -2.25359494138346E-07  7.74857748019087E-08 -6.01375182212806E-11 -9.34145069117645E-10 -2.04378487527960E-09
 -7.23360864881746E-09  7.26900378702788E-09 -2.47648242259550E-08  1.05952234942046E-07 -1.20300119984789E-07
  4.10429646625950E-08  1.79708101138758E-03 -1.13728669759199E-02  3.48038033930905E-02 -1.84021565280497E-01
  3.46800757529473E-03 -2.19473627339269E-02  6.71643921234999E-02 -3.55124882054541E-01  8.85404668694876E-03
 -5.60330304587582E-02  1.71475018635396E-01 -9.06656693895319E-01  6.06401805587135E-04 -3.83762724190919E-03
  1.17440944946333E-02 -6.20957032141063E-02  4.87947232868719E-03 -3.08798487905197E-02  9.45000221475265E-02
 -4.99659243075576E-01
* ORBITAL    1   20
  2.47408085161935E-14  1.56905579317504E-13  1.15284518713574E-12  3.19044796561854E-12  2.00546788981468E-11
  3.19326681789838E-11  1.97015397313530E-10  3.96450569541392E-11  8.55186438900640E-10 -1.70237252943948E-09
  3.11907608677755E-09 -1.14606269263307E-08  1.46155204755423E-08 -5.09665543200587E-09  5.58300031254603E-11
  1.32642315765254E-09  1.90161560156096E-09  1.13407069805212E-08 -1.99195324945766E-08  5.31220356888423E-08
 -2.05823550998944E-07  2.47813357916074E-07 -8.50492119820726E-08  3.00431263414141E-12  3.96058046271904E-11
  1.04063569871042E-10  2.83485746483735E-10 -1.50610208940344E-10  7.72712923344327E-10 -3.65580016721450E-09
  4.01429281664189E-09 -1.37634853620150E-09  1.08103253483467E-12  7.20166721352650E-11  3.39750271358118E-11
  6.96622186346457E-10 -1.72700239991367E-09  4.08730805289476E-09 -1.47594343007419E-08  1.83899044881364E-08
 -6.31578802211306E-09  5.95627847853113E-03 -3.76944400769717E-02  1.15354365863733E-01 -6.09924467708804E-01
 -1.51882497036380E-03  9.61191741349459E-03 -2.94148589295725E-02  1.55528072553744E-01  1.24429782686370E-03
 -7.87456627060349E-03  2.40981323288589E-02 -1.27416421031589E-01 -8.55358279813742E-03  5.41315377234591E-02
 -1.65655975204949E-01  8.75889104271539E-01 -2.30901635071210E-03  1.46126610254410E-02 -4.47183787637087E-02
  2.36443875602877E-01
* ORBITAL    1   21
  6.93132061734149E-13  2.82508004251229E-12  3.50423777851229E-11  3.93751168768985E-11  6.54517245265538E-10
  5.28678501359687E-11  6.89017973361070E-09 -7.60975484249354E-09  4.69783045132005E-08 -9.49419481989312E-08
  2.37508679651264E-07 -7.33053315764285E-07  9.15189660113680E-07 -3.33213963802915E-07 -2.93921148671370E-12
 -1.07362195781896E-11 -1.02976889085554E-10  9.35913540673195E-12 -6.60704016004261E-10  1.09418145825304E-09
 -2.93995555965294E-09  4.31510384616124E-09 -1.48869193689220E-09  4.21229230119527E-11  8.94240969131043E-10
  1.43251469058625E-09  7.48592710715321E-09 -1.19697701035170E-08  3.31277649869207E-08 -1.30238020577074E-07
  1.55356547874233E-07 -5.32679934109153E-08 -4.92233115198850E-11 -1.18859951105357E-09 -1.67693459892624E-09
 -1.01899456499622E-08  1.81056555957468E-08 -4.80818504256239E-08  1.85888692450940E-07 -2.24123603694805E-07
  7.69306582617055E-08 -2.07027169561791E-03  1.31017602082140E-02 -4.00946462290059E-02  2.11996360841104E-01
 -6.16515619579363E-03  3.90163273303956E-02 -1.19399669713143E-01  6.31313600221516E-01  5.96787870482892E-03
 -3.77678522025798E-02  1.15579025696294E-01 -6.11112331686718E-01  2.12719127878471E-03 -1.34619770042353E-02
  4.11969994023591E-02 -2.17824940387069E-01 -5.94911759016678E-03  3.76491221556298E-02 -1.15215681932124E-01
  6.09191189766178E-01
* ORBITAL    1   22
  7.93712342891355E-07  2.27109234642062E-05 -4.48742658836863E-06  6.91051031042432E-04 -5.94407001769216E-04
  1.16107004172921E-02 -7.70811999722519E-03  1.15634295408850E-01 -2.87245768543184E-01  4.64207848326631E-01
 -1.77382423794901E+00  4.45626859544901E+00 -4.43791998874549E+00  1.40502370074045E+00 -5.58496423167002E-10
 -1.07557482787255E-08 -1.80897354199299E-08 -1.02532200205398E-07  1.20976461885643E-07 -4.86116743936079E-07
  1.66331590975820E-06 -1.38243811995956E-06  4.18226747052003E-07  1.34327543925837E-09  2.65295375345794E-08
  4.36351258349496E-08  2.55816252733735E-07 -3.09859401100251E-07  1.22555340169266E-06 -4.20696593189706E-06
  3.48961782451381E-06 -1.05243910664157E-06 -7.83208466764998E-10 -1.38801851575383E-08 -2.51376313186931E-08
 -1.27441853238708E-07  1.35191966293174E-07 -5.82984709094541E-07  1.96608803459043E-06 -1.64138269738759E-06
  4.98046147816557E-07  4.32934050323126E-11 -4.78591337907076E-10  1.52204013400433E-09 -5.75381054184539E-09
 -3.86843715405832E-09  3.96842499614486E-08 -1.28210325529468E-07  4.74840475780622E-07  7.58292664491383E-10
 -3.91027972506425E-09  1.81451494741805E-08 -3.36820293710536E-08  4.92787975273821E-10 -5.05395338212408E-09
  1.63467428727722E-08 -6.04477706408308E-08  1.71258192875947E-09 -1.10390722174416E-08  4.55988374478254E-08
 -1.09038753282582E-07
* ORBITAL    1   23
  1.74293527645320E-12 -3.67635037818017E-13  1.06270917537234E-10 -1.23900665647041E-10  2.33928774132992E-09
 -8.02799831395359E-10  3.55233805937519E-08 -6.84579900423612E-08  1.75658450137639E-07 -9.93840173933664E-07
  2.80654978247211E-06 -4.13143345823540E-06  2.88910741108361E-06 -6.23968988966551E-07  8.70031142225100E-05
  4.99916815389886E-05  3.99428764560387E-03 -6.06118068552621E-03  2.51200227584297E-02 -1.13402899538955E-01
  1.57620602703751E-01 -8.46997024860558E-02  2.24952044834370E-02 -1.66258698573649E-03 -9.55358328508461E-04
 -7.63288020960947E-02  1.15826070004080E-01 -4.80030338031503E-01  2.16707182201098E+00 -3.01204991331645E+00
  1.61856900695202E+00 -4.29873698580656E-01 -1.02882537951078E-03 -5.91160122186909E-04 -4.72330723163870E-02
  7.16744044032375E-02 -2.97048166799128E-01  1.34100692920664E+00 -1.86388815004285E+00  1.00158716530054E+00
 -2.66009305752948E-01  6.51711653297378E-10 -2.24985761251229E-09  2.85899929971101E-08 -2.12516021675045E-08
 -5.83151602861070E-10  1.51807458776493E-09 -2.64231066889093E-08  4.22441061697232E-09  1.31620056409383E-09
 -4.81779934200372E-09  5.90748548292668E-08 -4.80538438278624E-08  3.29411056849197E-10 -1.11910330093394E-09
  1.43074516712292E-08 -1.03151746291819E-08  1.63963670567354E-09 -5.58588370527008E-09  7.40620356438433E-08
 -4.83191006681387E-08
* ORBITAL    1   24
 -5.60068390734326E-13  3.21260066802523E-12 -4.13551063324753E-11  1.45787884641109E-10 -1.00430236450097E-09
  2.49083893300340E-09 -1.58603441193968E-08  3.89865881651843E-08 -7.51952767088767E-08  2.54229562686407E-07
 -6.95617277056737E-07  1.07856467522170E-06 -7.68829909525538E-07  1.47306771516805E-07 -1.91761787105494E-03
 -1.10193309883209E-03 -8.80370923091449E-02  1.33592607208226E-01 -5.53663888337040E-01  2.49947918701198E+00
 -3.47406350590116E+00  1.86683742785687E+00 -4.95808743144861E-01 -2.73453617616863E-04 -1.57143306579829E-04
 -1.25541360143815E-02  1.90503747591030E-02 -7.89526809418996E-02  3.56427084198052E-01 -4.95403375289396E-01
  2.66212142312880E-01 -7.07028849646459E-02  2.79737505131997E-04  1.60747413567204E-04  1.28426401072063E-02
 -1.94881684941336E-02  8.07671574087488E-02 -3.64618024268472E-01  5.06788047808287E-01 -2.72329763918121E-01
  7.23273924050089E-02 -1.76210903929834E-09  5.93238330497476E-09 -8.06996332434878E-08  5.10821546372067E-08
  3.39915418262696E-10 -1.22278087600897E-09  1.55496374023100E-08 -1.20735498920700E-08 -2.90287130357976E-10
  1.08908810292000E-09 -1.27514843696628E-08  1.23626760170147E-08  4.25804749236089E-10 -1.97999342083679E-09
  1.92011494344365E-08 -2.70982638276108E-08  9.17486636545321E-10 -3.15423293388314E-09  4.05809366972918E-08
 -2.93672125523807E-08
* ORBITAL    1   25
 -2.40730922837015E-12  5.88762084859491E-12 -1.59121510989558E-10  3.47885434694263E-10 -3.60101947042942E-09
  4.19619218617063E-09 -5.52926743607633E-08  1.34180084400251E-07 -3.51849453105442E-07  1.55865462931778E-06
 -4.22847998462805E-06  6.29097278768841E-06 -4.42524914731514E-06  9.14788778535355E-07 -3.81393153952242E-04
 -2.19166911650522E-04 -1.75096006145205E-02  2.65700642587167E-02 -1.10117586065671E-01  4.97118311364340E-01
 -6.90951887815260E-01  3.71292780521565E-01 -9.86107065307396E-02  9.95636563978867E-04  5.72165939688681E-04
  4.57092105537102E-02 -6.93617487366716E-02  2.87464158213015E-01 -1.29773874843603E+00  1.80374588856491E+00
 -9.69268733031086E-01  2.57426564656015E-01 -1.64120409425137E-03 -9.43115601518859E-04 -7.53469940445432E-02
  1.14335810633746E-01 -4.73855965639811E-01  2.13919040047976E+00 -2.97329150315134E+00  1.59774028950365E+00
 -4.24339802044985E-01 -7.04290527423716E-10  2.40437441412174E-09 -3.15437865744980E-08  2.19010970222211E-08
 -1.92863408986693E-09  6.85000304363222E-09 -8.67978154211139E-08  6.45928574037652E-08 -1.45230770683126E-10
 -2.80221906382272E-11 -6.46971145946493E-09 -1.01816400212184E-08  6.57232054438375E-10 -2.37548011833617E-09
  2.88796360377688E-08 -2.43866343170008E-08 -8.69078178012797E-10  2.95504500981435E-09 -3.94404075880095E-08
  2.52119752298469E-08
* ORBITAL    1   26
  5.85107329512403E-13  7.64399373082558E-12  1.73688488505729E-11  2.06370949654058E-10  1.68877016025631E-10
  2.94262499664579E-09 -2.32181795105873E-10  2.47314019125378E-08 -3.90715328713239E-08  1.28986032612920E-07
 -4.06164538689241E-07  5.25163811100687E-07 -2.72863644538255E-07  7.18615578991458E-08 -1.61766913418002E-11
  2.80840215273472E-11 -8.18664824094484E-10  1.72706920416736E-09 -5.25838611742450E-09  2.38762113096825E-08
 -2.62213949745321E-08  1.44749659051928E-08 -3.79493763531181E-09 -9.60030750100539E-11 -3.02328862746503E-10
 -3.95525109699750E-09  2.52304164143325E-09 -2.20830772071214E-08  7.72323579354677E-08 -9.09147407293184E-08
  4.71647276262479E-08 -1.23500555589149E-08 -1.47157267630929E-10 -2.63876706448336E-10 -6.46583269372204E-09
  7.20010751387892E-09 -3.78867083584351E-08  1.46042361547054E-07 -1.66868514135199E-07  8.86557473630351E-08
 -2.32117507032501E-08 -6.64695522885028E-03  2.18222930775782E-02 -1.90452519008015E-01  9.92006325683111E-02
  3.62029858545892E-02 -1.18856249240321E-01  1.03730950664503E+00 -5.40301381928592E-01  9.48589984998203E-03
 -3.11426932774963E-02  2.71795651995597E-01 -1.41569671721566E-01 -2.68491985593869E-03  8.81472886287323E-03
 -7.69299225209835E-02  4.00703388709805E-02 -3.02687421068369E-02  9.93738243890457E-02 -8.67278021979562E-01
  4.51737413784800E-01
* ORBITAL    1   27
  5.32209022433840E-14  6.63375411656840E-13  1.67062317336914E-12  1.76807193912462E-11  1.81683486624629E-11
  2.50150098118617E-10  3.02157964617173E-11  2.05439001896173E-09 -3.09426764128146E-09  9.78584749372010E-09
 -3.19326766788796E-08  4.25359460783122E-08 -2.30421273691784E-08  5.91099069105748E-09 -1.42119344037932E-10
 -3.36320718870661E-10 -6.07776770472064E-09  5.58825076097581E-09 -3.49260620868972E-08  1.29497174561768E-07
 -1.49728806383513E-07  7.88629969201682E-08 -2.06494368088182E-08  1.78966700912574E-12 -5.07653856692293E-11
  1.79676952286789E-10 -9.69801604647254E-10  1.48723697293049E-09 -9.11208212197267E-09  9.43713530262601E-09
 -5.53646988640408E-09  1.45495968525245E-09  2.43656379217221E-11  1.55923997479865E-11  1.12064445332966E-09
 -1.64527029781038E-09  6.78712684017710E-09 -2.79398276757413E-08  3.14615514518327E-08 -1.70041252800791E-08
  4.45662656701448E-09  3.64716324843538E-02 -1.19738229893480E-01  1.04500693109193E+00 -5.44310724788713E-01
  2.52989563450019E-03 -8.30577641893217E-03  7.24880761307994E-02 -3.77567230208925E-02 -2.75857355960580E-03
  9.05653768655762E-03 -7.90402920528547E-02  4.11695629808587E-02  3.08282441059206E-02 -1.01210698222360E-01
  8.83309208594355E-01 -4.60087546941829E-01 -8.58226777821005E-03  2.81760228907811E-02 -2.45904246617277E-01
  1.28083665977723E-01
* ORBITAL    1   28
 -2.11664646182098E-13 -2.60326362903766E-12 -6.67469956797613E-12 -6.93379413498278E-11 -7.36277334911693E-11
 -9.79986160317554E-10 -1.51506567783343E-10 -8.01870698222984E-09  1.19858804714518E-08 -3.75317681086943E-08
  1.23382139923381E-07 -1.65440975980990E-07  9.03217324865161E-08 -2.30500530426995E-08 -2.68492483369430E-11
 -4.29668598336997E-11 -1.18930194721222E-09  1.39807549579170E-09 -7.01145523383865E-09  2.72727275105611E-08
 -3.10883571081064E-08  1.65713945162234E-08 -4.33893907662192E-09  2.02328799196816E-10  2.44825729294098E-10
  9.12576624385241E-09 -1.18633858336143E-08  5.44598171000896E-08 -2.17020472747680E-07  2.45606260417708E-07
 -1.31539196778707E-07  3.44397286147302E-08 -2.16005086105923E-11 -2.55048553108290E-10 -5.16088682901991E-10
 -2.54543305459061E-09 -1.21268548749010E-09 -8.30375350676915E-09  5.15277293498958E-09 -4.66087858275152E-09
  1.22005972006840E-09  6.69155680868763E-03 -2.19687223612182E-02  1.91730470676570E-01 -9.98662769859566E-02
  9.70319517103061E-03 -3.18560847414750E-02  2.78021726546759E-01 -1.44812635432212E-01  4.12450589051997E-02
 -1.35409632535312E-01  1.18177799094556E+00 -6.15550401330249E-01  1.36438558095284E-03 -4.47934747553838E-03
  3.90931882740160E-02 -2.03623928655560E-02  2.29408077743085E-02 -7.53158420100600E-02  6.57313684866504E-01
 -3.42373699403573E-01
* ORBITAL    1   29
  1.60209508156276E-14  1.71145158556203E-13  5.69761105732553E-13  4.36691648855631E-12  7.68009879745302E-12
  6.01103579908982E-11  5.10017371214602E-11  4.52162810817650E-10 -5.48151915167076E-10  1.32067057413619E-09
 -5.39553402614889E-09  8.36114093585109E-09 -5.39317346266710E-09  1.24622313019859E-09 -1.42869299769851E-10
 -1.80906474952295E-11 -6.74910858978196E-09  1.09436177735705E-08 -4.15330325102962E-08  1.74164671125541E-07
 -1.94379106006739E-07  1.05434243701480E-07 -2.76068788517709E-08 -8.22234379366231E-12 -5.29590156642676E-13
 -3.95424413448149E-10  6.52501205490536E-10 -2.45007063812390E-09  1.01983175127579E-08 -1.12764836160942E-08
  6.08188675315495E-09 -1.58795279219329E-09 -1.31801194558177E-13  9.09633956400981E-12 -1.67964573993241E-11
  1.43301628669543E-10 -1.59284888828273E-10  1.24988021269131E-09 -1.37343408103300E-09  8.62890100835467E-10
 -2.31517452996784E-10  2.83705285594542E-02 -9.31418926864288E-02  8.12889283609189E-01 -4.23408059887681E-01
 -9.51785299755028E-03  3.12475969786140E-02 -2.72711193532972E-01  1.42046548892394E-01  5.83474893431447E-03
 -1.91557785264137E-02  1.67180702662185E-01 -8.70790873642584E-02 -3.57719753344427E-02  1.17441220359312E-01
 -1.02495994740542E+00  5.33868893926658E-01 -1.26123377395275E-02  4.14069482950562E-02 -3.61376213881509E-01
  1.88229325567680E-01
* ORBITAL    1   30
  2.19610637938629E-13  2.97939189588118E-12  6.36225568211292E-12  8.08709596168666E-11  5.72372611640074E-11
  1.15680163627676E-09 -2.19069883685111E-10  9.83701605232131E-09 -1.58808488428219E-08  5.38555020639939E-08
 -1.66446095926699E-07  2.11396931933944E-07 -1.07273508926238E-07  2.86891360253354E-08 -7.03101646218103E-12
 -2.64061313731780E-12 -3.37190165142794E-10  5.29958252218204E-10 -2.07859344297513E-09  8.50324001084509E-09
 -9.37713555043517E-09  5.01720459226023E-09 -1.30738196150861E-09  7.65241414253429E-11 -3.78466380997703E-11
  3.70938340611140E-09 -6.65088798919480E-09  2.31970577805618E-08 -9.98278017433984E-08  1.10634998124175E-07
 -6.03629459971366E-08  1.58057651884984E-08 -1.42270772159259E-10 -7.10975280717450E-11 -6.61752058673895E-09
  1.00207322176989E-08 -4.03128539680604E-08  1.66419159278748E-07 -1.86503523406801E-07  1.00737844433081E-07
 -2.63760767953606E-08  1.20083390614948E-02 -3.94239897925626E-02  3.44070083830463E-01 -1.79215115296218E-01
  2.94351481026704E-02 -9.66370929541505E-02  8.43393397004846E-01 -4.39296678151267E-01 -2.31394643034391E-02
  7.59680421146163E-02 -6.63005716493550E-01  3.45338497831126E-01 -1.13640137278015E-02  3.73086369404055E-02
 -3.25608491164689E-01  1.69599061398064E-01  2.63253153191707E-02 -8.64273534034537E-02  7.54288616663315E-01
 -3.92884844555479E-01
* ORBITAL    1   31
 -7.93700549859893E-06  5.32110057549271E-06 -4.90300908468313E-04  7.61752521029785E-04 -1.06223633103394E-02
  1.60520782016024E-02 -1.57053368782438E-01  2.58308723072390E-01 -9.50485208344762E-01  3.84813088863756E+00
 -6.94278736698476E+00  6.04212444012753E+00 -2.73254163051536E+00  6.76270514798135E-01  1.84534227362839E-09
 -3.74390767394896E-09  7.13462519371077E-08 -1.05668458521369E-07  8.96087164669290E-07 -1.68432342171987E-06
  1.13511785286584E-06 -5.25931146967589E-07  1.36319998346958E-07 -5.74309190752656E-09  8.51713769192529E-09
 -2.18187796528202E-07  2.94021787231684E-07 -2.68164690684476E-06  4.90245852635031E-06 -3.36292227478586E-06
  1.55307764961064E-06 -4.03664592211480E-07  2.54655778402142E-09 -2.42625582169443E-09  9.51231769108203E-08
 -1.17514947474059E-07  1.14289478271215E-06 -2.04494744075599E-06  1.42433073735203E-06 -6.48607148710717E-07
  1.67324524255464E-07  6.62897757189637E-11  6.32748484110436E-10  3.22762965001815E-10  6.11599973743796E-10
 -5.11771705794805E-09 -5.15165965255702E-08 -3.20537171854887E-08 -4.86788783734798E-08  2.67190091128779E-10
  2.92255755945137E-09  2.01482183476925E-08 -7.69778599832134E-09  6.55333719795347E-10  6.55602236065565E-09
  4.13216673869949E-09  6.17185367435261E-09  1.13393616076259E-09  1.03077117763780E-08  3.94483259175686E-08
 -8.90561585013490E-09
* ORBITAL    1   32
 -8.65012765185766E-12  7.59387984149966E-11 -6.94515316997402E-10  3.21585614467139E-09 -1.64512808646931E-08
  6.65827826904348E-08 -2.40825758483192E-07  6.59326966281812E-07 -2.25130896659504E-06  5.72551644602069E-06
 -7.87492208468843E-06  5.51496504294293E-06 -2.07570337125472E-06  6.24891326838458E-07 -6.25212412443718E-06
  3.37986925032804E-04 -2.96273284479372E-04  4.80418830435666E-03 -1.61486253502465E-02  1.80446152551651E-02
 -1.08236627315439E-02  4.80167122664962E-03 -1.22324565601908E-03  1.22298671026391E-03 -6.61167932615476E-02
  5.79556358090165E-02 -9.39781610210412E-01  3.15895818361774E+00 -3.52984001603736E+00  2.11729311619878E+00
 -9.39286402185664E-01  2.39286502918946E-01  1.99366246065279E-04 -1.07776768086638E-02  9.44751331853004E-03
 -1.53195021118682E-01  5.14944332852549E-01 -5.75403186530481E-01  3.45142845613813E-01 -1.53114716525363E-01
  3.90066169643820E-02 -3.88468551746124E-09  3.89074789533605E-08 -3.18414489264342E-08  9.68661237672362E-09
 -1.17918635756889E-09  1.25857634011327E-08 -7.11916211868723E-09 -4.87500066147559E-09 -7.44291841023824E-09
  7.26819117625841E-08 -6.04048260950717E-08  1.95423397411488E-08 -6.08175767124933E-10  6.07855394024993E-09
 -4.99915821432968E-09  1.52413963206977E-09 -1.18428129622284E-08  1.15353641015012E-07 -9.68370288525048E-08
  3.36386153378651E-08
* ORBITAL    1   33
  3.09008362168583E-12 -1.91823152843713E-11  2.30460335812643E-10 -8.86829835998623E-10  5.42991963377514E-09
 -1.89745214475720E-08  8.00009259915470E-08 -1.77013762731845E-07  5.50146606485658E-07 -1.52670219221690E-06
  2.23141289254176E-06 -1.58526003673478E-06  5.81385300342210E-07 -1.81427534573233E-07 -7.18689399787215E-04
  3.88538387640821E-02 -3.40577073544845E-02  5.52267145122633E-01 -1.85637496398797E+00  2.07432330838505E+00
 -1.24423426154047E+00  5.51974845169444E-01 -1.40618399417448E-01 -1.65976661384488E-04  8.97338987176141E-03
 -7.86555620541583E-03  1.27546151288655E-01 -4.28731278206627E-01  4.79065671883581E-01 -2.87355885374834E-01
  1.27478280861251E-01 -3.24756528247349E-02  9.95689958812498E-04 -5.38291115714663E-02  4.71844025403363E-02
 -7.65125023517227E-01  2.57186952568046E+00 -2.87382062862384E+00  1.72379393699909E+00 -7.64720022495419E-01
  1.94816315908465E-01 -6.43415295858715E-09  6.27678304246492E-08 -5.26816840644632E-08  1.88977381726825E-08
  1.00737135063826E-08 -9.83294513560352E-08  8.20623845556770E-08 -2.75969444849082E-08 -3.29470427040726E-09
  3.35699747638240E-08 -2.46241483085156E-08  1.30467046988694E-09 -1.28294892098240E-09  1.27082175519042E-08
 -1.20226088810824E-08  7.36447356363871E-09  3.85365562483877E-09 -3.81982753638068E-08  3.15635783066047E-08
 -1.02202754105395E-08
* ORBITAL    1   34
  5.04325509901540E-12 -3.67390706503032E-11  3.87165578350642E-10 -1.62567658757052E-09  8.96758857426958E-09
 -3.43689289847703E-08  1.27593834399453E-07 -3.21412286704258E-07  1.23528392997080E-06 -3.46218552405587E-06
  4.92603692106603E-06 -3.41587633890147E-06  1.24991605125258E-06 -4.18032905398632E-07  1.00940963666295E-03
 -5.45708806837223E-02  4.78345803390615E-02 -7.75668327571709E-01  2.60730952397885E+00 -2.91342124722113E+00
  1.74754735450629E+00 -7.75257620504299E-01  1.97500850842453E-01 -1.10598941218479E-04  5.97945010321661E-03
 -5.24123555933140E-03  8.49908016568307E-02 -2.85686532812754E-01  3.19226990031831E-01 -1.91480524728970E-01
  8.49455587829208E-02 -2.16402577430577E-02  7.10153597236069E-04 -3.83924827669568E-02  3.36532473417215E-02
 -5.45709120900939E-01  1.83433129840783E+00 -2.04969125842840E+00  1.22945914353151E+00 -5.45420144536125E-01
  1.38948576677910E-01  1.01108652411508E-08 -9.89374656717102E-08  8.27927471376398E-08 -2.92459411814390E-08
  7.16892978787196E-09 -6.98702801658932E-08  5.83933847306203E-08 -1.95145776347101E-08  3.49353056449438E-10
 -3.20080628977490E-09  4.58535351104138E-09 -5.92304695054297E-09 -4.79249538661444E-09  4.82390896764596E-08
 -3.71643705436639E-08  6.08485270119670E-09 -2.08113800149304E-09  2.11933781836107E-08 -1.70941276851436E-08
  4.87276400550303E-09
* ORBITAL    1   35
 -9.44962077556015E-13 -2.29431534790059E-12 -5.14403280843598E-11 -3.87583403141411E-12 -1.02711869507259E-09
  5.85838666206113E-10 -1.31038121697340E-08  1.69744747609990E-08 -9.09473443795366E-08  2.90947429134427E-07
 -3.80205111525216E-07  2.40656819082027E-07 -1.16815554045678E-07  2.65318935027126E-08  1.95352136085421E-11
 -6.33772555312927E-10  7.89584344006711E-10 -8.87289634884842E-09  3.14008475854748E-08 -3.27268097161876E-08
  2.07871204879482E-08 -9.08972594094503E-09  2.32281748127601E-09  4.61677900945045E-11 -2.10761478810511E-09
  2.02459837921429E-09 -2.96156506777584E-08  9.93328003691248E-08 -1.04717687260806E-07  6.48069985290790E-08
 -2.83993761143809E-08  7.25113823628423E-09  9.53467502374639E-11 -3.75392566884096E-09  3.99272741663662E-09
 -5.26300437123959E-08  1.80733684498451E-07 -1.89613922160425E-07  1.18662758113082E-07 -5.19393947714999E-08
  1.32669897815405E-08  1.41314676526756E-02 -1.78390208167153E-01  1.32521389275389E-01 -4.59682044910478E-02
 -8.69250517755261E-02  1.09730839450273E+00 -8.15161518104642E-01  2.82758214065778E-01 -1.49999845657681E-02
  1.89354031044256E-01 -1.40666124543997E-01  4.87934001822814E-02  4.55063691609843E-03 -5.74454887894023E-02
  4.26747412833036E-02 -1.48027518023005E-02  7.38271321205153E-02 -9.31965298321891E-01  6.92332484814569E-01
 -2.40152034414573E-01
* ORBITAL    1   36
  2.85750018447256E-14  1.53047485997536E-13  1.40063684773617E-12  2.73716636002336E-12  2.54874593729107E-11
  2.19456818419695E-11  2.78731601856035E-10 -1.35385872841713E-10  1.63335891762744E-09 -4.21935554335961E-09
  4.68701550201251E-09 -3.74988154004800E-09  1.22839227119384E-09 -3.39379382691951E-10  8.24820299559168E-11
 -3.45105099465026E-09  3.51914959255179E-09 -4.84295806066502E-08  1.64632881155020E-07 -1.73120803251047E-07
  1.07805538886129E-07 -4.72166752138161E-08  1.20584607823801E-08 -9.01209425654047E-12  2.24907654323576E-10
 -3.52147813244646E-10  3.14333265467986E-09 -1.16628210197474E-08  1.20404186300049E-08 -7.81914733078100E-09
  3.41628714814276E-09 -8.73513494878001E-10 -2.09432290394338E-11  7.66084513609455E-10 -8.70207607826070E-10
  1.07418673998753E-08 -3.72217916034756E-08  3.89728181956409E-08 -2.45046557339723E-08  1.07257132195450E-08
 -2.73996273678258E-09 -9.02890115031966E-02  1.13977372805628E+00 -8.46707896524800E-01  2.93700827764863E-01
 -2.87359823354255E-03  3.62751980140657E-02 -2.69478896094593E-02  9.34751821456844E-03  9.31669106457159E-03
 -1.17610321945018E-01  8.73696119371137E-02 -3.03062336511707E-02 -6.92972664689173E-02  8.74782018241408E-01
 -6.49852531417467E-01  2.25416849422590E-01  2.00634299114810E-02 -2.53273016618624E-01  1.88149856309588E-01
 -6.52642650053627E-02
* ORBITAL    1   37
 -1.68547492755953E-13 -7.61057167438049E-13 -8.34927845707372E-12 -1.21240797075021E-11 -1.55713498448111E-10
 -7.06769143736258E-11 -1.78384426071778E-09  1.32282433433408E-09 -1.10640410700299E-08  3.10067895136761E-08
 -3.69006137042010E-08  2.67847020722861E-08 -1.04100145488094E-08  2.62864943691253E-09  1.90912695852786E-11
 -7.56384919952599E-10  8.01250589033106E-10 -1.06052631002866E-08  3.63771354977901E-08 -3.81858216553175E-08
  2.38781231591264E-08 -1.04540301054784E-08  2.67020966894895E-09 -1.46351592326795E-10  5.52213434852757E-09
 -6.05662467177509E-09  7.73688183740104E-08 -2.67602184684719E-07  2.80352693463936E-07 -1.76033816999578E-07
  7.70274703037550E-08 -1.96775029756813E-08 -9.00730956705384E-12 -7.98043095375458E-11 -2.44447876994768E-10
 -1.21499338915858E-09  6.76628220715218E-10 -1.42951046082440E-09 -1.69409553238487E-10  3.10935844361026E-11
 -1.21532317563169E-11 -1.75104350527338E-02  2.21044992503210E-01 -1.64208505665416E-01  5.69596365233417E-02
 -3.22809113197385E-02  4.07501799883072E-01 -3.02722359181317E-01  1.05006470136569E-01 -9.58306393899597E-02
  1.20972910713692E+00 -8.98675906106284E-01  3.11727171244576E-01 -4.32461783619243E-03  5.45923110242416E-02
 -4.05551906437855E-02  1.40675351076012E-02 -5.38602810197874E-02  6.79911457633545E-01 -5.05088322528885E-01
  1.75201930891475E-01
* ORBITAL    1   38
 -1.85053572235584E-14 -5.06066416753936E-15 -1.13143968111503E-12  1.30937651018703E-12 -2.39686410553453E-11
  3.30771158246647E-11 -3.30606569345701E-10  5.48959533176989E-10 -2.45937800515839E-09  8.39451814719257E-09
 -1.14026590015954E-08  6.80426983155974E-09 -3.61468109718713E-09  7.89119886305155E-10  1.24067821963060E-10
 -4.43319577683269E-09  5.06060514845168E-09 -6.20545390363573E-08  2.16693382381718E-07 -2.26645455992200E-07
  1.42910894306802E-07 -6.25163665711309E-08  1.59728746671202E-08 -4.51790940657596E-12  1.38102433614099E-10
 -1.87904148076656E-10  1.94129836588159E-09 -6.85249119318240E-09  7.14373541095945E-09 -4.53942190714486E-09
  1.98880113882139E-09 -5.08093361206475E-10  2.04834817697280E-11 -7.12250957269105E-10  8.43763944091734E-10
 -9.98356942233473E-09  3.48594566452041E-08 -3.64490417095147E-08  2.29995390104558E-08 -1.00663271947635E-08
  2.57176671143421E-09 -6.69408269778602E-02  8.45035237672281E-01 -6.27754431822107E-01  2.17751596351625E-01
  1.20687094743855E-02 -1.52350743755420E-01  1.13177356774844E-01 -3.92582654295487E-02 -7.16336114555052E-03
  9.04275141805388E-02 -6.71762196737532E-02  2.33016739217053E-02  9.15244086391862E-02 -1.15536891099974E+00
  8.58293147766056E-01 -2.97719448247089E-01  1.99262876162566E-02 -2.51541786227266E-01  1.86863770935775E-01
 -6.48181555709515E-02
* ORBITAL    1   39
 -5.81393278070943E-13 -1.63990144957752E-12 -3.12033053064562E-11 -9.66470960654709E-12 -6.16051281416922E-10
  2.49968134200428E-10 -7.73026641725812E-09  9.39522626414597E-09 -5.28474971829699E-08  1.66039005926308E-07
 -2.14584564469337E-07  1.38182374418351E-07 -6.53307540467776E-08  1.50148968034389E-08 -1.53711429580772E-11
  5.29236951323862E-10 -6.37064089152737E-10  7.42387355798032E-09 -2.59006531796613E-08  2.70870828689493E-08
 -1.70895339528821E-08  7.48272596222637E-09 -1.91159519722736E-09 -6.89213467909072E-11  2.38769146061976E-09
 -2.78884587479175E-09  3.34046212378321E-08 -1.17306274711031E-07  1.22556222947259E-07 -7.74781620661934E-08
  3.38845554345428E-08 -8.65822340035664E-09  1.14531421646833E-10 -4.14155678263157E-09  4.68495162286212E-09
 -5.79841342560363E-08  2.02065360025669E-07 -2.11391737708003E-07  1.33186563397932E-07 -5.82613579889274E-08
  1.48853552470992E-08 -1.76726504406431E-02  2.23092737897082E-01 -1.65729721888460E-01  5.74873066184390E-02
 -6.85556929195314E-02  8.65420683976583E-01 -6.42898243236241E-01  2.23004588507290E-01  6.24915252813980E-02
 -7.88868964938361E-01  5.86029986284403E-01 -2.03278477320687E-01  1.52832275740135E-02 -1.92929583104554E-01
  1.43322308234745E-01 -4.97147607884858E-02 -6.55808107235903E-02  8.27866915749083E-01 -6.15000537370325E-01
  2.13327603890373E-01
* ORBITAL    1   40
 -1.19813481828489E-06  2.81940107622396E-04 -7.22288046137521E-04  9.43121800864536E-03 -2.19392455219686E-02
  1.67126098368567E-01 -3.35938497428812E-01  2.14306428686349E+00 -6.15264037876179E+00  8.44411577682790E+00
 -6.25088660763460E+00  3.17318709053152E+00 -1.40693308565461E+00  3.27229360879297E-01  5.48893302268922E-09
 -2.76202333012776E-08  3.33050937799427E-07 -1.22896018345140E-06  1.39180023499713E-06 -7.95061195479022E-07
  5.43900336378416E-07 -2.15612617867722E-07  5.47093248936482E-08 -1.76198923855904E-08  9.57259990689412E-08
 -1.08625291908239E-06  4.06021462235819E-06 -4.52633553004731E-06  2.73377154907306E-06 -1.73909398553636E-06
  7.06225976344908E-07 -1.78590879603221E-07  4.90636753747638E-09 -2.37971933574959E-08  2.95211368040933E-07
 -1.08184374806369E-06  1.24315191917112E-06 -6.73378307996049E-07  4.93034071088020E-07 -1.93156663665686E-07
  4.92142915256824E-08 -1.24810322356228E-09  1.39349109315123E-09 -1.00371693711355E-09 -1.12379297199248E-10
  9.88184733775510E-08 -1.12289969357134E-07  8.34375579685202E-08  9.34340786589911E-09  1.34306425279881E-09
  1.68868790912467E-09 -9.11869251986963E-09  2.72579091804048E-09 -1.26223305101964E-08  1.43392040245343E-08
 -1.06630001951688E-08 -1.17350263748820E-09 -8.85644076229775E-09  1.53276559270582E-08 -2.52090619929664E-08
  4.07930818448806E-09
* ORBITAL    1   41
 -3.51735206996625E-13 -1.42823233808973E-11  1.18645687535498E-11 -4.45038306305474E-10  6.07973872058567E-10
 -7.42673844271957E-09  1.19981842380430E-08 -9.22280302904628E-08  2.26903500872166E-07 -2.67898493130876E-07
  1.85543242098756E-07 -9.56731281271454E-08  4.04054122514749E-08 -9.58518769033174E-09  3.34535261277200E-11
 -2.62235932500982E-10  2.04740848483264E-09 -8.43945390730603E-09  8.72637945129518E-09 -5.33584059903225E-09
  3.16578983231524E-09 -1.33641709541367E-09  3.47297237113556E-10  8.96220672010124E-11 -5.68580454532133E-10
  5.42162759065127E-09 -1.94972047190273E-08  1.99490120328342E-08 -1.18739986085158E-08  7.33127152139411E-09
 -3.02017722226523E-09  7.86984907260298E-10 -2.08415698328863E-10  1.23916520774493E-09 -1.25967986619450E-08
  4.35905117890629E-08 -4.42388183544021E-08  2.65559509694765E-08 -1.61993018968504E-08  6.69772601543441E-09
 -1.74477756707801E-09  1.18799656386679E-01 -9.73763068726483E-02  4.64011455600443E-02 -1.52265336477876E-02
  6.76014707268842E-01 -5.54107794496469E-01  2.64039962643405E-01 -8.66447008349961E-02 -9.10595837985906E-01
  7.46386500037269E-01 -3.55663402510297E-01  1.16710928166550E-01 -1.07362310509112E-01  8.80014775371623E-02
 -4.19339108188412E-02  1.37606107868893E-02  7.80471676163864E-01 -6.39727855649614E-01  3.04839095861523E-01
 -1.00032934417339E-01
* ORBITAL    1   42
  4.65024256822800E-14  1.98483644723707E-12 -1.72936817084176E-12  6.19363640635887E-11 -8.60420821761215E-11
  1.03594239224227E-09 -1.67609914291866E-09  1.29167945387410E-08 -3.20870414319689E-08  3.79414633142039E-08
 -2.61914630285440E-08  1.38046113289879E-08 -5.66565805620020E-09  1.35966998949049E-09  2.09571795637334E-10
 -1.27938806623736E-09  1.26729806231825E-08 -4.45385182760849E-08  4.53411438143206E-08 -2.71458255437012E-08
  1.66205673110294E-08 -6.86539462183622E-09  1.78855746691150E-09 -2.06824545512918E-12  5.27489681589997E-11
 -1.38881828693453E-10  1.33957705288286E-09 -1.48022569827760E-09  9.12149758320926E-10 -5.33847676263470E-10
  2.31722646838820E-10 -5.99976268427728E-11  4.34126740569028E-11 -3.09893173265866E-10  2.64599644064860E-09
 -1.02696699759243E-08  1.05444683650283E-08 -6.43163406113254E-09  3.83106313725749E-09 -1.61025277111760E-09
  4.18686971397317E-10 -6.72947774220250E-01  5.51593926828540E-01 -2.62842070221775E-01  8.62516124969080E-02
  7.10967140911719E-02 -5.82757194670016E-02  2.77691794652552E-02 -9.11245488519888E-03 -4.92305729929984E-02
  4.03527377664053E-02 -1.92286329014749E-02  6.30987494860455E-03  1.19941461840947E+00 -9.83122085347628E-01
  4.68471155286079E-01 -1.53728786729816E-01  1.48405526219440E-01 -1.21643298488854E-01  5.79646998400574E-02
 -1.90211134200024E-02
* ORBITAL    1   43
 -3.90718322726404E-13 -1.54880808378389E-11  1.23585314480452E-11 -4.81927626749153E-10  6.49251515251442E-10
 -8.02893193015614E-09  1.29387650023066E-08 -9.94271410996594E-08  2.42996556808853E-07 -2.86528348298750E-07
  1.98827679004437E-07 -1.00926020789212E-07  4.34930446767655E-08 -1.02354140363983E-08 -7.76242974540312E-11
  3.96561272536520E-10 -4.68538165628458E-09  1.48789330318780E-08 -1.47890369293266E-08  9.09798802114316E-09
 -5.35736605355213E-09  2.24121703458450E-09 -5.83289961830430E-10  3.33904187508310E-10 -1.85704233124150E-09
  2.01692536139807E-08 -6.71698493072651E-08  6.75501090232772E-08 -4.09958769309927E-08  2.46183916651437E-08
 -1.02323716833319E-08  2.66444133799097E-09 -1.48287151603526E-10  6.04874062506074E-10 -8.93057469067814E-09
  2.52164629621943E-08 -2.42993071119025E-08  1.54536736799252E-08 -8.67143470101456E-09  3.68474354837954E-09
 -9.57846140639944E-10  3.06195619026312E-01 -2.50978828169610E-01  1.19594853238308E-01 -3.92450452632447E-02
  6.91240202256444E-01 -5.66587649092951E-01  2.69986784277751E-01 -8.85961501065316E-02  1.01570177728144E+00
 -8.32538501448860E-01  3.96716012329143E-01 -1.30182340122022E-01  1.03962245414285E-01 -8.52145520699320E-02
  4.06059025798366E-02 -1.33248249553859E-02  5.54012366907906E-01 -4.54106349111268E-01  2.16387902444411E-01
 -7.10076796351348E-02
* ORBITAL    1   44
  1.11024513092730E-13  4.40103009998627E-12 -3.48384762833214E-12  1.36900013178875E-10 -1.83931424517897E-10
  2.27997576281015E-09 -3.67285973752731E-09  2.82178193336450E-08 -6.88671097358992E-08  8.11823344145545E-08
 -5.63567084261519E-08  2.85159055208462E-08 -1.23387671922036E-08  2.89911498061793E-09 -2.86024894293078E-10
  1.42339555982268E-09 -1.72606734345381E-08  5.40358553090810E-08 -5.35105890591628E-08  3.30643632006900E-08
 -1.93459971579397E-08  8.11087147237016E-09 -2.11053459490371E-09 -3.94307508248907E-11  1.30834374777587E-10
 -2.35557892345877E-09  5.97431822900441E-09 -5.69586108709125E-09  3.48678715934476E-09 -2.07145013707200E-09
  8.50037260622366E-10 -2.21813195727427E-10  5.60396703048007E-11 -3.09394142970146E-10  3.39366469921012E-09
 -1.12834176271712E-08  1.12710064410334E-08 -6.99302698607082E-09  4.06587475037956E-09 -1.71555323362279E-09
  4.46055827916074E-10  1.15879857127885E+00 -9.49830400549457E-01  4.52607210578960E-01 -1.48523034117752E-01
 -9.84261128062302E-02  8.06767599416848E-02 -3.84435824084398E-02  1.26152596953286E-02 -2.15664937526715E-01
  1.76773702587070E-01 -8.42350933236470E-02  2.76417417732650E-02  6.78011363346150E-01 -5.55744389617543E-01
  2.64819822352792E-01 -8.69006118237843E-02 -2.49487721581410E-01  2.04497164926444E-01 -9.74457032982882E-02
  3.19768027916031E-02
* ORBITAL    1   45
 -5.93230158819374E-13 -2.45613115139070E-11  2.10939231446288E-11 -7.66320746837984E-10  1.05892424231433E-09
 -1.28092614653559E-08  2.06991457430710E-08 -1.59564435604109E-07  3.95588100697865E-07 -4.67560890875912E-07
  3.22899209650526E-07 -1.69528609584767E-07  6.99191492119257E-08 -1.67467148136426E-08 -1.48948375605688E-11
  1.45838110359666E-10 -9.18357436512811E-10  4.39274468828468E-09 -4.63957465336263E-09  2.79579921719310E-09
 -1.69380878156321E-09  7.12061464734354E-10 -1.85072691667840E-10 -2.52096237755034E-10  1.18939777961954E-09
 -1.52038126163205E-08  4.62617408432672E-08 -4.54839360920188E-08  2.83193606695471E-08 -1.63893402079821E-08
  6.89541349880527E-09 -1.79380636022369E-09 -2.63222171594053E-10  1.39050878553533E-09 -1.58890662827425E-08
  5.13972017259949E-08 -5.13478148880158E-08  3.13680895126499E-08 -1.86602403330284E-08  7.77759012363094E-09
 -2.02481006199868E-09 -1.31965051328297E-01  1.08167563070626E-01 -5.15433270592044E-02  1.69139402673850E-02
  9.85598996428768E-01 -8.07864207510137E-01  3.84958372783471E-01 -1.26324071302519E-01 -1.05767815334391E-01
  8.66945205076880E-02 -4.13111278614294E-02  1.35562445895298E-02 -1.80852435619065E-02  1.48238999966941E-02
 -7.06379162494030E-03  2.31798287755089E-03 -9.59490835002303E-01  7.86464176442330E-01 -3.74760964527060E-01
  1.22977792280334E-01
* ORBITAL    1   46
  2.77714812263960E-13  2.92302196512562E-10 -6.61287994791876E-10  9.48049634316502E-09 -2.12610826314049E-08
  1.47064459395818E-07 -3.54689522819562E-07  2.71506953237463E-06 -7.21999710992959E-06  8.66824544976879E-06
 -5.25663272401717E-06  2.48602055540373E-06 -1.35413024762579E-06  2.11936166106154E-07 -2.25528146310567E-03
  6.86612889200096E-03 -1.32596986131192E-01  3.05837787672636E-01 -2.78867896208946E-01  1.72246926354912E-01
 -9.89340972229402E-02  4.14504797084812E-02 -1.08074908485531E-02  1.76751443782542E-02 -5.38113107217385E-02
  1.03919195586060E+00 -2.39691907533904E+00  2.18555105426447E+00 -1.34993828812403E+00  7.75368796509443E-01
 -3.24856892072333E-01  8.47015462229807E-02 -1.78116564490084E-02  5.42269886995131E-02 -1.04721826537607E+00
  2.41543136362247E+00 -2.20242984451694E+00  1.36036373166027E+00 -7.81357093451535E-01  3.27365663241949E-01
 -8.53549052312521E-02 -7.63182188902293E-09  5.99404166304296E-09 -1.82210904237513E-09  1.44357722328863E-09
 -2.45231297972431E-08  1.93805633153618E-08 -6.94497169875676E-09  6.43858319923747E-09 -8.72265948303121E-09
  7.22892280187315E-09 -5.32302314150595E-10 -3.65812033474032E-09  5.46311204517997E-09 -4.23195438331664E-09
  1.48639209614075E-09 -1.77338375888924E-09 -2.04340660676363E-08  1.63564827957423E-08 -4.72694096299333E-09
  1.95955167811572E-09
* ORBITAL    1   47
  2.86246258223612E-12 -7.37922792478292E-11  3.45221864787457E-10 -2.63959693599152E-09  9.53344399423429E-09
 -4.53674699325292E-08  1.60517849006873E-07 -7.21613565503675E-07  1.59508853675348E-06 -1.78975059578746E-06
  1.08995776133164E-06 -5.51957893666236E-07  2.93480587420303E-07 -3.13551373850128E-08  2.49922189365611E-02
 -7.60881829957593E-02  1.46939268088200E+00 -3.38918346550547E+00  3.09031251803847E+00 -1.90877687305664E+00
  1.09635087960886E+00 -4.59338582788854E-01  1.19764627778095E-01  3.18459725159134E-03 -9.69541380863121E-03
  1.87235190061662E-01 -4.31861793035633E-01  3.93778782643049E-01 -2.43223241668671E-01  1.39700952654806E-01
 -5.85305928184022E-02  1.52609831229939E-02 -4.28267201093328E-06  1.30379764311445E-05 -2.51794537713933E-04
  5.80768883207401E-04 -5.29554428797777E-04  3.27086822501999E-04 -1.87870810470440E-04  7.87124600447748E-05
 -2.05228215219735E-05  2.81386914445849E-08 -2.25054937380164E-08  6.48164445719124E-09 -2.21326989465812E-09
 -4.76837161331298E-10  3.39327209697188E-10 -3.40829436246356E-10  6.78336259668300E-10  1.79024537446155E-09
 -1.34201212706978E-09  4.60105299155329E-10 -6.94529381530816E-10 -4.65700305222069E-09  3.40353263067878E-09
 -2.88020345907693E-09  6.07329857820498E-09 -1.08023015531292E-08  8.48399659144032E-09 -2.57729474052400E-09
  2.05439261881485E-09
* ORBITAL    1   48
 -4.48294606976005E-13  1.80900036215480E-10 -4.46637261421422E-10  5.95483137229431E-09 -1.40298458590312E-08
  9.65714296482389E-08 -2.24459030911982E-07  1.58143779215191E-06 -4.24881725804753E-06  5.28852123465679E-06
 -3.42062827315489E-06  1.63216370297311E-06 -8.17117613560546E-07  1.60885383978735E-07 -2.24841788612692E-03
  6.84527693903044E-03 -1.32193555090696E-01  3.04906813327762E-01 -2.78018938619526E-01  1.71722380108429E-01
 -9.86327563389868E-02  4.13241816452057E-02 -1.07745792108549E-02  1.76691960302021E-02 -5.37935571132137E-02
  1.03884306458209E+00 -2.39611075015749E+00  2.18481336892005E+00 -1.34948126073172E+00  7.75105857758707E-01
 -3.24746371840399E-01  8.46728769241141E-02  1.78184636949165E-02 -5.42480684627060E-02  1.04761933935974E+00
 -2.41635285797738E+00  2.20326944206746E+00 -1.36088093558495E+00  7.81653716940294E-01 -3.27489580563075E-01
  8.53873616932973E-02 -7.64189706905281E-09  6.00178320304838E-09 -1.82166081284182E-09  1.46083535849803E-09
  1.78837287433125E-08 -1.45268029588781E-08  2.85579169667514E-09  2.20122337137942E-09 -1.63558703847924E-08
  1.28048382945225E-08 -5.26537407339172E-09  6.31859437039038E-09 -4.65484690962817E-09  3.64295064878723E-09
 -9.71253435343095E-10  7.05991696514993E-10 -2.04426873818726E-08  1.63643316757490E-08 -4.72825961069831E-09
  1.97180948752637E-09
* ORBITAL    1   49
  1.03091851765124E-04 -4.49393892694670E-04  7.27778652169752E-03 -2.28442137327277E-02  1.73120333859186E-01
 -4.83971899989287E-01  3.20095131371659E+00 -7.03649517394749E+00  7.58706388444128E+00 -5.10345514394774E+00
  2.95535547247245E+00 -1.56627058722272E+00  6.00724299353033E-01 -1.51816487750025E-01 -1.30345328991985E-08
  2.71200090059906E-07 -7.31859032105903E-07  6.18542798881285E-07 -3.74974589276540E-07  3.13442728815376E-07
 -1.01738078969090E-07  5.71058154362586E-08 -1.56212769710616E-08  1.50501619984394E-08 -3.52218657752883E-07
  8.85775917347587E-07 -7.94075166481883E-07  3.86172803099217E-07 -5.74005527875497E-07  3.45653445010739E-08
 -7.19039228677364E-08  2.05174493457713E-08 -5.74259308946903E-09  1.32256566769557E-07 -3.35700594322235E-07
  2.99784791871134E-07 -1.45203070201745E-07  2.18551262324004E-07 -1.23617412603645E-08  2.50176573019671E-08
 -6.83801483784876E-09  1.88133235172352E-10 -1.48858511206007E-11 -1.46305157509428E-10 -2.00918357906470E-10
 -1.48745278434614E-08  5.23345283712145E-10  1.32931842395363E-08  1.63419187552226E-08 -7.09742738647001E-10
  1.71505472971860E-09 -4.93636757420443E-09  1.38110255721042E-09  1.90094344231128E-09 -6.95656377888998E-11
 -1.70047740531940E-09 -2.07651363524170E-09  4.47996656690749E-10  2.82226633677137E-09 -1.00974058594290E-08
  7.90856542267356E-10
* ORBITAL    1   50
  4.27364905082828E-11 -3.36776597327266E-10  3.36080202836701E-09 -1.50585349581636E-08  8.30810782201192E-08
 -3.72781188849381E-07  1.42992419174462E-06 -2.09792010542355E-06  1.34278716176935E-06 -5.98140313965501E-07
  6.97898125416174E-07 -4.11128188618319E-07  1.83696196654087E-08 -6.68691240277460E-08  3.54570318134089E-03
 -9.47262430119330E-02  1.55172460958247E-01 -1.18776647400454E-01  7.66862226146604E-02 -4.83708676180642E-02
  2.46926692990748E-02 -1.12429427245027E-02  2.95301674933499E-03 -4.92728689901756E-02  1.31636337016912E+00
 -2.15635418352262E+00  1.65057933382708E+00 -1.06566920206105E+00  6.72185480227811E-01 -3.43141694491148E-01
  1.56237521675514E-01 -4.10360769571781E-02  3.91156748790686E-02 -1.04500593882774E+00  1.71183969435918E+00
 -1.31032642621692E+00  8.45991060846780E-01 -5.33620257787081E-01  2.72405891472262E-01 -1.24030489745003E-01
  3.25772403118197E-02 -1.10151614686245E-09  6.50710409988598E-10  3.11290262670484E-10  4.11689429154521E-10
 -3.11797962490814E-09  1.92330702570651E-09  3.32443449770952E-10  2.38583063926278E-09 -9.03702599762300E-10
  6.42128369117541E-10  1.33883965880644E-09 -2.27078262922875E-09  7.74221703346182E-10 -4.47792059041758E-10
 -1.28360654271380E-10 -5.14982566164366E-10 -2.78856077691596E-09  1.79103590921186E-09  1.22830050181884E-09
 -1.27697041467511E-10
* ORBITAL    1   51
 -2.22888233082257E-11  1.18573608541846E-10 -1.61997381870929E-09  5.75420273151557E-09 -3.85957188449454E-08
  1.33577935962820E-07 -7.13731892938226E-07  1.35897767601070E-06 -1.27649075750629E-06  8.06684985046768E-07
 -5.40193515244728E-07  2.76172716781749E-07 -7.31598364535694E-08  4.27370990467946E-08 -6.24920629279733E-02
  1.66952387366094E+00 -2.73486958236879E+00  2.09340319943896E+00 -1.35157155848379E+00  8.52522450012329E-01
 -4.35201358571157E-01  1.98153849871636E-01 -5.20460592790907E-02 -7.27502184943345E-03  1.94357848232122E-01
 -3.18380196294261E-01  2.43703748317591E-01 -1.57343245186145E-01  9.92464679638713E-02 -5.06640217298603E-02
  2.30680996617372E-02 -6.05887157296604E-03 -3.49943875361606E-03  9.34902200252852E-02 -1.53147590687753E-01
  1.17226672911212E-01 -7.56854850004924E-02  4.77396658647158E-02 -2.43704619630452E-02  1.10962448756536E-02
 -2.91448170225090E-03  3.44155202401356E-09 -2.20187461424239E-09 -1.51796808367456E-09  4.52286958174333E-10
  8.35908016472381E-11 -6.52653786715589E-11 -1.92970558216611E-10  3.23104228081119E-10  3.38447670159368E-10
 -1.81696924077707E-10 -1.06116026953748E-10 -8.28282677957738E-11 -1.14607895660805E-09  6.38294975745785E-10
 -8.20166692719605E-10  3.14459564798961E-09 -1.55622332900850E-09  9.26624401070182E-10  4.64855453909406E-10
  5.07569067734775E-10
* ORBITAL    1   52
  1.54129476522733E-11 -9.99482285945890E-11  1.16095575999539E-09 -4.67269046060601E-09  2.80477446238062E-08
 -1.17780773462403E-07  5.03311484864616E-07 -7.38519463823361E-07  3.93457051687427E-07 -3.79441066273330E-08
  8.63401243767404E-08 -7.61466698301486E-08 -1.15439691801447E-08 -9.21828269814560E-09  7.25258957214477E-03
 -1.93758491271769E-01  3.17398186715663E-01 -2.42952059626345E-01  1.56857990917848E-01 -9.89403931038463E-02
  5.05077744740423E-02 -2.29969777231834E-02  6.04026015581077E-03 -3.85964541583667E-02  1.03113389157549E+00
 -1.68911313688067E+00  1.29292933320852E+00 -8.34757998146597E-01  5.26535605946356E-01 -2.68789636709585E-01
  1.22384081714213E-01 -3.21443325397753E-02 -4.92762473014909E-02  1.31645274427352E+00 -2.15649756628344E+00
  1.65068847250960E+00 -1.06573978273036E+00  6.72230416815572E-01 -3.43164814200451E-01  1.56248293807565E-01
 -4.10393154977200E-02 -1.11980610957724E-09  6.73508800633244E-10  3.57128906983590E-10  3.02959468513878E-10
  2.18070375803028E-09 -1.45259216489534E-09 -1.76447165730334E-09  2.03815024884331E-09 -2.35108782836378E-09
  1.41645946102601E-09 -1.75568470271166E-10  2.83023394333896E-09 -7.74268779734160E-10  4.52556602847440E-10
  3.22166614583302E-10  7.98720163813619E-11 -2.10380833599977E-09  1.35686837443257E-09  9.43048693363919E-10
 -1.31822101968737E-10
* ORBITAL    1   53
 -1.12684005437671E-04  3.55127618371892E-03 -1.51917840457322E-02  1.32574319044781E-01 -4.61086321740190E-01
  3.26991289311478E+00 -5.68659381640351E+00  5.32814489099024E+00 -3.73980078686947E+00  2.42769276820755E+00
 -1.38804186423212E+00  6.78104689144604E-01 -3.03167051388798E-01  7.23231115852971E-02  1.35202044681956E-08
 -1.27842894693922E-07  2.65175135026349E-08 -3.93731700569183E-08  3.54803753922589E-08  5.14164485541899E-09
  1.83470482099544E-08 -4.28938125273069E-09  9.36010403006233E-10 -4.58821533299594E-08  4.40224693680908E-07
 -8.35748214929097E-08  1.40732177110577E-07 -1.01216298080371E-07  3.11841504736523E-08 -3.73113550667529E-08
  1.41862713663796E-08 -2.82473558116594E-09  1.89371137942352E-08 -1.83465578464481E-07  3.29386847282782E-08
 -5.91912211968812E-08  3.91884982608011E-08 -1.92820076062028E-08  1.20234534568215E-08 -6.59281796416921E-09
  1.46316042396551E-09  4.63317208195462E-11  3.05831682799123E-12 -4.86756354957000E-11 -6.33629402855520E-11
 -3.62650193415977E-09 -4.66607011307473E-10  4.39499842014359E-09  5.15848312412158E-09 -1.69012294416545E-10
  4.76357006530261E-10 -1.51301712075204E-09  4.16937830127173E-10  4.63251662171544E-10  5.90086213469267E-11
 -5.62322384951070E-10 -6.55408561305302E-10  1.20640871433784E-10  8.47513271188721E-10 -3.13094500122916E-09
  2.17091491916826E-10
* ORBITAL    1   54
 -8.13715352292381E-12  2.48840492022816E-10 -1.09821639963112E-09  9.27386409644356E-09 -3.72840380449941E-08
  2.13323614530909E-07 -2.98623091555758E-07  2.86032605495651E-07 -2.98802928541152E-07  2.20078607885374E-07
 -6.20279836031946E-08  2.61399156174009E-08 -3.56947535238901E-08 -2.05724676733649E-09 -7.80744553114621E-02
  7.80657794676320E-02 -6.05766337283956E-02  4.38266089885745E-02 -2.87148872331793E-02  1.71838710269323E-02
 -9.96000196108806E-03  4.32190605637444E-03 -1.14742285478167E-03  1.01318512685489E+00 -1.01307254752266E+00
  7.86113029956264E-01 -5.68745235457583E-01  3.72637999530589E-01 -2.22997986740657E-01  1.29252595286897E-01
 -5.60860985242124E-02  1.48903874144416E-02 -8.21878374512028E-01  8.21787046048457E-01 -6.37681367715916E-01
  4.61356307844068E-01 -3.02277424131757E-01  1.80892099342134E-01 -1.04847484549714E-01  4.54960729406810E-02
 -1.20787534853133E-02 -1.73652159438698E-10  1.10010443167228E-10  5.14093548010257E-11  7.40524424754832E-11
 -4.91736417757487E-10  3.24165177440085E-10  5.37437472643177E-11  4.21063317143979E-10 -1.31189316187244E-10
  9.49219589083522E-11  2.37511209730039E-10 -4.02597882583276E-10  1.24247938006186E-10 -7.75621758557756E-11
 -1.91944698971939E-11 -9.51495809448267E-11 -4.27011054552754E-10  2.88775756459342E-10  2.10035342083383E-10
 -1.78859206795268E-11
* ORBITAL    1   55
  1.28258136120528E-12 -4.78976915304881E-11  1.96736184313595E-10 -1.77773304793576E-09  7.36355328458443E-09
 -3.87723531247738E-08  3.34837132204108E-08 -5.67672700662399E-09  6.55607220498272E-09 -6.11612548136003E-09
 -9.66752970431747E-09  3.02933174242332E-09  4.59994906302390E-09  3.07127537001447E-09  1.29591059919749E+00
 -1.29576619263716E+00  1.00547479600761E+00 -7.27451282530424E-01  4.76621029605804E-01 -2.85224617624389E-01
  1.65319951014421E-01 -7.17366419367892E-02  1.90453730439262E-02  1.55196885894613E-01 -1.55179592758255E-01
  1.20414604254045E-01 -8.71188089636009E-02  5.70796546668162E-02 -3.41582062936554E-02  1.97985430329322E-02
 -8.59110580161033E-03  2.28086774640804E-03  6.82164951980585E-02 -6.82088934947967E-02  5.29280076566042E-02
 -3.82929011934636E-02  2.50892431003222E-02 -1.50141713254608E-02  8.70241179547272E-03 -3.77620361706843E-03
  1.00254499656415E-03  5.32182584075240E-10 -3.58646485490567E-10 -2.61664817414122E-10  7.37165323337246E-11
  9.52843477437479E-12 -7.67896119560922E-12 -3.39313757951813E-11  5.84718406813464E-11  5.33472744034790E-11
 -3.11774018632281E-11 -1.55798104979478E-11 -1.77949527451001E-11 -1.84228776633577E-10  1.14403679708469E-10
 -1.50455724806930E-10  5.54484635429087E-10 -2.45814717142579E-10  1.56616946472829E-10  7.73737301223459E-11
  9.27227359157575E-11
* ORBITAL    1   56
 -2.83324378934511E-12  8.36580299090352E-11 -3.76552727827274E-10  3.13646596262401E-09 -1.29750275129427E-08
  6.98725914998213E-08 -9.28753466355248E-08  9.33154838601964E-08 -1.15892738332041E-07  1.03279936576905E-07
 -4.55394431145005E-08  1.91431342899282E-08 -1.48886670521683E-08  1.52065249933923E-09 -1.50479046629039E-01
  1.50462238796946E-01 -1.16754103291571E-01  8.44704619098310E-02 -5.53444643115922E-02  3.31198169109621E-02
 -1.91966771545799E-02  8.32993731629289E-03 -2.21151757076744E-03  8.10859824159838E-01 -8.10769257435378E-01
  6.29132202577626E-01 -4.55171091949507E-01  2.98225044020655E-01 -1.78466934938400E-01  1.03441739254547E-01
 -4.48860663390100E-02  1.19168865238931E-02  1.01389659157864E+00 -1.01378334246702E+00  7.86664918526459E-01
 -5.69144442945728E-01  3.72899517566188E-01 -2.23154454312534E-01  1.29343227588860E-01 -5.61253890232202E-02
  1.49007475489410E-02 -1.76713028821627E-10  1.13388393791925E-10  5.96736575461258E-11  5.65333749201509E-11
  3.28146786408025E-10 -2.27126201999057E-10 -3.09129860413792E-10  3.58809180349686E-10 -3.72072811499710E-10
  2.41723077324071E-10 -3.60641070893434E-11  4.97745845538954E-10 -1.20253938079354E-10  7.51851959684082E-11
  5.34230592527520E-11  1.53942246588636E-11 -3.29707554663876E-10  2.23689750817531E-10  1.65237967372857E-10
 -1.97480360139453E-11
* ORBITAL    1   57
  9.90441444472482E-04 -7.63651982000923E-03  8.11521870041468E-02 -3.75189072772142E-01  2.87971166529286E+00
 -4.33938567281365E+00  3.84144743268984E+00 -2.88833824415852E+00  1.99864572792895E+00 -1.25357205751397E+00
  7.25968183747517E-01 -3.74889581276952E-01  1.56994369331406E-01 -3.87623349114925E-02 -4.88178477124048E-09
 -1.62402913062014E-08 -1.13044204088956E-08  1.36759162017790E-10  1.53479971018320E-09  4.13834590278807E-09
  1.80809922432410E-09  2.18273032746403E-11 -1.85477570366583E-11  1.14838562252867E-08  3.80320129445399E-08
  2.61209469619563E-08 -7.72049103843404E-10 -5.44776291044793E-09 -1.40332442895863E-08 -6.59270349159037E-09
 -1.32979592347451E-10  6.88073137614671E-11 -3.72457445145820E-09 -1.23301434920902E-08 -8.35727854531258E-09
  4.77280740806875E-10  2.72035638334335E-09  6.84098568649410E-09  3.37121946455477E-09 -1.78360596774784E-11
  1.44985870241208E-11  4.84126999317975E-12  5.41496951936490E-13 -5.52239757151725E-12 -7.16728241034924E-12
 -3.79978713865294E-10 -6.73412456965734E-11  4.97239494589146E-10  5.83809521616598E-10 -1.88305856454705E-11
  5.26246103160870E-11 -1.69240956151290E-10  4.62919711852640E-11  4.85471728919361E-11  8.53721132264723E-12
 -6.36179440126567E-11 -7.41761807113540E-11  1.05498227548546E-11  9.54917722241665E-11 -3.50986388848723E-10
  2.30374959071221E-11
* ORBITAL    1   58
 -2.40728067545905E-03  4.11741643986713E-02 -2.73095206689551E-01  2.43380668806772E+00 -3.32200639310970E+00
  2.76119981641848E+00 -2.05059990707294E+00  1.49936090340674E+00 -1.03967213796993E+00  6.64249470823922E-01
 -3.87392942371581E-01  1.99191503810419E-01 -8.47229289068902E-02  2.08169897619941E-02 -5.21680350107961E-10
 -3.24229867424166E-09 -2.37453702647332E-09 -8.04154176819628E-11  2.60752489286637E-10  6.26346267117702E-10
  3.02646896144941E-10  9.19070822611468E-12 -2.26674456635178E-13  1.49860980391397E-09  9.31922633890211E-09
  6.84166753280514E-09  2.77948834239331E-10 -5.57066636328278E-10 -1.33119953224904E-09 -6.12476458054975E-10
 -2.44064144932023E-11  3.73763174126173E-12 -6.14288209783828E-10 -3.82317220308556E-09 -2.81387992135856E-09
 -1.21564803719626E-10  1.98793262309476E-10  4.76076008833370E-10  2.12596675616653E-10  6.09980040869658E-12
 -2.91965481667983E-13  2.08442861272020E-13  2.24065007193320E-14 -2.37119212762942E-13 -3.04939855786289E-13
 -1.62257053136296E-11 -2.93062068573631E-12  2.14187980532011E-11  2.48691054382109E-11 -7.22612099786545E-13
  2.19859952542645E-12 -7.23644939994769E-12  1.98962806137373E-12  2.07153424416789E-12  3.72386078528275E-13
 -2.74103549425563E-12 -3.15958073781448E-12  6.11642936176859E-13  3.98637162516105E-12 -1.50174287309099E-11
  1.01323436941528E-12
* ORBITAL    1   59
  1.43019551961550E-02 -1.67588532900958E-01  1.99479319385274E+00 -2.44600504051656E+00  1.90066287463155E+00
 -1.37227009549112E+00  1.00878004576891E+00 -7.46789669661001E-01  5.23407211508189E-01 -3.36332454117231E-01
  1.96833734873635E-01 -1.01464381155040E-01  4.31504045961479E-02 -1.06120194971717E-02 -1.06405870213820E-10
 -7.51111554344954E-10 -5.73506682419745E-10 -2.34669342842366E-11  5.12936277954013E-11  1.23722730810497E-10
  5.97661934822714E-11  2.67312052375449E-12  7.37311529227668E-15  2.74616653860064E-10  1.93858985838672E-09
  1.47868982377167E-09  5.59916574386224E-11 -1.53257956922409E-10 -3.69363480478391E-10 -1.82081160946648E-10
 -7.46578653451926E-12 -1.90527108677959E-13 -1.05940291136163E-10 -7.47994044656495E-10 -5.70297002540888E-10
 -2.08713819884806E-11  6.26797413269072E-11  1.50979520077344E-10  7.49675712207322E-11  2.91674651720642E-12
  1.25387888998177E-13  2.68904708769210E-15  1.75040761527203E-16 -3.52552169496121E-15 -4.99989140321923E-15
 -2.16322779098995E-13 -6.90109339032826E-14  3.34061698599009E-13  4.17377003721747E-13 -2.09345601801945E-14
  4.07951614201893E-14 -1.16210739967996E-13  3.05884749693159E-14  2.75714359804187E-14  8.85541489786482E-15
 -4.23133435772619E-14 -5.32855663838791E-14 -1.48455466296980E-14  7.79188265651120E-14 -2.40585276144145E-13
  1.11685041569543E-14
* ORBITAL    1   60
 -7.51958401152945E-02  1.59431335610261E+00 -1.67603948494753E+00  1.20593715494633E+00 -8.47622454801640E-01
  6.14677053317532E-01 -4.58326219637447E-01  3.42424538996043E-01 -2.41180268223194E-01  1.55387565248573E-01
 -9.10578318427541E-02  4.69692975979748E-02 -1.99818358300865E-02  4.91483838194689E-03 -2.11079302875376E-11
 -1.53298874249479E-10 -1.18699427796536E-10 -4.47145238336065E-12  1.04609744581360E-11  2.60671445467900E-11
  1.24749890010407E-11  6.03245661094021E-13 -5.50728956470155E-15  6.12566020683255E-11  4.44910017916644E-10
  3.44877992919317E-10  1.43175566254476E-11 -2.43838194472198E-11 -6.12413478328975E-11 -2.82177002261922E-11
 -1.58649175810325E-12  6.76377346247454E-14 -2.52737110518870E-11 -1.83562437632116E-10 -1.42400728286204E-10
 -6.26220857507282E-12  8.47230008084099E-12  2.14338558171335E-11  9.51995472041314E-12  6.09184782206097E-13
 -4.11369439504159E-14  2.95747534982052E-16  3.34959858552446E-17  2.27010374951393E-16 -5.60309550291475E-16
 -1.76514725334148E-14 -1.85662327802618E-15  2.00970048378191E-14  1.98166383841297E-14 -3.55735521077552E-16
  1.71308459914760E-15 -5.96264159858548E-15  1.59092169412231E-15  9.92305453118719E-16  2.00618071003996E-15
 -2.96383597530207E-15 -2.21680927619995E-15  2.67541218568661E-15  2.33991092226367E-15 -1.32141643324294E-14
  1.38325456895825E-15
* ORBITAL    1   61
  1.25985292743458E+00 -9.86159515816043E-01  6.37227630223501E-01 -4.34675924238563E-01  3.10460424165196E-01
 -2.28342153381365E-01  1.71543477292285E-01 -1.28627665264342E-01  9.07526493845233E-02 -5.85200160392622E-02
  3.43071371186976E-02 -1.76999163305480E-02  7.53063065625065E-03 -1.85236084726878E-03 -3.60084611810827E-12
 -2.63990981128252E-11 -2.05187750824254E-11 -8.95322269918894E-13  1.30578591346668E-12  3.27043345714924E-12
  1.48104338256457E-12  8.81589124257339E-14 -4.55317277901995E-15  1.01010985189089E-11  7.40417219397556E-11
  5.76099921291517E-11  2.71882638127751E-12 -2.72970275872510E-12 -6.93328450369335E-12 -2.90277631392042E-12
 -2.26717912982915E-13  2.18723183563397E-14 -4.54737392246578E-12 -3.33256856353768E-11 -2.59581769477701E-11
 -1.30885353044718E-12  8.37089081575025E-13  2.18528643308406E-12  7.83901810649433E-13  9.33732145005534E-14
 -1.45707024796407E-14 -7.48581554888542E-16 -1.15195710951499E-16  9.50192748241362E-16 -6.64255350523630E-16
  1.06540708796021E-15  8.60384976986009E-17 -1.02347022817454E-15 -6.93881570728530E-16  4.83940071775888E-16
 -9.29174230056582E-16  5.66666999315339E-16 -3.53879224584158E-17  8.74951080956227E-17 -1.43365694841599E-16
  3.04714005056095E-16  7.74752753908577E-16 -7.20058996277740E-16  1.76559931552973E-16  3.25719060366377E-16
 -1.84783209844447E-16
#OCC
* OCCUPATION NUMBERS
  0.00000000000000E+00  0.00000000000000E+00  0.00000000000000E+00  0.00000000000000E+00  0.00000000000000E+00
  0.00000000000000E+00  0.00000000000000E+00  0.00000000000000E+00  0.00000000000000E+00  0.00000000000000E+00
  0.00000000000000E+00  0.00000000000000E+00  0.00000000000000E+00  0.00000000000000E+00  0.00000000000000E+00
  0.00000000000000E+00  0.00000000000000E+00  0.00000000000000E+00  0.00000000000000E+00  0.00000000000000E+00
  0.00000000000000E+00  0.00000000000000E+00  0.00000000000000E+00  0.00000000000000E+00  0.00000000000000E+00
  0.00000000000000E+00  0.00000000000000E+00  0.00000000000000E+00  0.00000000000000E+00  0.00000000000000E+00
  0.00000000000000E+00  0.00000000000000E+00  0.00000000000000E+00  0.00000000000000E+00  0.00000000000000E+00
  0.00000000000000E+00  0.00000000000000E+00  0.00000000000000E+00  0.00000000000000E+00  0.00000000000000E+00
  0.00000000000000E+00  0.00000000000000E+00  0.00000000000000E+00  0.00000000000000E+00  0.00000000000000E+00
  0.00000000000000E+00  0.00000000000000E+00  0.00000000000000E+00  0.00000000000000E+00  0.00000000000000E+00
  0.00000000000000E+00  0.00000000000000E+00  0.00000000000000E+00  0.00000000000000E+00  0.00000000000000E+00
  0.00000000000000E+00  0.00000000000000E+00  0.00000000000000E+00  0.00000000000000E+00  0.00000000000000E+00
  0.00000000000000E+00
#OCHR
* OCCUPATION NUMBERS (HUMAN-READABLE)
  0.0000  0.0000  0.0000  0.0000  0.0000  0.0000  0.0000  0.0000  0.0000  0.0000
  0.0000  0.0000  0.0000  0.0000  0.0000  0.0000  0.0000  0.0000  0.0000  0.0000
  0.0000  0.0000  0.0000  0.0000  0.0000  0.0000  0.0000  0.0000  0.0000  0.0000
  0.0000  0.0000  0.0000  0.0000  0.0000  0.0000  0.0000  0.0000  0.0000  0.0000
  0.0000  0.0000  0.0000  0.0000  0.0000  0.0000  0.0000  0.0000  0.0000  0.0000
  0.0000  0.0000  0.0000  0.0000  0.0000  0.0000  0.0000  0.0000  0.0000  0.0000
  0.0000
#ONE
* ONE ELECTRON ENERGIES
  0.0000E+00  0.0000E+00  0.0000E+00  0.0000E+00  0.0000E+00  0.0000E+00  0.0000E+00  0.0000E+00  0.0000E+00  0.0000E+00
  0.0000E+00  0.0000E+00  0.0000E+00  0.0000E+00  0.0000E+00  0.0000E+00  0.0000E+00  0.0000E+00  0.0000E+00  0.0000E+00
  0.0000E+00  0.0000E+00  0.0000E+00  0.0000E+00  0.0000E+00  0.0000E+00  0.0000E+00  0.0000E+00  0.0000E+00  0.0000E+00
  0.0000E+00  0.0000E+00  0.0000E+00  0.0000E+00  0.0000E+00  0.0000E+00  0.0000E+00  0.0000E+00  0.0000E+00  0.0000E+00
  0.0000E+00  0.0000E+00  0.0000E+00  0.0000E+00  0.0000E+00  0.0000E+00  0.0000E+00  0.0000E+00  0.0000E+00  0.0000E+00
  0.0000E+00  0.0000E+00  0.0000E+00  0.0000E+00  0.0000E+00  0.0000E+00  0.0000E+00  0.0000E+00  0.0000E+00  0.0000E+00
  0.0000E+00
#INDEX
* 1234567890
0 222222222s
1 ssssssssss
2 ssssssssss
3 ssssssssss
4 ssssssssss
5 ssssssssss
6 s
