#INPORB 2.2
#INFO
* RASSCF spin density orbitals for root number  1
       0       1       0
      61
      61
*BC:HOST dzemail-jasarevic-compchemp-comp PID 257630 DATE Fri Feb 13 17:18:26 2026
#ORB
* ORBITAL    1    1
  5.28960144939940E-05  4.14838843105301E-04  2.20890344908195E-03  9.48954687931153E-03  3.45804761695252E-02
  1.05388321789457E-01  2.44592888000544E-01  3.85920718641522E-01  3.13942279537251E-01  6.67766603121240E-02
 -4.71232033685935E-03 -5.89051057144994E-03 -2.94176492166113E-03  9.68395427485127E-05  1.52102528372543E-12
 -6.00676201417601E-11  6.23618953443414E-10  8.69507962363545E-10 -3.85708913190093E-11 -6.75699447918948E-11
 -5.31855595154096E-10 -4.49400082316183E-11 -6.13632731825380E-12 -7.34271078142386E-12  3.42560177739239E-11
 -2.29141206357637E-10 -2.94245120623039E-10  4.36202893220258E-11 -3.24165974268358E-11  2.49128628025201E-10
 -4.55982593224779E-11  1.43258714881219E-11  2.58490493158306E-14 -2.29720681358612E-11  1.82388976509105E-11
  9.77598315464307E-12  3.35321719541024E-12  2.33427984157007E-11 -1.91917957749692E-11  9.70542631787980E-12
 -1.60022774869712E-12 -3.94024917505970E-12  7.52221348833760E-13 -1.75970990121947E-12  3.37354077270304E-13
  6.37746370974492E-12 -1.23815044675934E-12  2.96860041799908E-12 -4.92600334826219E-13  1.19164344455695E-10
 -2.78563400327693E-11  4.41519258346144E-11  1.31150749718874E-11 -2.33493501067289E-11  4.31533284949157E-12
 -1.02093636412188E-11  1.89484406856420E-12 -1.39120431171439E-10  4.02732855702461E-11 -4.48508365492821E-11
 -2.29338946286972E-11
* ORBITAL    1    2
 -9.29732909133084E-06 -7.29446864839734E-05 -3.88850224869968E-04 -1.67790572894141E-03 -6.18976999033454E-03
 -1.94913965410907E-02 -4.86248415287142E-02 -9.25716897073861E-02 -1.30227084594896E-01 -6.27263945829691E-02
  2.86395034579417E-01  6.24272118350471E-01  2.35423656773185E-01 -1.78861060768412E-03  6.68927892705342E-11
  4.16870168487038E-10 -2.71781180013573E-09 -7.75057409825190E-09 -2.59590106081261E-08 -1.04357479681627E-08
  3.37392186172498E-08  7.10781781147387E-09 -1.97242724180726E-10 -5.73783916301742E-11 -2.35278985547066E-10
  8.89674720335276E-10  3.81546284306092E-09  5.03829721087501E-09  3.58172859339604E-09 -1.17061316803470E-08
 -1.48075471620160E-09  4.15358290218054E-10  1.61079078616577E-11  5.55337371466047E-11 -4.75005749817950E-11
 -5.75846033381518E-10 -1.97636941518720E-11 -3.94494913013449E-11  7.35677243455784E-10  2.67449823712644E-10
 -1.23242370001306E-10 -1.01944885188278E-11 -2.55355833287494E-11  3.07727955812248E-11  1.61247925712231E-11
  1.43629049581553E-11  5.25582089647256E-11 -6.67985345601986E-11 -3.44238003441849E-11  2.58400301251329E-10
  6.62177308560030E-10 -5.94166603555222E-10 -2.26059657716258E-09 -6.17886899250415E-11 -1.55547990395470E-10
  1.89912604478690E-10  9.52940573749286E-11 -2.27737281578790E-10 -4.46475845061866E-10  1.52369653993553E-10
  3.23461255425240E-09
* ORBITAL    1    3
  5.62700866421906E-12 -8.18751894868223E-11  7.65186513420849E-10 -3.29603597163749E-09  1.83137914375934E-08
 -6.77959849507322E-08  2.97887629284453E-07 -5.72425563206636E-07  6.55604916836103E-07 -5.01369546436604E-07
  2.27970109905545E-07 -6.93732677110629E-08  5.51787427469323E-08 -4.01406739925593E-08  2.89005511990203E-03
  2.12152058427541E-02  1.64709058345481E-02  6.01609949949831E-04 -1.55181714280661E-03 -3.85464295011816E-03
 -1.86354644781877E-03 -8.68645131942324E-05 -4.48746116505116E-07  5.90990156741447E-03  4.33833344429379E-02
  3.36815075807409E-02  1.23037213987329E-03 -3.17343358677269E-03 -7.88237117486505E-03 -3.81080949464080E-03
 -1.77648848177803E-04 -8.78138778537762E-07  7.90984735066733E-02  5.80645091282543E-01  4.50795297123571E-01
  1.64673421225787E-02 -4.24733997353422E-02 -1.05498133174851E-01 -5.10040895413220E-02 -2.37766517392294E-03
 -1.17543817916897E-05  1.49572293812333E-10 -6.81671026642657E-11  7.90379576924249E-11  5.06209567690184E-11
 -1.80885984576244E-09  3.60523583300073E-09 -8.67866991790966E-10  2.93667855108524E-10  2.11146653733084E-10
 -3.34335500008587E-10 -4.20968825745594E-10 -9.15766396993064E-11  2.89948830823095E-09 -2.69132322888157E-09
  1.45691385365001E-09  5.28576619526670E-10  2.41831865442939E-10 -3.68737747036171E-10  1.16289160764324E-10
 -2.99775077365015E-12
* ORBITAL    1    4
  9.72572870502454E-12 -4.28168315448609E-10  1.65832550477110E-09 -1.42753357394866E-08  4.99267059350032E-08
 -2.68883224696797E-07  7.97986348590022E-07 -1.49470344894625E-06  1.86320182409216E-06 -1.54088581226424E-06
  8.46055159543751E-07 -4.33223121470065E-07  2.97476997187729E-07 -1.34281726725771E-07  2.27251840142953E-04
  1.66820087534124E-03  1.29514623311895E-03  4.73053607021306E-05 -1.22022534857391E-04 -3.03099777366890E-04
 -1.46534944847437E-04 -6.83025625720241E-06 -3.54743812036621E-08  7.91500316732457E-02  5.81023423885087E-01
  4.51089160531211E-01  1.64779484828450E-02 -4.25009815420641E-02 -1.05566921761424E-01 -5.10373195456069E-02
 -2.37918784374022E-03 -1.18063453917793E-05 -5.92205746484513E-03 -4.34725523528292E-02 -3.37507879913363E-02
 -1.23288838841599E-03  3.17994946270937E-03  7.89858734792432E-03  3.81864497578461E-03  1.78012562998257E-04
  8.83519218791299E-07  2.88992555635747E-09 -2.67523427896911E-09  1.46883846269582E-09  5.31815666379005E-10
  3.04106520266947E-10 -4.74600567677044E-10 -3.06621436902843E-10 -8.08635125843751E-11  1.03303727800376E-09
 -2.06958152712345E-09  5.15056178997601E-10 -1.68015156131320E-10 -2.16123870141537E-10  2.00419716825570E-10
 -1.11034060730483E-10 -3.98783026042596E-11  1.83110096863054E-09 -3.63052948587686E-09  8.45098306360813E-10
 -2.96756708849427E-10
* ORBITAL    1    5
  5.07884741277982E-11 -1.81271857912297E-10  3.41941825398061E-09 -9.45147502142237E-09  7.83386728369301E-08
 -1.81997825061328E-07  9.29455280839154E-07 -1.75443045337370E-06  2.05777313965807E-06 -2.01460278060184E-06
  1.43376626768269E-06 -5.28642773191181E-07  9.20274618484867E-08 -8.24950145089182E-08  7.93186980592707E-02
  5.82261018552599E-01  4.52050299011041E-01  1.65126343830423E-02 -4.25911834244969E-02 -1.05791959405118E-01
 -5.11459626282753E-02 -2.38422691476021E-03 -1.19622455605105E-05 -4.42100147279678E-04 -3.24537124889757E-03
 -2.51960087289369E-03 -9.20470057148058E-05  2.37399501316528E-04  5.89652737489677E-04  2.85075165753515E-04
  1.32904401067537E-05  6.36819648018305E-08 -2.86505478310408E-03 -2.10318083384937E-02 -1.63284145197862E-02
 -5.96514115125247E-04  1.53847963754791E-03  3.82127784481171E-03  1.84744515769547E-03  8.61293882567569E-05
  4.12865173657981E-07 -1.84251417548473E-09  3.64540745040362E-09 -8.50618062705188E-10  2.95871089046226E-10
  6.50004027582784E-11 -1.30049655691128E-10  3.23262640453461E-11 -1.04752056667853E-11 -1.68819438067213E-09
  1.57417124586507E-09 -8.38493309193292E-10 -3.03142126892700E-10  6.32690082003850E-11 -1.06530624722705E-10
 -4.23437994420188E-10 -7.77667512618194E-11  2.89156197541935E-09 -2.67133154080591E-09  1.46971451865283E-09
  5.32609186974301E-10
* ORBITAL    1    6
  8.42958891288178E-05  6.88068631285683E-04  3.50963881116065E-03  1.68624354946503E-02  6.78465667612196E-02
  3.38472871512784E-01  7.41253082814360E-01 -1.84331199806389E-01 -7.95212966551968E-01 -1.84521124383570E-01
  7.85889593706123E-02  1.93470566035808E-01  7.11266204073615E-02 -2.19043192535195E-04 -9.50420054305693E-09
 -6.72993666876367E-08 -6.06293357997542E-08 -1.27156736200176E-08 -6.12413839082475E-08 -1.01313103155933E-07
 -4.70263707867347E-08  3.68594697787881E-09 -3.06834832271811E-09 -1.13627278199803E-09 -7.22931946561661E-09
  1.00449582743246E-08  4.84603480204783E-09  2.61990721454877E-08  4.60749938400106E-08  1.94165659755796E-08
 -1.26009280632742E-09  3.54607806387203E-10 -1.20791522798322E-09 -8.76406976862635E-09 -8.44310768155986E-09
  8.18456128622350E-10  5.97401701999454E-09  1.44938938293444E-08  9.39041458600778E-09  2.56145559493575E-10
  3.31562614483258E-10 -4.30850036625094E-11  3.83049173966226E-11 -9.66324860287839E-12 -3.35315067818479E-12
  8.03240448340701E-11 -5.58589719314143E-11  2.09592946396105E-12  6.40489786584361E-12  1.25799351216641E-09
 -1.14742931440271E-09  5.19921735296292E-10 -1.13566798523026E-09 -2.55886099408740E-10  2.25310854564826E-10
 -5.33656185685299E-11 -2.40613089733062E-11 -1.44322385837408E-09  1.37892175144954E-09 -8.46122455027254E-10
  1.86537211809189E-09
* ORBITAL    1    7
 -1.36071454667332E-12 -7.70255546864622E-11  3.00532334412602E-10 -2.62269237066787E-09  8.03771607364513E-09
 -5.37149161133490E-08  1.65247126409856E-07 -3.75200945925700E-07  4.08938063621445E-07 -2.35779946610860E-07
  1.33778328303302E-07 -2.77036139806964E-08 -9.42921639164622E-09 -4.21936321202816E-08 -5.89556024347579E-05
 -3.73976841624046E-04 -1.06559541789928E-03 -2.57725379870732E-03 -1.15238523912212E-02 -2.77417529907455E-02
 -1.54087814209008E-02 -3.02710220988272E-04 -1.05384557285203E-04  9.14069830575696E-05  5.79812984295980E-04
  1.65213848300152E-03  3.99579317147961E-03  1.78667993785701E-02  4.30113096451578E-02  2.38900611892032E-02
  4.69325477890606E-04  1.63383571445647E-04  1.14199667948258E-03  7.24390128499492E-03  2.06410551616761E-02
  4.99215255297211E-02  2.23219341757192E-01  5.37362925132316E-01  2.98471110544664E-01  5.86352932412315E-03
  2.04123673147289E-03  5.14071407060076E-11  1.02462564124572E-09 -1.97947666385429E-10  5.66725210731034E-11
 -8.73394876297555E-10  2.34076029086485E-10 -4.90307071832346E-09 -4.30867960129981E-10  2.67815788854676E-10
 -6.94254141298829E-10  2.20835050070486E-09  5.10554288869943E-10  5.87831461783100E-11  1.30466832901854E-08
 -5.82645910590286E-09  3.86830024377153E-10  6.76505999676632E-11 -6.95726615048924E-10  7.00849819353532E-10
  1.61263942990464E-11
* ORBITAL    1    8
  1.18263334543808E-11 -3.19550574624695E-10  1.50097481897896E-09 -1.10353803362373E-08  4.32090077579692E-08
 -2.10141177329034E-07  6.13713563404174E-07 -1.34226249344992E-06  1.71046377235282E-06 -1.41531764015848E-06
  9.18855847577419E-07 -3.11689548230506E-07  1.69124102653388E-08 -7.62550925366242E-08 -6.24727637806888E-06
 -3.96281794792256E-05 -1.12916651379232E-04 -2.73097789886074E-04 -1.22112596167360E-03 -2.93965581166172E-03
 -1.63279248630967E-03 -3.20767197458676E-05 -1.11670130718285E-05  1.14347276603374E-03  7.25316578910406E-03
  2.06677328556101E-02  4.99855406151387E-02  2.23506452271694E-01  5.38053873659876E-01  2.98854972767395E-01
  5.87107340286922E-03  2.04384815059477E-03 -9.18478438080378E-05 -5.82599067677235E-04 -1.66010657907002E-03
 -4.01501213315792E-03 -1.79528238281923E-02 -4.32183751859297E-02 -2.40050805514422E-02 -4.71585165310861E-04
 -1.64169011964813E-04  7.37482855098839E-11  1.30139396661222E-08 -5.71023120451837E-09  4.11429480122887E-10
  2.66363254496565E-10 -9.50454850087954E-10  2.26730950236497E-09  4.51143010148699E-10  4.96021658739720E-10
 -5.11802254322869E-11  2.72958533260011E-09  2.30805380142559E-10 -6.60347061434561E-12 -1.04042159241269E-09
  4.50425542545556E-10 -3.51825597533938E-11  8.89816416823467E-10 -3.79582540052429E-10  5.08977320222219E-09
  4.62047754453266E-10
* ORBITAL    1    9
  2.48726805977783E-11 -3.07230378544742E-10  2.38170465645971E-09 -1.19087834699223E-08  5.82846068838917E-08
 -2.37716503000183E-07  7.52185267262026E-07 -1.34433375522194E-06  2.14078690317521E-06 -1.88572586556223E-06
  3.15175070822312E-07 -3.69038514783435E-07  8.31602563958350E-07 -1.09861841633381E-07  1.14566366242229E-03
  7.26674318537897E-03  2.07073435741880E-02  5.00797008650341E-02  2.23930243025895E-01  5.39073286655965E-01
  2.99421433534570E-01  5.88224179708734E-03  2.04774331319560E-03  1.09399350344898E-05  6.93882124199866E-05
  1.97734110248696E-04  4.78200882830174E-04  2.13828085995664E-03  5.14753708702213E-03  2.85913571140239E-03
  5.61684797187727E-05  1.95528278769424E-05  5.82709353159552E-05  3.69591410683612E-04  1.05321948566626E-03
  2.54710518363727E-03  1.13894179040866E-02  2.74180290481372E-02  1.52290049296271E-02  2.99177837831769E-04
  1.04146830596757E-04 -8.91335567364256E-10  4.34002434417048E-10 -5.12334432775955E-09 -4.61125784946246E-10
 -4.34981271257048E-11  6.89449355654216E-12 -2.39604014036112E-10 -1.95233034631687E-11 -2.34486341048697E-11
 -7.58492353224718E-09  3.45646442044225E-09 -2.09976427672639E-10  1.98762831116774E-10 -2.64237574755636E-10
  1.57151128865270E-09  4.35024897922702E-10  7.75150250125023E-11  1.30372398691425E-08 -5.70033827176254E-09
  4.14607103066891E-10
* ORBITAL    1   10
  2.22372728672016E-14  2.88538166839204E-13  6.54684889650141E-13  7.91960213232244E-12  6.34930652109733E-12
  1.29730482917734E-10  1.62737884320957E-12  1.07427483842951E-09 -1.29753634712695E-09 -1.64828034128621E-09
  1.13252205678097E-09  5.24506091609695E-09 -3.01529873628310E-09 -4.63220743971681E-09  7.22435659454054E-06
  1.70847686604027E-05  3.26825963599636E-04 -3.68174532099120E-04  1.40490451867723E-03 -6.40335950489650E-03
  1.02924946928605E-02 -3.53428457656388E-02  7.18128001737164E-02 -1.09910418239066E-05 -2.59927950004377E-05
 -4.97228236341573E-04  5.60131634600790E-04 -2.13739811757890E-03  9.74194972675061E-03 -1.56588092661437E-02
  5.37699470539866E-02 -1.09254660576024E-01 -1.35671933072798E-04 -3.20851588031519E-04 -6.13771795545483E-03
  6.91418837544556E-03 -2.63837519476670E-02  1.20253301527678E-01 -1.93290210876058E-01  6.63728908550035E-01
 -1.34862465889946E+00 -7.80705296614094E-12  4.15740115166243E-11 -6.75055752532875E-11  1.88531105903177E-10
  2.95438278973014E-11 -1.55371705045836E-10  2.18722751861619E-10 -1.10567328131881E-09 -6.77561413325893E-12
  3.46524854029697E-11 -5.15703028836644E-11  4.93132259883304E-10 -7.66813269097435E-11  4.09710059715667E-10
 -6.87740656197110E-10  1.56441135937645E-09  1.68111483641373E-12 -9.17708436912072E-12  1.88661869300117E-11
  7.59393381706692E-12
* ORBITAL    1   11
 -3.14513697018171E-14  2.97332872554466E-13 -2.57722192288482E-12  1.26365930471322E-11 -6.22860391509193E-11
  2.88185552909490E-10 -8.81394738624196E-10  2.87702067566396E-09 -6.35820946812852E-09  3.10427013231946E-09
 -5.38589163537475E-09  3.24186941144719E-08 -3.24485115169246E-08 -7.79249127627026E-10  6.14967390751780E-07
  1.45432848606812E-06  2.78207882049283E-05 -3.13405302206300E-05  1.19591302594068E-04 -5.45080506173367E-04
  8.76139753100063E-04 -3.00852952958748E-03  6.11300341341423E-03 -1.35859248254503E-04 -3.21297064211532E-04
 -6.14618742690626E-03  6.92369518825481E-03 -2.64201265313306E-02  1.20418988469779E-01 -1.93556530742875E-01
  6.64643486142351E-01 -1.35048288163396E+00  1.10389639016984E-05  2.61063312388717E-05  4.99395821988942E-04
 -5.62570629185733E-04  2.14671305734275E-03 -9.78439730794211E-03  1.57270379386895E-02 -5.40042397389271E-02
  1.09730709575953E-01 -7.70603824788702E-11  4.11666189515338E-10 -6.90615229786175E-10  1.58983908228335E-09
 -5.04165710314592E-12  2.54965339053763E-11 -3.53281547524389E-11  4.31758321000883E-10 -1.71585142994686E-11
  9.02975350948446E-11 -1.27440985428147E-10  6.27355227785039E-10  6.26117386208578E-12 -3.34517483711082E-11
  5.61008057306194E-11 -1.30335022005878E-10 -2.94503306278824E-11  1.54756813893920E-10 -2.17311700682577E-10
  1.12750918590833E-09
* ORBITAL    1   12
 -4.62941467645168E-13 -1.78474891369009E-12 -2.37597807056774E-11 -2.44677480103190E-11 -4.71303624840065E-10
 -2.20088796401847E-10 -7.01999543530739E-09  2.61012654981953E-09 -1.26057386820588E-08  8.97421956685255E-08
 -1.07011730259418E-07  1.65836511189011E-07 -6.87786357697619E-07  8.46399710176760E-07 -1.36116616507571E-04
 -3.21913765765026E-04 -6.15781653804400E-03  6.93668884430830E-03 -2.64700068952107E-02  1.20646047257226E-01
 -1.93921464283919E-01  6.65896927296069E-01 -1.35302924836478E+00 -1.19718823730322E-06 -2.83137072472196E-06
 -5.41598461300821E-05  6.10097052365666E-05 -2.32811185988466E-04  1.06111407768439E-03 -1.70559123358156E-03
  5.85674226689151E-03 -1.19002553483539E-02 -7.15110106565050E-06 -1.69124027600245E-05 -3.23510274644078E-04
  3.64427203745581E-04 -1.39064024294153E-03  6.33830655951543E-03 -1.01879336176113E-02  3.49838212023931E-02
 -7.10832762772107E-02  2.91739463341885E-11 -1.53291538746477E-10  2.14755012723513E-10 -1.12287040755858E-09
  1.54541044146155E-12 -8.12779349965790E-12  1.14635544220975E-11 -5.66774994066711E-11  4.41895790484036E-11
 -2.36151590343190E-10  3.96746588089905E-10 -8.90454204275155E-10 -6.67346842576805E-12  3.44164757709762E-11
 -5.37656459726434E-11  4.23485555929437E-10 -7.73410383979403E-11  4.13131214204159E-10 -6.92907726035469E-10
  1.59803722806328E-09
* ORBITAL    1   13
  6.42495695164434E-07  1.59402464416407E-06  3.50163027691500E-05  5.26228017434647E-06  7.13138371860192E-04
 -1.32300343782066E-04  1.04748483791564E-02 -7.81512947963770E-03  3.46867138508961E-02 -1.78000502047184E-01
  2.81409622830911E-01 -6.51629990916558E-01  1.84175162772493E+00 -1.93749957069701E+00 -6.47877884828847E-10
 -5.44750638036890E-09 -2.36663482507669E-08 -2.43531870222824E-08 -4.45869821953136E-08  1.03864406861611E-07
 -1.08266768743494E-07  6.50977588840992E-07 -7.80241597496036E-07 -5.39997136828460E-10 -4.96094656391160E-09
 -1.75565483401934E-08 -3.01017949865605E-08 -3.26639874591964E-08 -2.26134108171753E-08  2.07541997543612E-10
  7.02396984976445E-09 -7.71337142443078E-10 -1.92882183857936E-10 -1.71545361933074E-09 -6.30301928626925E-09
 -1.03803367344472E-08 -1.28888930800495E-08 -4.98816064603087E-09 -8.57948276330963E-09  2.74959518000478E-08
 -3.49086658361010E-08 -1.30544167422935E-12  1.29188052219221E-12 -6.24580235466609E-13  4.88932195006073E-12
  2.32208390957436E-12 -1.58657868115604E-12  4.93255500549071E-13 -1.43751448667544E-11  4.99623980733905E-11
 -1.15535806901019E-10  3.10835452617942E-10 -1.30415243195443E-09 -7.73335160210011E-12  7.40399095096504E-12
 -2.95441643310416E-12  2.75961862335524E-11 -6.09653332031741E-11  1.65480188715990E-10 -4.85436414707179E-10
  1.89597870574482E-09
* ORBITAL    1   14
  1.30067813717340E-14  6.30626558060686E-13 -6.98775006507449E-13  2.01122415749183E-11 -3.24447232854983E-11
  3.72339276858490E-10 -7.11384343823852E-10  3.69015050208306E-09 -5.01991762791023E-09 -3.01554460958790E-09
  5.55920233945139E-09  8.64549351795827E-09 -5.49917651246343E-09 -9.71402189177112E-09  3.35589435417365E-08
  3.45599032052991E-05  4.17423929776488E-06  3.38443917571928E-04 -9.72868028473412E-04  1.95303287051415E-03
 -9.27111252767393E-03  1.48163289815284E-02 -5.85379476922063E-03 -3.26407471527219E-07 -3.36323984492262E-04
 -4.06159970091148E-05 -3.29361803036944E-03  9.46767782506087E-03 -1.90063337736476E-02  9.02237628275517E-02
 -1.44188111863005E-01  5.69672841172989E-02 -5.80039952125043E-06 -5.97664097212770E-03 -7.21765299864126E-04
 -5.85291971548350E-02  1.68245259269956E-01 -3.37751828863947E-01  1.60332032090195E+00 -2.56229314126768E+00
  1.01233643284780E+00 -2.13499642105550E-11  1.19650087011658E-10 -2.44948973353441E-10  8.68319221298094E-10
  1.82977620164950E-10 -1.06249476101719E-09  2.16515511788299E-09 -1.20909825860018E-08 -4.54064730862616E-11
  2.67069317050518E-10 -6.73700235492335E-10  4.77789153963812E-09 -3.60267775973135E-10  2.01491978833731E-09
 -4.12503794441399E-09  1.41456185949355E-08 -8.32314544221055E-12  4.88199398023893E-11 -9.96126641414094E-11
  6.11444526503976E-10
* ORBITAL    1   15
 -5.94671916337777E-14  2.42730622039314E-12 -9.24850913415597E-12  8.64846539845647E-11 -2.56846331002395E-10
  1.72347864866919E-09 -3.82018870826192E-09  1.69378754617770E-08 -3.66586785760090E-08  3.04968771387417E-08
 -8.77701365844665E-08  2.92199514210087E-07 -3.13171320403859E-07  8.30091553666352E-08 -6.47601216320692E-09
 -6.67493472940951E-06 -8.06019448460434E-07 -6.53676859007233E-05  1.87903720987026E-04 -3.77215704571637E-04
  1.79065771199078E-03 -2.86167878008028E-03  1.13061898140570E-03 -5.80042711782256E-06 -5.97673802018350E-03
 -7.21774691867736E-04 -5.85301510882288E-02  1.68248024160651E-01 -3.37757369423492E-01  1.60334663958392E+00
 -2.56233516085725E+00  1.01235299034903E+00  3.26369360179500E-07  3.36290797834526E-04  4.06117781843556E-05
  3.29329334365871E-03 -9.46674702936633E-03  1.90044640516714E-02 -9.02148896768678E-02  1.44173927847839E-01
 -5.69616756329341E-02 -3.60261557806680E-10  2.01492658352539E-09 -4.12570102313534E-09  1.41545405424496E-08
 -4.34845729608080E-11  2.55715330775514E-10 -6.33269988031634E-10  4.44381587743005E-09 -1.04333909643595E-10
  6.05758981211253E-10 -1.23079773037510E-09  6.84923035094378E-09  2.02474207899262E-11 -1.13253859772366E-10
  2.31722138853522E-10 -7.93534507958854E-10 -1.85250632657828E-10  1.07573947646636E-09 -2.19846496183277E-09
  1.23179499494199E-08
* ORBITAL    1   16
  3.87552467428325E-13  4.77384597333259E-12  1.24607578463054E-11  1.28529510535931E-10  1.84383537176706E-10
  2.04322883598719E-09  4.13035467232817E-09  1.71682204166589E-08 -5.71358705276555E-08  6.62458172506807E-08
 -3.70997259601886E-07  1.25448504894105E-06 -1.59744365780239E-06  7.59817576524950E-07  5.80951486145362E-06
  5.98609109801528E-03  7.22903549867162E-04  5.86217418652982E-02 -1.68511347327861E-01  3.38285967768412E-01
 -1.60585602427985E+00  2.56634521969206E+00 -1.01393711913825E+00 -4.58661360763531E-09 -4.72288560460942E-06
 -5.70461875790264E-07 -4.62510284409575E-05  1.32949844334212E-04 -2.66896975816145E-04  1.26696857054422E-03
 -2.02476537023096E-03  7.99966668254313E-04  3.38330186524401E-08  3.48797266446144E-05  4.21158748036484E-06
  3.41577824649269E-04 -9.81890557817441E-04  1.97113878043605E-03 -9.35707484377954E-03  1.49536886250873E-02
 -5.90804048430920E-03 -1.85409726750767E-10  1.07675915916763E-09 -2.20049856530839E-09  1.23327640664301E-08
 -1.10207732631813E-12  6.37429720318058E-12 -1.31782891505816E-11  7.40275147558509E-11 -2.08332938074295E-10
  1.16515380115744E-09 -2.38511192193759E-09  8.17575150565010E-09  3.52290822477970E-11 -2.07281671220696E-10
  5.34597623856468E-10 -3.83860262992369E-09  3.60935910123735E-10 -2.01867863824730E-09  4.13360792404876E-09
 -1.41850086787393E-08
* ORBITAL    1   17
 -1.46855918422381E-15 -3.14826240059001E-14  5.54156966126859E-16 -9.73195606195973E-13  8.45411298833214E-13
 -1.51824334649126E-11  1.82490922926429E-11 -1.39478448211784E-10  3.12577920047331E-10 -7.46371059562795E-10
  2.34456938026222E-09 -6.29115151123772E-09  8.02051766080604E-09 -2.93247015994194E-09  1.16410814058363E-12
  3.92237263395602E-13  4.16338505471629E-11 -4.54338993583888E-11  3.80019364927234E-10 -7.54362384571401E-10
  2.02443610580516E-09 -2.91775877610370E-09  1.00831237021942E-09 -3.41865398420180E-12  6.80799445947309E-11
 -1.03111739346744E-10  7.84228135973715E-10 -2.95245270343089E-09  6.34316751807497E-09 -2.45508929555761E-08
  3.00927460101702E-08 -1.03559992403769E-08  5.34744928944385E-13  4.55247898181014E-11  1.99201255927339E-11
  4.43952326412849E-10 -1.12606856223001E-09  2.58830082592039E-09 -1.07039056630264E-08  1.24821022401649E-08
 -4.25555777152694E-09 -4.30572488423959E-05  2.72488200526504E-04 -8.33884808511674E-04  4.40906803274496E-03
  6.43453777734146E-04 -4.07210320598254E-03  1.24616955355795E-02 -6.58897524568583E-02 -9.76355836120866E-03
  6.17887697360179E-02 -1.89089715334795E-01  9.99789675393318E-01  6.10496473407379E-05 -3.86353266823791E-04
  1.18234155559394E-03 -6.25149211950382E-03 -4.69908305709263E-03  2.97381907463446E-02 -9.10066027600003E-02
  4.81186730245630E-01
* ORBITAL    1   18
 -1.03500475621430E-15 -9.35955410429501E-15 -1.90665025712980E-14 -2.45813710481874E-13 -1.74437588612877E-13
 -3.50180240178049E-12  2.83291016164569E-13 -2.75364221178196E-11  4.46130803512536E-11 -1.16395688553938E-10
  4.02153679931212E-10 -1.02553104741831E-09  1.31560437168784E-09 -4.81629818242639E-10  1.30482360103954E-13
  8.52307411595870E-13  5.14079749929729E-12  1.65585513030444E-12  2.32602286550500E-11 -4.14171192040139E-11
 -2.06110962514333E-12 -6.99098910805711E-11  2.40148760644997E-11  7.67499897772892E-13  4.33913422874372E-11
  2.81153899078955E-11  4.12520185975322E-10 -9.87255399115871E-10  2.29583111590417E-09 -9.72355334590073E-09
  1.12183205027274E-08 -3.82135310398290E-09  3.87220080051795E-12 -7.09243177506174E-11  1.18409568933360E-10
 -8.29817688487194E-10  3.17915886433571E-09 -6.81368426367366E-09  2.61466052438326E-08 -3.21603706949353E-08
  1.10688137942132E-08  2.45383690016301E-04 -1.55291296628707E-03  4.75231781610910E-03 -2.51273225933510E-02
 -1.08289214064057E-02  6.85309296545875E-02 -2.09722479259146E-01  1.10888299293806E+00 -6.26885939110060E-04
  3.96725348681401E-03 -1.21408281108902E-02  6.41932035960766E-02  2.78044874306035E-04 -1.75960956883420E-03
  5.38486319807145E-03 -2.84718321218667E-02 -1.78942131697109E-04  1.13243694027466E-03 -3.46555174241159E-03
  1.83236980793750E-02
* ORBITAL    1   19
  1.50457108851622E-14  4.34861543476784E-14  7.98675893990480E-13  2.84977408659260E-13  1.54300270376309E-11
 -8.21768017513282E-12  1.68712713519080E-10 -2.56316466668778E-10  1.24798766648983E-09 -2.61103539886133E-09
  6.84159675188497E-09 -2.06206003117214E-08  2.60029182677688E-08 -9.46682374530760E-09  8.03351971130221E-12
  3.91305573562889E-11  2.87191113705737E-10  6.24851087390010E-11  1.57153719406401E-09 -2.83363523966350E-09
  4.66927837079719E-09 -9.05861988113966E-09  3.17916378822677E-09  8.44358441923863E-13 -2.22814483636323E-11
  2.39845288594916E-11 -2.45194933240500E-10  8.74477153261685E-10 -1.89321715690102E-09  7.53048768787893E-09
 -9.13056773451050E-09  3.14109687127966E-09 -1.14850512108978E-11 -9.05900878088192E-13 -4.12150854985565E-10
  4.83076977138888E-10 -3.84678060526718E-09  7.66261316277926E-09 -2.06887010027162E-08  2.96768685537357E-08
 -1.02485028537841E-08 -1.96308645257847E-04  1.24234108472215E-03 -3.80188702468729E-03  2.01020313990490E-02
 -1.91401202336104E-04  1.21128428585170E-03 -3.70684513966605E-03  1.95995085871736E-02 -2.32473256189669E-03
  1.47120915826875E-02 -4.50228288219667E-02  2.38052923241541E-01 -9.50919376862258E-03  6.01790210067276E-02
 -1.84163465028761E-01  9.73742706177929E-01  4.68228024950827E-03 -2.96318539984248E-02  9.06811844551982E-02
 -4.79466119830453E-01
* ORBITAL    1   20
  2.09685706079415E-14  3.11220968927620E-14  1.19334897620949E-12 -6.58722933357321E-13  2.40219549485734E-11
 -2.92612284578817E-11  2.72874334183902E-10 -5.37760480918203E-10  2.20878705550381E-09 -4.73027459034586E-09
  1.28487848634536E-08 -3.78844690036050E-08  4.78787582065986E-08 -1.74423294252411E-08  1.31299511191269E-11
 -7.82122916504211E-12  4.71025121305525E-10 -6.43023711389931E-10  4.65139507300816E-09 -9.33366106043029E-09
  2.59167609725529E-08 -3.66225618988765E-08  1.26365976821828E-08  2.09649303939781E-12 -4.32396850524321E-11
  6.34608115959918E-11 -4.97013327107544E-10  1.85538817099011E-09 -3.99120695543551E-09  1.54258210396588E-08
 -1.89020984559339E-08  6.50299879476222E-09  6.63158841992008E-12  2.38872190685581E-11  2.37949852697897E-10
 -3.80016361718354E-11  1.54734723247991E-09 -2.90370244441974E-09  5.97046039744836E-09 -1.00227817597117E-08
  3.49050079467918E-09  8.47221095293348E-05 -5.36164656438122E-04  1.64080337829347E-03 -8.67555528141615E-03
  2.30653404619828E-04 -1.45969220972496E-03  4.46703802574300E-03 -2.36189392796742E-02 -4.08685974914650E-03
  2.58637298412533E-02 -7.91497439356944E-02  4.18494981484789E-01  5.22248580997856E-03 -3.30505499056900E-02
  1.01143283640959E-01 -5.34783241195335E-01  8.59016344884951E-03 -5.43629290651891E-02  1.66364709995224E-01
 -8.79633878560268E-01
* ORBITAL    1   21
  7.77830880430217E-16  3.77030094438489E-15  1.20441844648507E-14  8.53162486908377E-14  2.14180067161175E-13
  1.05446817131324E-12  1.63913326487298E-12  6.24173833761648E-12 -1.33205701560719E-12  1.05460690802575E-11
 -6.00069351673506E-11  1.21201831940154E-10 -1.60221587471101E-10  5.92069801457603E-11  3.45184146325968E-12
 -7.48063251908771E-11  1.03339446179613E-10 -8.51870553371447E-10  3.14942588129248E-09 -6.78404404095168E-09
  2.63725060997787E-08 -3.22452352694469E-08  1.10932808517061E-08 -1.33361343302946E-11 -9.90185012793141E-12
 -4.77997079341325E-10  4.67952181639124E-10 -4.20662002468519E-09  8.31030378550120E-09 -2.17772764776872E-08
  3.17700758796147E-08 -1.09837021970494E-08  3.44468144396897E-13 -1.58556720668792E-12  1.18990645407528E-11
 -2.95923406141696E-11  1.58046138245666E-10 -3.25748434082052E-10  1.05497959717265E-09 -1.39234156340661E-09
  4.79989367430296E-10 -1.08498979493623E-02  6.86636798296719E-02 -2.10128728963984E-01  1.11103099207894E+00
 -2.42198675546640E-04  1.53275655909069E-03 -4.69063393892702E-03  2.48011764806899E-02  3.47175709743944E-05
 -2.19710468594292E-04  6.72371207575136E-04 -3.55508386061952E-03  2.18877267437377E-04 -1.38516681593753E-03
  4.23897092187395E-03 -2.24130612505353E-02 -3.03921899763571E-06  1.92337256246558E-05 -5.88602054001324E-05
  3.11216428576132E-04
* ORBITAL    1   22
  7.89169934710716E-07  2.27424309558186E-05 -4.83262848628571E-06  6.92373480050630E-04 -6.02744438285834E-04
  1.16279207084895E-02 -7.83069952454895E-03  1.16355402078850E-01 -2.87267408399105E-01  4.65691260454570E-01
 -1.78452337121563E+00  4.46974776211262E+00 -4.43971381329914E+00  1.40302413448402E+00 -3.83201448557977E-10
 -9.14741394225523E-09 -1.20907636204601E-08 -8.49241289597273E-08  1.29140332021438E-07 -4.57426738705857E-07
  1.58881061756170E-06 -1.29904897706912E-06  3.97855820438190E-07  1.14096811237191E-10  2.43884100639574E-09
  3.49968086489072E-09  2.43497203809156E-08 -3.18649701680880E-08  1.30393902776903E-07 -4.21022514950751E-07
  3.49156407122524E-07 -1.06274758594190E-07  1.36245404983666E-11  1.47810765295896E-10  4.67720005518795E-10
  7.24298256887209E-10  4.67017055700612E-10 -2.86788429557913E-10 -4.08385526386662E-09  2.05649256020884E-09
 -9.45233354433154E-10 -3.89800974190977E-12  1.91339612172793E-12  5.36354800786359E-12 -1.19338513526618E-11
  6.19898927828693E-12  3.81472079198479E-12 -2.66070612126619E-11  6.68649994185190E-11  3.93340178150376E-11
  3.99023404019580E-10 -1.32000536014106E-09  7.58516929625230E-09 -2.31713040320605E-11  1.10764011888664E-11
  3.27320991542848E-11 -6.28418634190833E-11 -2.02589902571187E-11 -5.87413209016328E-10  1.79197963278328E-09
 -1.12070829398820E-08
* ORBITAL    1   23
  6.35674284648806E-14  4.36588569408142E-13  2.80378635596315E-12  1.06063761797641E-11  4.23322054030986E-11
  2.80070725695116E-10 -1.49693449698675E-11  1.65523463143105E-09  1.02900492902108E-08 -7.94208654264951E-08
  1.98841760736355E-07 -2.70320026258346E-07  1.99329288842873E-07 -6.37226117875844E-08  1.33799077713924E-04
  7.68067296209230E-05  6.14289956673380E-03 -9.32243084743181E-03  3.86331221522382E-02 -1.74410406697964E-01
  2.42419004324543E-01 -1.30268052225006E-01  3.45983637280027E-02 -1.34729673700404E-04 -7.73408108482707E-05
 -6.18562470508534E-03  9.38727008117017E-03 -3.89018236192062E-02  1.75623467304842E-01 -2.44105081297184E-01
  1.31174097691232E-01 -3.48390023534065E-02 -1.94770175417032E-03 -1.11806691252550E-03 -8.94216670638508E-02
  1.35705833133142E-01 -5.62379073006457E-01  2.53887745301767E+00 -3.52887285468047E+00  1.89630101560396E+00
 -5.03645441080411E-01  1.33288451966879E-11  3.63946816256585E-11  1.40842499761201E-09 -9.31566594347707E-10
 -3.20245818388873E-10  8.88849548347791E-10 -1.34884838361417E-08  9.34384660352415E-09  1.90437625961050E-10
 -7.58305686984626E-10  5.84689170759909E-09 -4.25961106855464E-09 -1.47406484462972E-10  1.50234971204158E-09
  6.36017396593484E-09 -3.74199892060794E-09  3.23808492855441E-11 -1.64984643176728E-10  4.99073077440687E-10
 -3.91174738987896E-10
* ORBITAL    1   24
 -1.96463605827651E-13  1.97336481458908E-12 -1.65362246233437E-11  8.55471155941922E-11 -4.28313760369454E-10
  2.18835593916566E-09 -7.61160489615362E-09  1.86666414581151E-08 -1.47363428477779E-08 -1.20418228635512E-07
  4.39121947810188E-07 -6.97093682677097E-07  5.59549853666951E-07 -1.95183535915908E-07  1.87779063928839E-05
  1.07793569902610E-05  8.62119471446083E-04 -1.30834784824471E-03  5.42192909748125E-03 -2.44774638340385E-02
  3.40220656209953E-02 -1.82823466256829E-02  4.85567503528161E-03 -1.95209125199999E-03 -1.12058581181106E-03
 -8.96231932824853E-02  1.36011670271937E-01 -5.63646476526480E-01  2.54459915287718E+00 -3.53682558229989E+00
  1.90057456426134E+00 -5.04780500467876E-01  1.36323279935023E-04  7.82555041207358E-05  6.25878917670772E-03
 -9.49830455413142E-03  3.93619587210419E-02 -1.77700759353663E-01  2.46992376151350E-01 -1.32725637117117E-01
  3.52510844049268E-02 -1.33618611227200E-10  1.45019182531886E-09  6.80828014848093E-09 -4.06516033658568E-09
  1.81764289772289E-10 -7.41543424578824E-10  5.33475086231841E-09 -3.89999308388486E-09  1.78051677280809E-10
 -4.78600037232584E-10  7.66326340397764E-09 -5.29665109018550E-09  7.98446544665706E-12 -9.52774451662319E-11
 -5.09482942833338E-10  3.09372665932066E-10  3.33222999725611E-10 -9.51640021532661E-10  1.37564887577380E-08
 -9.54983714499886E-09
* ORBITAL    1   25
 -9.47018891332620E-13  1.35242309885548E-11 -8.85280570495879E-11  5.19013224722465E-10 -2.26434224933484E-09
  9.52965556815761E-09 -3.62823867459816E-08  1.13398238531521E-07 -2.54285801076135E-07  6.08686096716860E-07
 -1.40611112518920E-06  2.17385416262949E-06 -1.61989659620611E-06  3.68743369831794E-07 -1.95226631821568E-03
 -1.12068509149417E-03 -8.96312226107896E-02  1.36023870113361E-01 -5.63696933625058E-01  2.54482689648024E+00
 -3.53714195738950E+00  1.90074458268171E+00 -5.04825773067478E-01 -2.80099676097093E-05 -1.60789041084687E-05
 -1.28597604855039E-03  1.95159041904017E-03 -8.08759200669277E-03  3.65116791925141E-02 -5.07488324276477E-02
  2.72707659031430E-02 -7.24294311856890E-03 -1.32175088123756E-04 -7.58740490693703E-05 -6.06833962745994E-03
  9.20928018387287E-03 -3.81642057857008E-02  1.72293463549624E-01 -2.39476581115904E-01  1.28686897680146E-01
 -3.41784276089474E-02 -3.33980932568232E-10  9.58787043656131E-10 -1.37276097755044E-08  9.53277645858666E-09
 -2.01361967308171E-11  5.36048971228462E-11 -8.71356124318722E-10  6.01689871124897E-10  9.41151905789651E-11
 -9.02973601413904E-10 -3.39949106907838E-09  1.96366471759486E-09  1.49240950857370E-10 -5.77064085904890E-10
  4.81913698657161E-09 -3.49766489580932E-09 -1.32030791629594E-10  1.44557463600531E-09  6.87601248527811E-09
 -4.11349251287471E-09
* ORBITAL    1   26
  1.22732106728921E-15  1.51759074312681E-14 -3.87320809553518E-15  4.74936860848961E-13 -4.70330849379973E-13
  7.64229310255999E-12 -1.13349056277100E-11  9.69839891186736E-11 -2.55427824817408E-10  7.34368371221194E-10
 -1.74085369034796E-09  1.93852972693151E-09 -8.30285908529735E-10  2.29661909293224E-10 -1.18326129251873E-12
  6.94869344918512E-12 -6.19955013113648E-11  1.85268260857757E-10 -3.97074924159643E-10  1.74275491619110E-09
 -2.07907248937395E-09  1.23637823258928E-09 -3.28070296264788E-10  3.03467164914845E-11  4.29394646839206E-11
  1.36031837793104E-09 -1.71669211119704E-09  8.80955060573813E-09 -3.24084061180532E-08  3.56176680268027E-08
 -1.91080985679738E-08  4.99863778689385E-09  9.96740178957911E-12  2.46023522279792E-11  4.17364981599074E-10
 -3.53348627988891E-10  2.58648483117727E-09 -9.65896304921650E-09  1.06848640343770E-08 -5.60128273723168E-09
  1.46991497544890E-09  2.54403547004672E-05 -8.35223977912230E-05  7.28932005363205E-04 -3.79677036429842E-04
  4.84454887348314E-04 -1.59049805911722E-03  1.38808868035666E-02 -7.23010370974464E-03  4.39023202321406E-02
 -1.44134277407068E-01  1.25791514048501E+00 -6.55207196255496E-01 -4.06664908522144E-04  1.33510830257666E-03
 -1.16520023780337E-02  6.06915009440873E-03  2.09860585628819E-02 -6.88986452481914E-02  6.01304912172470E-01
 -3.13200225460272E-01
* ORBITAL    1   27
  1.47859089799221E-16  2.62206005945654E-15  2.45436439028374E-15  6.48084897727645E-14  2.06445810366888E-15
  9.50768760733556E-13 -6.01867234448252E-13  1.03367994800805E-11 -2.35897044976038E-11  6.47972394785346E-11
 -1.65909698171360E-10  1.99073244273722E-10 -9.65146729022046E-11  2.55325279819054E-11  1.05110470234345E-12
  2.22527557459636E-12  4.47055897213939E-11 -4.34885872566703E-11  2.79138076044971E-10 -1.04550150427570E-09
  1.15870664287839E-09 -6.12685266520984E-10  1.60778934166177E-10  9.61108642073628E-12  2.32482923412587E-11
  4.03072788139678E-10 -3.47771734131192E-10  2.49886005917329E-09 -9.34289182626558E-09  1.03418619673101E-08
 -5.42848480085860E-09  1.42471386512995E-09 -3.06330186115851E-11 -5.22281513752438E-11 -1.36368854336916E-09
  1.61027719889758E-09 -8.83481116476474E-09  3.22144579366014E-08 -3.52382094008150E-08  1.87799670492137E-08
 -4.90810128889567E-09 -1.92349103534225E-04  6.31495064278828E-04 -5.51129968183098E-03  2.87065723209066E-03
  4.84603200102754E-02 -1.59098498007738E-01  1.38851363516652E+00 -7.23231716189337E-01 -4.08355257474003E-04
  1.34065784469847E-03 -1.17004353998706E-02  6.09437729852723E-03  4.42616040435511E-03 -1.45313830463274E-02
  1.26820955329026E-01 -6.60569222217465E-02 -1.78415497222692E-04  5.85750102476564E-04 -5.11206587038051E-03
  2.66270929635781E-03
* ORBITAL    1   28
 -3.61329416628487E-16 -7.00957914850162E-15 -2.37967098916996E-15 -1.94642490316654E-13  1.12044320942709E-13
 -3.14247707459384E-12  3.31961710791182E-12 -4.05640467190130E-11  1.08040009184178E-10 -2.77492142397372E-10
  6.39744026557792E-10 -7.27280627525133E-10  3.38064008078192E-10 -8.91656517306604E-11  9.38092733687607E-12
  2.30259132975398E-11  3.92666361197229E-10 -3.33396664520148E-10  2.43175613110313E-09 -9.09201884213194E-09
  1.00638333182251E-08 -5.27792858969297E-09  1.38527060824353E-09 -5.24479477529185E-13 -3.05650207897532E-12
 -1.95053759517347E-11 -7.91911026377415E-12 -1.16586346559833E-10  3.96670469622264E-10 -4.16068477613475E-10
  1.92197497071298E-10 -4.99474461812654E-11  1.50183795999334E-11 -7.53446781322491E-11  7.75313478231499E-10
 -2.18098440819622E-09  4.98158739674558E-09 -2.14468450541615E-08  2.53824616040106E-08 -1.49712644225328E-08
  3.96756181035246E-09  7.32863836787901E-04 -2.40604138602508E-03  2.09984463255770E-02 -1.09374096058258E-02
 -4.41863035237743E-03  1.45066613681421E-02 -1.26605199685608E-01  6.59445420803776E-02  4.82925588932500E-04
 -1.58547727697816E-03  1.38370685384736E-02 -7.20728020584185E-03  4.84554806229635E-02 -1.59082610024189E-01
  1.38837497536692E+00 -7.23159493010068E-01  2.98089346450796E-05 -9.78647539571451E-05  8.54103294056219E-04
 -4.44874717143156E-04
* ORBITAL    1   29
 -5.81985803702572E-16  4.36004521907577E-16 -9.78926518219392E-16 -2.58216437232610E-14  1.31537267733412E-14
 -4.46369041580687E-13  4.70583620107738E-13 -5.84287512124080E-12  1.56468851601036E-11 -3.97249232511621E-11
  9.11412359843062E-11 -1.03599351123185E-10  4.84303936342544E-11 -1.27068355041785E-11 -3.19326858683273E-11
 -4.51227787072425E-11 -1.43133089908041E-09  1.80681023111534E-09 -9.26863949295141E-09  3.41013862245714E-08
 -3.74809769312977E-08  2.01086025712714E-08 -5.26044517981257E-09  1.20737270038022E-11 -7.99644496919463E-11
  6.43855584777974E-10 -2.02092541580622E-09  4.13058757570780E-09 -1.83283952347826E-08  2.19626031315696E-08
 -1.31428743037581E-08  3.48945068608183E-09 -3.43211196559419E-13  9.37225525863709E-13 -1.69190322373295E-11
  3.91156407903947E-11 -1.09090231086090E-10  4.47266261865813E-10 -5.18082837405577E-10  2.97900804819320E-10
 -7.86798183267949E-11  4.86584893600187E-02 -1.59749101431791E-01  1.39419170176940E+00 -7.26189237185711E-01
  2.57911727459641E-04 -8.46741603320558E-04  7.38983889114753E-03 -3.84912740427331E-03  9.15376807949682E-07
 -3.00524129056159E-06  2.62278862023228E-05 -1.36612524028343E-05 -7.12374899686456E-04  2.33877483137085E-03
 -2.04113853190621E-02  1.06316285779658E-02 -8.06592992423214E-05  2.64809918109548E-04 -2.31109776005131E-03
  1.20377586351189E-03
* ORBITAL    1   30
  1.77723004545103E-15  3.44821244018586E-15  1.46215603072081E-13 -8.36278341572093E-14  2.97879895813180E-12
 -3.39423511314179E-12  4.40267287820096E-11 -1.32298944755871E-10  5.21186488932090E-10 -1.73614774233850E-09
  3.31780000767407E-09 -2.66954297540605E-09  5.54412414203898E-10 -2.25882783443938E-10  1.38905117037727E-11
 -9.20873105854747E-11  7.40936209099775E-10 -2.32651792955860E-09  4.75346147016686E-09 -2.10931112700336E-08
  2.52765631385351E-08 -1.51267869818255E-08  4.01619027115420E-09  2.07657615600862E-11  2.91980722697162E-11
  9.31103485389157E-10 -1.17759765464966E-09  6.03060093356045E-09 -2.21879472832873E-08  2.43867808032668E-08
 -1.30853969488929E-08  3.42313607391837E-09 -4.89245091251623E-12 -1.18935014640026E-11 -2.05254874221772E-10
  1.76758395836350E-10 -1.27389181686769E-09  4.75587826733266E-09 -5.26034080820266E-09  2.76013761226693E-09
 -7.24277093217817E-10  7.59502058820443E-05 -2.49349647957491E-04  2.17617005328721E-03 -1.13349639842219E-03
 -3.11619237937072E-05  1.02306692848454E-04 -8.92869749198535E-04  4.65066887077824E-04 -2.09860763645612E-02
  6.88987037099093E-02 -6.01305422858515E-01  3.13200491589632E-01  1.78154350614127E-04 -5.84892753468257E-04
  5.10458350109295E-03 -2.65881198977720E-03  4.39064369932838E-02 -1.44147793111722E-01  1.25803309822494E+00
 -6.55268636923763E-01
* ORBITAL    1   31
 -7.94672933568356E-06  5.51263622913165E-06 -4.91310738026483E-04  7.68817263398871E-04 -1.06471555576538E-02
  1.61968959640029E-02 -1.57417425874801E-01  2.58670272137142E-01 -9.58472178004557E-01  3.86758349782663E+00
 -6.95473384852709E+00  6.03686963611243E+00 -2.72656782095463E+00  6.74961000486773E-01  6.94949020249851E-10
 -5.10375427143708E-09  3.20653047433790E-08 -1.03233616927916E-07  4.71058239316077E-07 -1.11518970868457E-06
  6.40515454268156E-07 -3.16627247436041E-07  7.86757076603822E-08 -6.94739805393432E-10  7.25808368523519E-10
 -2.53152562916435E-08  3.19289198287676E-08 -3.11071347605469E-07  5.18577495094789E-07 -3.79519447142363E-07
  1.69741496297691E-07 -4.35157899431885E-08 -2.76396330252610E-10 -5.25825104610013E-10 -9.38028487595783E-09
  4.63647646975227E-09 -9.88052113507370E-08  1.41997504055368E-07 -1.10923721734426E-07  4.90688805726543E-08
 -1.22724360716462E-08  1.34653951709925E-11 -1.39524409169425E-11  3.00919789732968E-11 -1.88183599945744E-11
 -2.30022408956608E-11 -9.04470218133321E-13 -4.54080866801781E-11  2.60935093706507E-11 -3.20335849293027E-10
 -4.64379042369311E-11 -3.85423507421888E-10 -9.17773771501910E-10  7.99519695304136E-11 -7.96399804663722E-11
  1.80974853318452E-10 -1.15861606843827E-10  3.32116057360155E-10  1.39651662832094E-10  6.54893528341360E-11
  1.73536761631141E-09
* ORBITAL    1   32
  2.99298930154584E-15  2.11531269019049E-11 -4.95856720239684E-11  7.09944409827816E-10 -1.73938511435189E-09
  1.34399133743871E-08 -3.44515147767941E-08  1.48900606337288E-07 -1.57197787625670E-07 -3.68142137264476E-07
  8.92289294228585E-07 -5.48799341751282E-07  9.67663470137094E-08 -7.17653461042194E-08  1.23355823704304E-03
 -6.66818240196867E-02  5.84511611207920E-02 -9.47824132418979E-01  3.18599750381951E+00 -3.56008418676669E+00
  2.13545677615528E+00 -9.47348285533926E-01  2.41335939333405E-01  1.74332547990373E-05 -9.42380231519023E-04
  8.26060571957617E-04 -1.33951165075141E-02  4.50260821120038E-02 -5.03128586630089E-02  3.01793239959438E-02
 -1.33883909564345E-02  3.41067813364791E-03  1.17349064839557E-04 -6.34347513013469E-03  5.56048950009834E-03
 -9.01669884651717E-02  3.03085541635826E-01 -3.38672596646617E-01  2.03147073827438E-01 -9.01217173098401E-02
  2.29584122553354E-02  3.62844554097328E-09 -3.87776027722511E-08  3.11422322174482E-08 -1.08982572790767E-08
  3.54040157698260E-10 -3.80637451943736E-09  3.04014841296285E-09 -1.06741368617800E-09  3.33894273183255E-09
 -3.84467899897011E-08  2.86243609578539E-08 -1.06635618818585E-08 -4.71132999050706E-10  4.27174380795258E-09
 -3.88890367002477E-09  1.32480623669700E-09 -5.87240148185935E-09  6.73187852318132E-08 -5.03161940209886E-08
  1.87015997021660E-08
* ORBITAL    1   33
 -2.36542671859131E-13 -1.44272702126305E-12 -1.08661418764430E-11 -3.19426845907240E-11 -1.91689680538065E-10
 -5.72139549147484E-10 -3.29192591706780E-09 -1.13108636740542E-09 -2.99818640954078E-09  8.88475924821995E-08
 -1.96767665764410E-07  1.65217120351340E-07 -6.19231753363249E-08  1.42478887244696E-08 -1.12432495880093E-04
  6.07770070359711E-03 -5.32752180924762E-03  8.63892265587208E-02 -2.90387027081916E-01  3.24483080393979E-01
 -1.94635730371073E-01  8.63458545071076E-02 -2.19965195361827E-02 -2.19435275839659E-04  1.18618890083898E-02
 -1.03977598381097E-02  1.68606445111330E-01 -5.66750352463879E-01  6.33295846730970E-01 -3.79871883514971E-01
  1.68521787089987E-01 -4.29307549605356E-02  1.21447604272937E-03 -6.56502230944983E-02  5.75469411485609E-02
 -9.33160857629759E-01  3.13670822946997E+00 -3.50500764935989E+00  2.10242000124290E+00 -9.32692322408011E-01
  2.37602465676833E-01  6.97149609383116E-10 -8.25587490207832E-09  5.96846946407785E-09 -2.28185077513746E-09
  3.63872724273743E-09 -3.87378226424803E-08  3.12029323702058E-08 -1.09097643887630E-08  1.68476536800274E-10
 -2.92807360305192E-09  1.61700887724238E-09 -6.69447872815692E-10 -5.73749209984732E-09  6.59161862349991E-08
 -4.91738925275546E-08  1.82985057202499E-08  1.19027949320223E-09 -1.31470268372080E-08  1.02071889443013E-08
 -3.67451658892940E-09
* ORBITAL    1   34
 -2.50526350202954E-12  2.10806285843531E-11 -1.99866006663187E-10  8.98446434546436E-10 -4.87381443548787E-09
  1.83530658989254E-08 -7.80412026306259E-08  2.08811527247078E-07 -4.90409645451902E-07  9.55755611632635E-07
 -1.18183863779733E-06  7.97163177912976E-07 -2.50158574844849E-07  1.54219688555260E-08 -3.78638458097425E-05
  2.04678468157119E-03 -1.79414732160662E-03  2.90932630161021E-02 -9.77935146901778E-02  1.09276028058189E-01
 -6.55473915540975E-02  2.90786565882565E-02 -7.40775867000907E-03  1.21954434134739E-03 -6.59242122990065E-02
  5.77871021452993E-02 -9.37055389150232E-01  3.14979930608619E+00 -3.51963579245433E+00  2.11119444855788E+00
 -9.36584888755052E-01  2.38594066765029E-01  2.16845899556950E-04 -1.17219107416938E-02  1.02750629138665E-02
 -1.66616771429870E-01  5.60062271736876E-01 -6.25822489719329E-01  3.75389114529607E-01 -1.66533113859658E-01
  4.24241517877762E-02 -5.86780339705713E-09  6.72208246705114E-08 -5.02789621516159E-08  1.86773311694480E-08
  7.33576355298903E-10 -9.03423061050420E-09  6.44040854170861E-09 -2.39532081882119E-09 -2.20438963110334E-09
  2.34326265909484E-08 -1.88872273251935E-08  6.60937303547038E-09 -1.02550414829137E-09  1.17978528114063E-08
 -8.79103043166577E-09  3.27313394572547E-09 -3.48986710731651E-09  3.72191131650338E-08 -2.99531768075261E-08
  1.04638545524689E-08
* ORBITAL    1   35
 -5.75617040084092E-16 -1.12151493096115E-15 -5.01795006853853E-15  1.21350974837723E-14 -1.82923413886480E-13
  3.09890856788386E-13 -2.92678600097566E-12  7.59632673919067E-12 -3.17457057872383E-11  1.14212998025293E-10
 -1.65679900920784E-10  9.09482307159683E-11 -5.47942570418183E-11  1.11753876862574E-11  1.10645170893031E-12
 -4.61228471083685E-11  4.77606991942623E-11 -6.50913139181571E-10  2.21632150048813E-09 -2.29957794011601E-09
  1.44555771985964E-09 -6.28877430652359E-10  1.60650641684641E-10  4.39007280627326E-12 -2.50403976065716E-10
  1.86741367416102E-10 -3.49854197811788E-09  1.18278246500143E-08 -1.24451380404455E-08  7.59394822636189E-09
 -3.29604253689100E-09  8.41235346500138E-10  2.34385982790457E-11 -2.02696801949909E-09  1.35120252623302E-09
 -2.86841482966942E-08  8.81627960183576E-08 -9.52178334514922E-08  5.69064204574027E-08 -2.52904576352485E-08
  6.44839972450135E-09  2.46394412644903E-04 -3.11037517608237E-03  2.31061380667128E-03 -8.01491334720926E-04
 -1.15697344737473E-01  1.46051260340647E+00 -1.08497541156017E+00  3.76349517335368E-01  6.07432748282038E-03
 -7.66796495256976E-02  5.69632429789982E-02 -1.97590551571552E-02 -3.50774230794357E-04  4.42802024412254E-03
 -3.28945678053850E-03  1.14102629269141E-03  5.38321669090557E-03 -6.79553696089394E-02  5.04822107928159E-02
 -1.75109550531560E-02
* ORBITAL    1   36
  2.49279500594947E-15  1.76188956053962E-14  1.04502123737905E-13  3.96286218565928E-13  1.70001687102436E-12
  4.39857781176732E-12  1.27807819744273E-11  3.35440261708847E-11 -1.41098992105546E-11  2.56902381282825E-10
 -5.45922257777294E-10  1.48002716822124E-10 -2.18744192427576E-10  3.35527884527577E-11  1.58481019745259E-12
 -6.94561993371415E-11  6.95550844291568E-11 -9.80494896343627E-10  3.30787209494473E-09 -3.44410274264149E-09
  2.15563853718445E-09 -9.39518030135371E-10  2.39967904139445E-10 -2.33812206967438E-11  2.01342115904165E-09
 -1.34537870703160E-09  2.84924976544985E-08 -8.76068809086035E-08  9.46016981111667E-08 -5.65509709505140E-08
  2.51305081862359E-08 -6.40766953346299E-09  3.84183146952618E-12 -2.17821601617235E-10  1.59620629541054E-10
 -3.03751708482787E-09  1.03517491073114E-08 -1.08783280150379E-08  6.63575043958177E-09 -2.87378338317402E-09
  7.33479383816363E-10 -2.30493554168971E-05  2.90964970499239E-04 -2.16150026918737E-04  7.49767759015358E-05
 -7.91935362501008E-03  9.99704514081009E-02 -7.42653513618003E-02  2.57607028158779E-02 -1.01301116715170E-01
  1.27878092656320E+00 -9.49971851564291E-01  3.29520322773499E-01 -3.67659926560045E-04  4.64117783969136E-03
 -3.44780580871144E-03  1.19595341809014E-03 -5.59210845181993E-02  7.05923276940876E-01 -5.24411358138109E-01
  1.81904547713638E-01
* ORBITAL    1   37
 -1.71245804976536E-15 -1.12045522327667E-14 -9.33647670363800E-14 -1.86601950486049E-13 -1.73937529310053E-12
 -1.45977374876319E-12 -1.76688229606457E-11 -3.84610333392951E-12 -5.87255951178007E-11  7.14992131535272E-11
  1.90440710350517E-11  1.07411143304586E-10  3.26118131021009E-11  2.01294335422940E-12  6.41279537145336E-13
 -2.15825534596809E-11  1.39693842251765E-12 -2.63729010303299E-10  1.47256081842094E-09 -1.44183795123999E-09
  8.80802971923135E-10 -3.38484665249438E-10  8.65530315480988E-11 -1.13095386709660E-12  6.13662228407161E-11
 -5.34044362196970E-11  8.67060619516124E-10 -2.82454956943891E-09  2.98116501527661E-09 -1.83409793008137E-09
  8.05067288206202E-10 -2.05494907297262E-10 -7.12272820600935E-11  3.11517724482907E-09 -3.12545751163162E-09
  4.39804691135886E-08 -1.48344326560465E-07  1.54447966702261E-07 -9.66841819140438E-08  4.21423262772547E-08
 -1.07638277056981E-08 -1.37031766411265E-03  1.72982899861283E-02 -1.28504329602852E-02  4.45747819759370E-03
  3.27758508911345E-04 -4.13747986200062E-03  3.07362216939226E-03 -1.06615892641791E-03  1.70388834892690E-03
 -2.15091402167868E-02  1.59785599968598E-02 -5.54254343290203E-03 -1.15937179154324E-01  1.46354016796582E+00
 -1.08722450764882E+00  3.77129669771781E-01 -2.37020419363987E-03  2.99204195295065E-02 -2.22270724817311E-02
  7.70998854971983E-03
* ORBITAL    1   38
  2.30072081036716E-16 -1.37684307689855E-15 -1.51590970589003E-14 -1.74993318117096E-14 -2.58200235862475E-13
 -1.14599649668449E-13 -2.73089467564080E-12  6.02573343108516E-13 -1.12507425006170E-11  2.08481774165778E-11
 -1.57679377369986E-11  2.74103106300854E-11 -2.18301597251727E-12  1.70614545557755E-12  2.40119632782434E-11
 -2.05347250976775E-09  1.37558669078469E-09 -2.90564406935161E-08  8.94315290433125E-08 -9.65405575736081E-08
  5.77284853175277E-08 -2.56474467551736E-08  6.53956292702633E-09 -7.10996354985778E-11  3.10541794816933E-09
 -3.11892970616683E-09  4.38432025340685E-08 -1.47906255179239E-07  1.53979240228091E-07 -9.64025197011767E-08
  4.20183888267932E-08 -1.07322172918455E-08  8.89370891872256E-13 -4.09789813743964E-11  3.96707359559244E-11
 -5.78653146323117E-10  1.93435675177606E-09 -2.02106518165178E-09  1.25949838461381E-09 -5.49964748870605E-10
  1.40445689568783E-10 -1.15973910884494E-01  1.46400385315967E+00 -1.08756896687640E+00  3.77249153643538E-01
 -2.44710813611175E-04  3.08912209085357E-03 -2.29482546398749E-03  7.96014772898281E-04 -9.39973830447701E-05
  1.18658179869829E-03 -8.81479606783698E-04  3.05762159193615E-04  1.36369501375659E-03 -1.72146885324234E-02
  1.27883276961115E-02 -4.43593551011930E-03  2.43767434394156E-04 -3.07721331862493E-03  2.28597875790852E-03
 -7.92946082435037E-04
* ORBITAL    1   39
 -7.47891692075733E-15 -5.85716169572706E-14 -2.93938079660289E-13 -1.37077494359289E-12 -4.65484421919098E-12
 -1.62528971444735E-11 -2.94312170184214E-11 -1.57704418102308E-10  1.56599661753012E-10 -9.67409566446390E-10
  2.24279523101955E-09 -1.26242098229764E-09  9.30591628019125E-10 -1.71023913924542E-10 -8.21192618232447E-11
  3.58613014002964E-09 -3.60147662375876E-09  5.06288613318450E-08 -1.70817427147628E-07  1.77827245314479E-07
 -1.11333698580954E-07  4.85249138304847E-08 -1.23940973072802E-08 -1.42986388088204E-11  1.22273170041068E-09
 -8.19342314557477E-10  1.73018709319834E-08 -5.32489531831560E-08  5.74821231754359E-08 -3.43731903992297E-08
  1.52715412261645E-08 -3.89392576856307E-09  7.90509687851449E-13 -6.01915422391928E-11  5.67233474203783E-11
 -8.74142856908158E-10  2.43479243842417E-09 -2.66112476050306E-09  1.61879305993235E-09 -7.41614506691457E-10
  1.89120754270922E-10 -2.20892635790409E-04  2.78845187689613E-03 -2.07146567303464E-03  7.18537118808669E-04
 -1.78234626920000E-03  2.24995586070599E-02 -1.67143150993119E-02  5.79775758340071E-03  5.61267319124464E-02
 -7.08519279579783E-01  5.26339858498872E-01 -1.82573493904944E-01  2.89627676155497E-03 -3.65613292606146E-02
  2.71604251620124E-02 -9.42123921983826E-03 -1.01440188314267E-01  1.28053650534774E+00 -9.51276023751200E-01
  3.29972705884976E-01
* ORBITAL    1   40
 -1.27460356161928E-06  2.82874663656870E-04 -7.29022176924548E-04  9.46744248862162E-03 -2.21083945721379E-02
  1.67761531263925E-01 -3.38709409740920E-01  2.15771380985372E+00 -6.17180582706919E+00  8.44501798951501E+00
 -6.23896266813898E+00  3.16602261843446E+00 -1.40443760131033E+00  3.26456307596547E-01 -2.27193568659432E-09
  1.93769229765750E-08 -1.60800187608414E-07  6.41183221663576E-07 -5.70215033941668E-07  6.07962672747055E-07
 -1.70082969454257E-07  1.04372432160995E-07 -2.51564190893858E-08 -3.42961248062542E-09  2.16692496864782E-08
 -2.21093254057038E-07  8.35452666727055E-07 -8.82735730504055E-07  6.22737095790393E-07 -3.15419241649862E-07
  1.42882092421310E-07 -3.67220183889863E-08 -4.42306799562854E-10  3.25932920442851E-09 -2.91029525917354E-08
  1.12191267301402E-07 -1.18819656844762E-07  8.13777572701308E-08 -4.47049480461519E-08  1.89375248347714E-08
 -5.08416770974327E-09 -1.37063376803406E-10  1.09299558377393E-10 -5.61721599638804E-11  2.29368059660056E-11
  2.60977309345575E-10 -2.24374068042019E-10  1.22650127580740E-10 -4.55218674811093E-11  4.04358060122480E-09
 -3.24604353484351E-09  1.54962513666799E-09  1.03355021708837E-10 -8.15298265777080E-10  6.52333362824443E-10
 -3.37413022896897E-10  1.39343923088776E-10 -4.60414104368244E-09  3.65454534940862E-09 -1.60349753379419E-09
 -4.87585520145014E-10
* ORBITAL    1   41
  4.53745209042337E-14  1.79548599931975E-12 -1.48723211759071E-12  5.59886529639491E-11 -7.62850953578026E-11
  9.35885406202270E-10 -1.48402023208672E-09  1.15357592340171E-08 -2.86155579850842E-08  3.41017877004212E-08
 -2.36491591620584E-08  1.20961732574455E-08 -5.18276562497709E-09  1.22102202059658E-09 -1.22815276417389E-12
 -2.83630933210492E-10  3.31173392047390E-11 -6.13062251959400E-09  6.81934763878455E-09 -4.76303166010103E-09
  2.29428881893743E-09 -1.10689577515246E-09  2.83736875044854E-10  1.13727270085923E-10 -4.23591265633468E-10
  6.80713025449458E-09 -1.81984920587708E-08  1.72968298049333E-08 -1.11382696662093E-08  6.20740139715424E-09
 -2.66084403000713E-09  6.91417942899741E-10 -1.50973598282850E-11 -6.52762812183207E-11 -8.52915495900733E-10
 -2.31992373919105E-10  6.34705876877256E-10 -5.60396073611076E-10  1.59054200416150E-10 -1.18736919589246E-10
  2.92230092366302E-11 -4.09278607199187E-02  3.35472522456223E-02 -1.59857222865970E-02  5.24571398691026E-03
  1.75085437202373E-03 -1.43511906561946E-03  6.83853768542668E-04 -2.24406580608221E-04 -3.44184740753210E-01
  2.82117171876774E-01 -1.34432672131174E-01  4.41140747871437E-02  5.67856509774818E-01 -4.65453733415998E-01
  2.21795038978656E-01 -7.27820311994313E-02  1.21587593778230E+00 -9.96614434929901E-01  4.74900342565020E-01
 -1.55838524197798E-01
* ORBITAL    1   42
  3.51484639503251E-15  1.60640597225478E-13 -1.32062722155528E-13  4.96537954101022E-12 -6.74707148729094E-12
  8.29877519643808E-11 -1.31161966833092E-10  1.02293177255505E-09 -2.54028003743982E-09  3.02557854913274E-09
 -2.09529450494023E-09  1.07345648501590E-09 -4.58716498171794E-10  1.08200969403107E-10 -1.54273925414824E-10
  5.62969694394076E-10 -9.22895546272438E-09  2.44345529990651E-08 -2.31844280224726E-08  1.49155079540790E-08
 -8.32716540321330E-09  3.56476897899512E-09 -9.26457074317064E-10 -1.00983219600243E-11 -2.42270032547682E-10
 -4.98048064948695E-10 -4.51855506541254E-09  5.25635263580797E-09 -3.74337699515411E-09  1.73567603623816E-09
 -8.63153956415162E-10  2.20515959700154E-10 -2.67791872603120E-11  1.17939541476907E-10 -1.60907512734153E-09
  4.68630682057852E-09 -4.51715006741075E-09  2.93271597514371E-09 -1.61180094937645E-09  6.98832116513044E-10
 -1.81345717846598E-10  1.36004412863684E+00 -1.11478446823637E+00  5.31209971770488E-01 -1.74316526269958E-01
  2.33200714001847E-01 -1.91147131534485E-01  9.10842097598974E-02 -2.98892789811966E-02 -7.89696061968715E-02
  6.47288485698277E-02 -3.08441773282044E-02  1.01215152826184E-02 -8.25647167283576E-02  6.76756451462853E-02
 -3.22483660045027E-02  1.05822997280138E-02  6.16511703920855E-02 -5.05334832558917E-02  2.40798925530732E-02
 -7.90181556403930E-03
* ORBITAL    1   43
 -1.63064105985650E-14 -6.57679194928647E-13  5.57763505499230E-13 -2.05558729594143E-11  2.82643713815365E-11
 -3.43667617808862E-10  5.48912705264176E-10 -4.23624525162358E-09  1.04993433212225E-08 -1.25346275467458E-08
  8.71742955600722E-09 -4.45729596283614E-09  1.91328344651645E-09 -4.50221985383139E-10  2.22557776396942E-11
  7.27634645757512E-11  1.26059532150360E-09 -1.91877279392897E-10 -3.43514092918424E-10  4.09594257834202E-10
 -3.04388852829613E-11  7.60900769586357E-11 -1.76923162319035E-11 -2.50597869158650E-11  7.59992272492807E-11
 -1.49426791406116E-09  3.62669440595554E-09 -3.38674338302563E-09  2.15785046003335E-09 -1.22406171993450E-09
  5.17078465491575E-10 -1.34598520758199E-10 -1.90931660755394E-11 -1.79862475012360E-10 -1.04967673487631E-09
 -2.45323353131940E-09  3.19567330651059E-09 -2.38132620319076E-09  1.01332949594048E-09 -5.41784073020213E-10
  1.37394852301063E-10  9.85768588318432E-02 -8.08002834908791E-02  3.85024348061700E-02 -1.26345720996653E-02
  1.18348721279857E-01 -9.70066437853074E-02  4.62249860586328E-02 -1.51687269161704E-02  3.93349776090975E-01
 -3.22416171460149E-01  1.53635693908779E-01 -5.04155454465261E-02  1.23622938081649E+00 -1.01329749814846E+00
  4.82850049232866E-01 -1.58447220054543E-01 -4.62866781636404E-01  3.79397027029713E-01 -1.80787847124311E-01
  5.93255231960174E-02
* ORBITAL    1   44
  4.67053799220660E-16  4.17113660474755E-14 -3.82743678959307E-14  1.30254909478491E-12 -1.82796923656806E-12
  2.17813428445140E-11 -3.50971481718448E-11  2.68106111536488E-10 -6.67771220972257E-10  8.01930695299300E-10
 -5.59949610244880E-10  2.90546827559666E-10 -1.22749876289362E-10  2.90322115213057E-11  2.50468433620920E-11
 -1.11460137342531E-10  1.50670719103150E-09 -4.40368734681116E-09  4.24742578449158E-09 -2.75779806010833E-09
  1.51399399732976E-09 -6.56541772612343E-10  1.70359049536794E-10  1.39300469455802E-11  1.28967051417534E-11
  7.96449708725459E-10 -8.52630538475161E-10  5.97038160881495E-10 -3.12725206835048E-10  2.58419279177036E-10
 -8.64918362245910E-11  2.33296824976939E-11 -1.53756702014446E-10  5.94747031140218E-10 -9.20971184086021E-09
  2.50937687827720E-08 -2.39275875807959E-08  1.54380122779580E-08 -8.57646468113626E-09  3.68621866976730E-09
 -9.57561120548429E-10 -2.44550610424152E-01  2.00450276915160E-01 -9.55172851531490E-02  3.13439924543260E-02
  1.34896862413969E+00 -1.10570623311060E+00  5.26884069127772E-01 -1.72896981536276E-01 -1.90633861258400E-01
  1.56256450196961E-01 -7.44583252252085E-02  2.44334957838100E-02 -6.21337438364193E-02  5.09290332015812E-02
 -2.42683774837045E-02  7.96366688509637E-03 -3.51195338361038E-02  2.87863533459688E-02 -1.37170891593728E-02
  4.50126213767738E-03
* ORBITAL    1   45
 -1.83943045609249E-14 -7.62799247508292E-13  6.25476275544291E-13 -2.37640413212136E-11  3.22182615659858E-11
 -3.97505403598093E-10  6.24746601180478E-10 -4.90478088608050E-09  1.22174511370647E-08 -1.45303464454747E-08
  1.00292452283202E-08 -5.16114292062953E-09  2.18982276319038E-09 -5.18204259380835E-10 -2.45092655243453E-12
  6.05304812246330E-11 -1.64413841723398E-10  1.52508079987175E-09 -1.62747292747582E-09  1.11545504743215E-09
 -5.57713804069237E-10  2.61418260500224E-10 -6.72328803557656E-11  1.37546409647869E-10 -5.21943733220760E-10
  8.23501729242147E-09 -2.22266490037509E-08  2.11596435982231E-08 -1.36394114624880E-08  7.58962506223015E-09
 -3.25783790884638E-09  8.46413552650757E-10  1.22077447966070E-11  2.05954884490049E-11  6.91798140242857E-10
 -5.52376439982468E-10  3.08016833966487E-10 -1.25864387443438E-10  1.56150766148008E-10 -4.23733908580055E-11
  1.18806575864903E-11  6.25164250887367E-03 -5.12427047264679E-03  2.44178462356611E-03 -8.01271504861653E-04
  1.81240711669237E-01 -1.48557187320825E-01  7.07895216736936E-02 -2.32295780778704E-02  1.26696170144633E+00
 -1.03848779381133E+00  4.94853567934865E-01 -1.62386174134899E-01 -2.44038870989000E-01  2.00030820545194E-01
 -9.53174084820802E-02  3.12784029346883E-02  4.72569995582345E-01 -3.87350439694380E-01  1.84577756487865E-01
 -6.05691817720854E-02
* ORBITAL    1   46
  5.47045936255980E-12  2.19704248098510E-11  2.81924802804594E-10  2.89897346765623E-10  6.14423836452220E-09
 -3.46840553705809E-10  1.18117904655804E-07  1.93629251759257E-08 -8.07237617692835E-07  1.53234541595180E-06
 -1.27499683972580E-06  5.50169637254848E-07 -1.70084446272939E-07  7.32636687314484E-08  2.51411698000723E-02
 -7.65451157326859E-02  1.47816689382320E+00 -3.40941748896402E+00  3.10876260239386E+00 -1.92015342069747E+00
  1.10287345006906E+00 -4.62068513592617E-01  1.20480377195293E-01  2.92378116321449E-04 -8.90178265355119E-04
  1.71902762279797E-02 -3.96496686592275E-02  3.61532159057905E-02 -2.23303390042355E-02  1.28258177703873E-02
 -5.37360564554967E-03  1.40112140545388E-03  1.60522294502343E-03 -4.88728288768044E-03  9.43785608738834E-02
 -2.17685778736311E-01  1.98489451040622E-01 -1.22598684533859E-01  7.04166823919216E-02 -2.95023276855213E-02
  7.69247772071920E-03  1.04258201392296E-08 -1.03193269823299E-08  4.54884754728967E-09 -1.50592161733188E-09
  6.47279006723551E-10 -6.43172632698067E-10  2.86707605966009E-10 -9.33658056755682E-11  9.27284898523650E-10
 -1.05919343850751E-09  7.74617453247798E-10  6.60376344840136E-11 -1.85070754160909E-09  1.63510149217785E-09
 -5.21732835529575E-10  2.33105579616500E-10 -2.06993761132752E-09  2.26675841413142E-09 -1.50282938336115E-09
 -4.89929704892958E-11
* ORBITAL    1   47
  4.35415199934544E-12  4.29453761225261E-11  1.64642885070269E-10  1.05784789818191E-09  2.92493187342988E-09
  1.24327594604410E-08  6.10957389992501E-08  2.56823163258784E-07 -1.22498888894711E-06  1.78197250357519E-06
 -1.23203474258473E-06  6.08624360974899E-07 -3.39456345822177E-07  1.13041793611389E-07 -1.25739995497188E-04
  3.82829399020073E-04 -7.39284259899886E-03  1.70517178374778E-02 -1.55480347308919E-02  9.60337378150746E-03
 -5.51586478835137E-03  2.31096956211851E-03 -6.02564974377417E-04  2.50597383710960E-02 -7.62971815453163E-02
  1.47337926263500E+00 -3.39837440316129E+00  3.09869325331979E+00 -1.91393386593474E+00  1.09930120484965E+00
 -4.60571807945853E-01  1.20090056337181E-01 -2.59507153479607E-03  7.90098598271880E-03 -1.52576396901301E-01
  3.51920062485045E-01 -3.20886457845637E-01  1.98198210153024E-01 -1.13838589332576E-01  4.76947029368644E-02
 -1.24359747225260E-02 -1.99143530194696E-09  2.18894224636111E-09 -1.46685900439200E-09 -5.97334690776362E-11
 -2.79954480361747E-09  2.56138195778311E-09 -8.99119219588527E-10  3.92105725570735E-10 -5.81355293226385E-09
  5.78116979315692E-09 -2.58092875883647E-09  8.37791173971737E-10  2.09368712187502E-10 -2.28804786422930E-10
  1.51601436529850E-10  5.77930453392170E-12 -1.04070740800934E-08  1.03017174489285E-08 -4.54457857113289E-09
  1.50088773019033E-09
* ORBITAL    1   48
  1.53632934470350E-12  5.02163173976099E-12  8.14078114619432E-11  4.35380011548208E-11  1.73551444059053E-09
 -1.00034935936005E-09  3.36973618579511E-08  8.80578451882105E-10 -1.73662158173224E-07  2.60190047233655E-07
 -1.32316631213337E-07  4.29459524663399E-08 -4.53536103055588E-08  2.27982122566880E-08 -1.62678060551466E-03
  4.95291411511231E-03 -9.56460437933318E-02  2.20609230746265E-01 -2.01155097559344E-01  1.24245126958038E-01
 -7.13623511383916E-02  2.98985238860593E-02 -7.79577597200205E-03  2.58161227385930E-03 -7.86000722721404E-03
  1.51785066015829E-01 -3.50094837774411E-01  3.19222186366156E-01 -1.97170255592334E-01  1.13248167256494E-01
 -4.74473336944695E-02  1.23714740842886E-02  2.50085896993985E-02 -7.61414465819804E-02  1.47037201560765E+00
 -3.39143807991439E+00  3.09236859100635E+00 -1.91002733979062E+00  1.09705743939375E+00 -4.59631719952512E-01
  1.19844915498132E-01 -8.75511992718206E-10  8.89204274148547E-10 -4.43991598697068E-10  9.03691869391564E-11
  1.02166680183459E-08 -1.01363618229577E-08  4.49787427582542E-09 -1.47290106002536E-09 -2.67582201129043E-09
  2.41481250719995E-09 -8.18095100287175E-10  3.59590930741634E-10 -1.82415479573189E-09  2.03638258179619E-09
 -1.41359291764537E-09 -8.24651413598612E-11 -9.47041949313045E-10  9.23607701348535E-10 -3.75000047816599E-10
  1.58926116937935E-10
* ORBITAL    1   49
  1.03263077701181E-04 -4.51938692500553E-04  7.29389960718005E-03 -2.29429670561873E-02  1.73555081661632E-01
 -4.86211292206017E-01  3.21091262818383E+00 -7.03916471234400E+00  7.57264801407824E+00 -5.08856801669769E+00
  2.94757631341973E+00 -1.56157239748963E+00  5.98664942584289E-01 -1.51413954536565E-01 -1.70132639916746E-08
  3.31882519386282E-07 -9.22410850502068E-07  7.45260593399281E-07 -4.88885981145776E-07  2.98863944378193E-07
 -1.67174421047843E-07  6.98221619867869E-08 -1.78766728173648E-08 -1.16887680557274E-08  2.19442018371691E-07
 -6.26157672286989E-07  4.94746646456052E-07 -3.67757585867401E-07  1.30176256287050E-07 -1.46898345036615E-07
  4.79791505102426E-08 -1.29910112014897E-08 -3.99041470688991E-09  7.70913304131569E-08 -2.14927188479925E-07
  1.72024715509658E-07 -1.23651923088251E-07  5.15996402970242E-08 -4.86286689698253E-08  1.64640746288068E-08
 -4.55752563601584E-09  2.07275447641576E-11 -1.79032902603715E-11  5.58466644640113E-12  5.05617177000858E-13
 -3.90696848422940E-11  2.76926594727497E-11 -4.43724266735528E-12 -1.11287517536687E-12 -6.13285247176799E-10
  5.40152788453164E-10 -2.50699930528440E-10  4.24945545936891E-10  1.23109359713336E-10 -1.05465653310463E-10
  3.16558464333363E-11  4.50206567785553E-12  7.09358249923880E-10 -6.49283606461676E-10  3.80919941429171E-10
 -6.89206839557069E-10
* ORBITAL    1   50
 -2.85670153553979E-12  9.50051736400966E-12 -1.95084518672458E-10  5.26815912863802E-10 -4.60948129339509E-09
  1.00878560570945E-08 -8.52188457512311E-08  2.04326348245289E-07 -2.29948797153398E-07  1.34078579860351E-07
 -3.86685454623255E-08  1.90156253035203E-08 -2.40932039297580E-08  1.04298643523253E-08  1.13182228800443E-02
 -3.02371378690116E-01  4.95315812887558E-01 -3.79139083323919E-01  2.44784972333168E-01 -1.54403231635555E-01
  7.88221566958746E-02 -3.58891030327845E-02  9.42603937093179E-03 -5.47718141841911E-03  1.46325338417680E-01
 -2.39696140606713E-01  1.83475206739985E-01 -1.18457777399633E-01  7.47197130229234E-02 -3.81440815127133E-02
  1.73676661741650E-02 -4.56150727978751E-03 -6.17451098890521E-02  1.64954808451625E+00 -2.70213152553250E+00
  2.06834427959869E+00 -1.33539277896946E+00  8.42326841532658E-01 -4.30004109634023E-01  1.95788378358609E-01
 -5.14225754557539E-02 -2.22162030749674E-10  3.14763738032748E-10 -1.04699719954450E-10  6.53252692634621E-12
  7.02271691987250E-10 -1.27723246322266E-09  3.53670401027078E-10 -1.13883363126386E-10 -2.30621456515242E-10
  2.56596721845740E-10  5.67363626314578E-11  1.06894981380288E-11 -1.02689700377462E-09  8.78986155215108E-10
 -4.89486630923126E-10 -1.68403083871619E-10  1.27832884296450E-10 -4.99260668996919E-11  5.56478329262813E-11
  4.04305568171019E-11
* ORBITAL    1   51
 -1.56701498747078E-11  4.77982683712656E-11 -1.05815713250882E-09  2.70487593979824E-09 -2.44570815262184E-08
  5.04293800994667E-08 -4.79498509049102E-07  1.20686201075005E-06 -1.47267483775373E-06  1.10556977125737E-06
 -6.30201194407688E-07  3.31931192324189E-07 -1.69167405844593E-07  6.05484752109145E-08  2.24872260070697E-03
 -6.00756298307009E-02  9.84101381943508E-02 -7.53279606899933E-02  4.86342705759364E-02 -3.06770819416120E-02
  1.56605119571420E-02 -7.13050408717045E-03  1.87278006742367E-03 -6.26883249111166E-02  1.67474652695638E+00
 -2.74340917256345E+00  2.09994024320469E+00 -1.35579219843633E+00  8.55194210415075E-01 -4.36572826144869E-01
  1.98779222930535E-01 -5.22080892353324E-02  5.97305397087528E-03 -1.59572798050524E-01  2.61396857003084E-01
 -2.00086004708134E-01  1.29182268429978E-01 -8.14844107012724E-02  4.15974278203880E-02 -1.89400345423785E-02
  4.97447875628179E-03 -1.08192442326812E-09  9.54675825312459E-10 -4.89456323816864E-10 -1.63170943039445E-10
 -1.42594227196436E-10  2.08842129617844E-10  7.58623715423786E-11  3.06864227872710E-11 -4.29200218142892E-10
  7.62505669872497E-10 -2.23650719938159E-10  6.21523154847157E-11  1.03277776692708E-10 -8.95554779693570E-11
  4.14950179441561E-11  1.52459225899022E-11 -6.81767513973568E-10  1.27168934285212E-09 -3.32317904916253E-10
  1.23360811403714E-10
* ORBITAL    1   52
 -2.95196865703887E-11  1.17736524592614E-10 -2.05557124695763E-09  6.13247984952904E-09 -4.81564084416491E-08
  1.27729319596784E-07 -9.21621776968459E-07  2.10334098139814E-06 -2.41412858594426E-06  1.83124057846722E-06
 -1.15173421782474E-06  5.44660525756491E-07 -1.74306705889402E-07  6.51099059579887E-08 -6.19467571219076E-02
  1.65493533996914E+00 -2.71095642549060E+00  2.07509942106620E+00 -1.33975413338300E+00  8.45077909232878E-01
 -4.31408449103629E-01  1.96427783301350E-01 -5.15904595317584E-02 -3.27637179852893E-03  8.75297334032956E-02
 -1.43382815505848E-01  1.09752256438920E-01 -7.08597558787959E-02  4.46962695224666E-02 -2.28172454139924E-02
  1.03890896360226E-02 -2.72862742393674E-03 -1.10645524639285E-02  2.95594452882947E-01 -4.84214487077185E-01
  3.70641575739932E-01 -2.39298693455275E-01  1.50942644290326E-01 -7.70555438290462E-02  3.50847325995865E-02
 -9.21477890661752E-03  6.55820839676415E-10 -1.24132901394248E-09  3.20280050747878E-10 -1.24706504323605E-10
  1.23149004429305E-10 -2.25764748836643E-10  6.74282934449945E-11 -1.96926044411039E-11  5.65819692420070E-10
 -4.61441229203400E-10  2.83785256798767E-10  1.02804947810433E-10 -2.59555531167750E-10  2.43737314815928E-10
  2.36380428015208E-11 -1.03156801114975E-11 -1.08140079621001E-09  9.65423312287666E-10 -4.89549250439788E-10
 -1.58900997631446E-10
* ORBITAL    1   53
 -1.13239103161845E-04  3.55086447837141E-03 -1.52243162744883E-02  1.32607171264126E-01 -4.61920970205707E-01
  3.27220882875239E+00 -5.68202402083376E+00  5.31993963012043E+00 -3.73521294088632E+00  2.42450212548276E+00
 -1.38581889995889E+00  6.77426565434805E-01 -3.02809969328504E-01  7.22186188770994E-02 -2.59184602389233E-09
  2.67254899653692E-08 -1.84141837108681E-09  1.22048030203857E-08  1.23849029906151E-08  4.04087892273744E-08
  1.76582391077872E-08  6.66682749092309E-10  2.28926940817681E-10 -6.92812961894630E-09  6.73620885655161E-08
 -1.06763226586346E-08  2.30401139196927E-08 -1.04942710802956E-08  1.77635382592957E-08  1.59364613177487E-09
  2.29073088120853E-09 -5.09106796501017E-10 -7.71930609563566E-10  7.70518761218839E-09 -6.45810434754665E-10
  2.74615739589675E-09 -2.67617642678169E-10  3.86722455935718E-09  9.89155995514994E-10  2.43051717094198E-10
 -7.84345390903311E-11  5.25489299679258E-12 -4.70821916071674E-12  1.25401733139414E-12  3.23504801727690E-13
 -9.82229949705514E-12  6.98755923902474E-12 -5.12767299509134E-13 -6.33724844266150E-13 -1.53310252694532E-10
  1.40272737235767E-10 -6.29418789977617E-11  1.28978587526473E-10  3.12125229585396E-11 -2.77155016441813E-11
  6.99069523397770E-12  2.38852551513897E-12  1.75811811448356E-10 -1.67875684053389E-10  1.00323828900180E-10
 -2.11204885286056E-10
* ORBITAL    1   54
 -1.36030574004680E-12  1.58312390229072E-11 -1.17002198020991E-10  6.31749890718389E-10 -2.65940154250720E-09
  1.65683141080888E-08 -6.46251907327562E-08  1.25775158518386E-07 -1.49366435652439E-07  1.32141972595849E-07
 -9.14974715141870E-08  3.67943610898579E-08 -7.51832792960181E-09  5.40847806086428E-09  1.30481723599255E+00
 -1.30466509592270E+00  1.01238455991581E+00 -7.32448245534172E-01  4.79894744161633E-01 -2.87182779260994E-01
  1.66453124798697E-01 -7.22282901145530E-02  1.91763028131485E-02  1.33742980513923E-02 -1.33727385258995E-02
  1.03768805606063E-02 -7.50755023366085E-03  4.91889209983342E-03 -2.94360617540935E-03  1.70613448259537E-03
 -7.40335661132655E-04  1.96555980072861E-04  7.34722538183599E-02 -7.34636865008561E-02  5.70058181377457E-02
 -4.12430345137462E-02  2.70221351007770E-02 -1.61708209871027E-02  9.37271960563068E-03 -4.06706423745154E-03
  1.07978830436477E-03  1.05675847077562E-10 -2.07896388080890E-10  5.05122025193811E-11 -1.82286406736628E-11
  5.94946799614473E-12 -1.16733984065409E-11  3.11076704967307E-12 -9.76818985274832E-13  9.87905940195663E-11
 -9.05161926274299E-11  5.25821492125871E-11  1.56077234136063E-11 -1.98892698519394E-11  2.10050785784053E-11
  1.50588002746683E-11  1.75477731484033E-12 -1.74456369349366E-10  1.62423525008088E-10 -8.98680359249331E-11
 -2.62978228401375E-11
* ORBITAL    1   55
 -1.94387696518238E-12  3.67619076476564E-11 -2.05194156963096E-10  1.41151716355444E-09 -5.99138118760661E-09
  3.36412527454982E-08 -7.75242601045585E-08  1.20437447735665E-07 -1.35464098935367E-07  1.06701092868618E-07
 -5.93576998711050E-08  3.06480676434113E-08 -1.91129662928432E-08  8.04703725419436E-09 -6.10597064612332E-03
  6.10525857806420E-03 -4.73751454924803E-03  3.42753571247670E-03 -2.24569641194807E-03  1.34388909422552E-03
 -7.78927425829127E-04  3.37996594172565E-04 -8.97366110053346E-05  1.30062388096285E+00 -1.30047219445013E+00
  1.00913103046786E+00 -7.30094356219233E-01  4.78352498355528E-01 -2.86259850539630E-01  1.65918190451053E-01
 -7.19961643030072E-02  1.91146675788743E-02 -1.28317224670849E-01  1.28302259578325E-01 -9.95590616969491E-02
  7.20298027195162E-02 -4.71934015162370E-02  2.82418845751584E-02 -1.63691917429634E-02  7.10301269358633E-03
 -1.88581885367061E-03 -1.73276301054123E-10  1.60727705295097E-10 -8.92945680301826E-11 -2.63753835259112E-11
 -2.06647978682630E-11  3.25613571371787E-11  1.49753329115585E-11  5.01329335409434E-12 -6.11632433631004E-11
  1.19661284128026E-10 -3.21322503598448E-11  9.89360359482170E-12  1.70930209299657E-11 -1.58204635244820E-11
  8.68528710791931E-12  2.59497025679829E-12 -1.06316921421733E-10  2.08122405689290E-10 -5.08577406430365E-11
  1.80256052378434E-11
* ORBITAL    1   56
 -5.81826208937913E-13  7.97910457773065E-12 -5.41309581199728E-11  3.20172732930162E-10 -1.53288868684906E-09
  7.34447952749120E-09 -2.01048367720013E-08  3.40726331595418E-08 -3.69954484026228E-08  2.49847050721719E-08
 -9.57804036735118E-09  3.44266569126109E-09 -3.60053774160984E-09  2.13375870952684E-09 -7.44295713842960E-02
  7.44208912065561E-02 -5.77485874312166E-02  4.17804196250335E-02 -2.73742264351990E-02  1.63815215201966E-02
 -9.49484336048199E-03  4.12005604071962E-03 -1.09385668727083E-03  1.27764318942244E-01 -1.27749417808176E-01
  9.91300726290881E-02 -7.17194342738439E-02  4.69900504999099E-02 -2.81201933308586E-02  1.62986587204094E-02
 -7.07240647077733E-03  1.87769289746018E-03  1.29856135494919E+00 -1.29840990430490E+00  1.00753076101688E+00
 -7.28936580691394E-01  4.77593933870358E-01 -2.85805901299203E-01  1.65655078831010E-01 -7.18819913922105E-02
  1.90843530589442E-02 -2.30977936922172E-11  2.76406153023567E-11 -1.16746789584427E-11 -1.57953647831796E-12
  1.05952748275501E-10 -2.07366163775275E-10  5.31601343252727E-11 -1.75533896647698E-11 -2.34296710103342E-11
  3.09030716445299E-11  1.72326354093036E-11  3.88570428352530E-12 -1.71926626473881E-10  1.58811534733001E-10
 -9.00642005424385E-11 -2.66088551582825E-11 -6.34286290147212E-13  1.13847312407317E-11  7.07036389035927E-14
  3.27339479020604E-12
* ORBITAL    1   57
  9.89886768776492E-04 -7.65067964698169E-03  8.11503053178398E-02 -3.75702670453724E-01  2.88040457269609E+00
 -4.33826636517947E+00  3.84003348483277E+00 -2.88720859575909E+00  1.99753267443316E+00 -1.25298032421418E+00
  7.25673806956909E-01 -3.74665442007141E-01  1.56924489942946E-01 -3.87453679981545E-02 -1.29820752198683E-09
 -4.55966652286339E-09 -3.21442318995973E-09 -3.60352233854111E-11  8.10314335073953E-10  1.40132258223695E-09
  5.89857567938711E-10 -3.28636393265040E-11  3.52432763050631E-11  5.09574608631343E-10  1.70019817458609E-09
  1.03458464125195E-09 -9.93534409216031E-11 -7.26522756002927E-10 -1.56533825578626E-09 -7.62157552571975E-10
  2.57111314472695E-14 -6.60963540744640E-12  6.63614376896872E-11  2.37938390058473E-10  2.07135523731132E-10
  3.23814600581694E-11  1.10265891171419E-10  2.58532436079807E-10  1.28470081240900E-10  1.25764185161822E-12
 -2.39817069944174E-12  5.56849587471980E-13 -4.87181563630327E-13  1.27106834272205E-13  4.05449664852436E-14
 -1.03836338349633E-12  7.13813277442795E-13 -3.61309892669383E-14 -7.78690223533552E-14 -1.63007292024088E-11
  1.46783502841209E-11 -6.75831656544778E-12  1.43613666399906E-11  3.30541858751497E-12 -2.86870673436563E-12
  7.05833382694886E-13  2.93148013360738E-13  1.87333681551175E-11 -1.76776779972793E-11  1.09212629498129E-11
 -2.35659750793385E-11
* ORBITAL    1   58
 -2.41072085924014E-03  4.11711651200559E-02 -2.73336083135209E-01  2.43405037254881E+00 -3.32148464779428E+00
  2.76048042117676E+00 -2.04999839975040E+00  1.49891547759134E+00 -1.03938001933066E+00  6.64059255680897E-01
 -3.87280782457899E-01  1.99137386436444E-01 -8.46988084472095E-02  2.08110720901473E-02 -2.59009363287629E-11
 -1.47506030892132E-10 -1.00749421171865E-10  4.71583664843602E-11  2.24147379952817E-10  5.27358036647683E-10
  2.82612369420627E-10  4.06778334472986E-12  3.17573369281580E-12  1.61350110997690E-10  1.00832394033431E-09
  7.48579159700537E-10  5.86001071640686E-11  5.23563204156785E-11  1.36818284930969E-10  9.01820527024424E-11
  7.96477663371828E-13  9.52120598346468E-13  5.96675595557104E-12  3.76825674310974E-11  3.06861882989412E-11
  6.67581471290484E-12  2.23119847234130E-11  5.34560302567849E-11  2.93726574803299E-11  4.55972220820557E-13
  7.74312708331140E-14  2.37817629174634E-14 -2.27057014647226E-14  5.61361216179403E-15  1.19754332294278E-15
 -4.46069672157599E-14  3.26998120615788E-14 -2.25020005756027E-15 -2.95598846848247E-15 -6.87875550043305E-13
  6.47196674329053E-13 -2.78390255027813E-13  6.08994948641715E-13  1.41452200957828E-13 -1.28814157868577E-13
  2.93726060085813E-14  1.29299721527341E-14  7.83906095165250E-13 -7.68854036198395E-13  4.50575549328542E-13
 -1.00019605697033E-12
* ORBITAL    1   59
  1.42998767414464E-02 -1.67682930107199E-01  1.99486415801397E+00 -2.44574109983431E+00  1.90035298882452E+00
 -1.37202930179229E+00  1.00860276051553E+00 -7.46658988853604E-01  5.23315463166518E-01 -3.36273962074423E-01
  1.96799593047417E-01 -1.01446679620025E-01  4.31429471418276E-02 -1.06101807348953E-02 -2.33380958063750E-11
 -1.66276754130254E-10 -1.25845868524264E-10 -4.69176731885454E-12  1.71007350274728E-11  3.93603246533267E-11
  2.01298886421525E-11  6.39784645881488E-13  8.99204557806973E-14  2.83887578412429E-11  2.00362232765201E-10
  1.54451707610480E-10  1.07493812773969E-11  6.68160765418289E-12  1.59090283461618E-11  1.13097073416796E-11
 -2.00817322169477E-13  1.83077767922838E-13 -6.83738231950331E-13 -4.82633309571258E-12 -3.55891939229457E-12
  3.01944427058295E-13  2.26639675159891E-12  5.51407940934849E-12  2.97335768432704E-12  7.28996523223929E-14
  1.46596012568869E-14  2.09595648977693E-16  2.89839503527053E-16 -4.19195323666928E-16  1.55572636734935E-16
 -1.08977407866876E-15 -6.38590492748776E-16  5.03166002789773E-16 -1.66835141859844E-19 -1.01049126412450E-14
  6.24383977840765E-15 -4.90766005820897E-15  9.49617278356911E-15  1.13880936837500E-15 -8.25650759837601E-16
  2.13766380271674E-16  6.17294082095371E-16  1.21347060661512E-14 -7.65113404126968E-15  7.14335464020592E-15
 -1.56347173932115E-14
* ORBITAL    1   60
 -7.52245443099047E-02  1.59432612735447E+00 -1.67592671056238E+00  1.20582579275450E+00 -8.47539882832033E-01
  6.14616792056497E-01 -4.58281330588213E-01  3.42391037604166E-01 -2.41156691561416E-01  1.55372388015497E-01
 -9.10489405229297E-02  4.69647129982216E-02 -1.99798867059916E-02  4.91435880001429E-03 -1.72478008277177E-12
 -1.24003465956644E-11 -9.18829852246640E-12  1.44241366536358E-12  8.56753261439423E-12  2.08591493993810E-11
  1.13752362125184E-11  2.60620221018527E-13  6.90088213613623E-14  7.49106517796943E-12  5.44082636578713E-11
  4.27051842194916E-11  3.54126444377772E-12  5.01971285688121E-12  1.18062794420287E-11  7.25950360543323E-12
  1.77107146224888E-14  8.01433299565255E-14  3.40291869856478E-13  2.46966089627052E-12  2.01214658569023E-12
  4.07213969401338E-13  1.33710733986315E-12  3.20595208090555E-12  1.81032389175952E-12  3.09490363256719E-14
  1.33352864371205E-14 -8.17136632026836E-16  3.30595620041003E-16  3.72385822291646E-16  1.61930005814957E-17
  3.26997584550028E-16 -1.48142526433907E-15  3.23188160741318E-16  2.97041402073047E-16 -1.53530971579713E-15
  2.23908911478029E-15 -4.62336468307488E-16  1.38970616703367E-16 -9.54265533901406E-17  5.45753955813826E-16
 -6.57573459779461E-16  4.55801324062573E-16 -1.89109801080333E-16 -7.63026479889965E-16  3.98852285493748E-16
 -4.55598836993710E-16
* ORBITAL    1   61
  1.25985123132755E+00 -9.86122843847406E-01  6.37198345749914E-01 -4.34655258629721E-01  3.10445549922372E-01
 -2.28331186552722E-01  1.71535234818784E-01 -1.28621481577268E-01  9.07482833747646E-02 -5.85172027784900E-02
  3.43054877896310E-02 -1.76990648198530E-02  7.53026884590020E-03 -1.85227179535399E-03 -4.42937327664515E-13
 -3.26733905372402E-12 -2.45813246630435E-12  1.30210443263292E-13  1.27312581657272E-12  3.06519965033231E-12
  1.66669176675699E-12  3.75676583903533E-14  9.98427399169138E-15  9.30249213971390E-13  6.80880477667670E-12
  5.35337369614031E-12  4.28694145278580E-13  5.59697255017548E-13  1.31316583920329E-12  8.14510095378793E-13
  1.45785242890030E-15  8.65415214305670E-15  2.60290914288784E-13  1.89912238679124E-12  1.52168091731402E-12
  2.21381564577388E-13  5.98253038718308E-13  1.44008133114821E-12  8.20399828998602E-13  1.34666401114547E-14
  6.00962257407082E-15 -7.80613607115449E-16  8.62888262868405E-17  4.44766256530254E-16  2.48104991302564E-16
 -1.41999446868273E-16 -2.68589332179873E-16 -9.22559161342326E-16  2.47637039094198E-16 -2.98985474885155E-16
  2.83387575321759E-16  1.02201627326633E-16 -3.21400248928483E-16  6.43322267542672E-16 -1.07170609516773E-15
  6.06656542202939E-16 -1.01191543797427E-15 -1.08636820866366E-15  1.18280167969850E-15 -4.02509931893255E-16
 -6.78439235501982E-16
#OCC
* OCCUPATION NUMBERS
  0.00000000000000E+00  0.00000000000000E+00  0.00000000000000E+00  0.00000000000000E+00  0.00000000000000E+00
  0.00000000000000E+00  0.00000000000000E+00  0.00000000000000E+00  0.00000000000000E+00  0.00000000000000E+00
  0.00000000000000E+00  0.00000000000000E+00  0.00000000000000E+00  0.00000000000000E+00  0.00000000000000E+00
  0.00000000000000E+00  0.00000000000000E+00  0.00000000000000E+00  0.00000000000000E+00  0.00000000000000E+00
  0.00000000000000E+00  0.00000000000000E+00  0.00000000000000E+00  0.00000000000000E+00  0.00000000000000E+00
  0.00000000000000E+00  0.00000000000000E+00  0.00000000000000E+00  0.00000000000000E+00  0.00000000000000E+00
  0.00000000000000E+00  0.00000000000000E+00  0.00000000000000E+00  0.00000000000000E+00  0.00000000000000E+00
  0.00000000000000E+00  0.00000000000000E+00  0.00000000000000E+00  0.00000000000000E+00  0.00000000000000E+00
  0.00000000000000E+00  0.00000000000000E+00  0.00000000000000E+00  0.00000000000000E+00  0.00000000000000E+00
  0.00000000000000E+00  0.00000000000000E+00  0.00000000000000E+00  0.00000000000000E+00  0.00000000000000E+00
  0.00000000000000E+00  0.00000000000000E+00  0.00000000000000E+00  0.00000000000000E+00  0.00000000000000E+00
  0.00000000000000E+00  0.00000000000000E+00  0.00000000000000E+00  0.00000000000000E+00  0.00000000000000E+00
  0.00000000000000E+00
#OCHR
* OCCUPATION NUMBERS (HUMAN-READABLE)
  0.0000  0.0000  0.0000  0.0000  0.0000  0.0000  0.0000  0.0000  0.0000  0.0000
  0.0000  0.0000  0.0000  0.0000  0.0000  0.0000  0.0000  0.0000  0.0000  0.0000
  0.0000  0.0000  0.0000  0.0000  0.0000  0.0000  0.0000  0.0000  0.0000  0.0000
  0.0000  0.0000  0.0000  0.0000  0.0000  0.0000  0.0000  0.0000  0.0000  0.0000
  0.0000  0.0000  0.0000  0.0000  0.0000  0.0000  0.0000  0.0000  0.0000  0.0000
  0.0000  0.0000  0.0000  0.0000  0.0000  0.0000  0.0000  0.0000  0.0000  0.0000
  0.0000
#ONE
* ONE ELECTRON ENERGIES
  0.0000E+00  0.0000E+00  0.0000E+00  0.0000E+00  0.0000E+00  0.0000E+00  0.0000E+00  0.0000E+00  0.0000E+00  0.0000E+00
  0.0000E+00  0.0000E+00  0.0000E+00  0.0000E+00  0.0000E+00  0.0000E+00  0.0000E+00  0.0000E+00  0.0000E+00  0.0000E+00
  0.0000E+00  0.0000E+00  0.0000E+00  0.0000E+00  0.0000E+00  0.0000E+00  0.0000E+00  0.0000E+00  0.0000E+00  0.0000E+00
  0.0000E+00  0.0000E+00  0.0000E+00  0.0000E+00  0.0000E+00  0.0000E+00  0.0000E+00  0.0000E+00  0.0000E+00  0.0000E+00
  0.0000E+00  0.0000E+00  0.0000E+00  0.0000E+00  0.0000E+00  0.0000E+00  0.0000E+00  0.0000E+00  0.0000E+00  0.0000E+00
  0.0000E+00  0.0000E+00  0.0000E+00  0.0000E+00  0.0000E+00  0.0000E+00  0.0000E+00  0.0000E+00  0.0000E+00  0.0000E+00
  0.0000E+00
#INDEX
* 1234567890
0 222222222s
1 ssssssssss
2 ssssssssss
3 ssssssssss
4 ssssssssss
5 ssssssssss
6 s
