#INPORB 2.2
#INFO
* RASSCF natural orbitals for root number  1 E=      -14.653837231259
       0       1       0
      61
      61
*BC:HOST dzemail-jasarevic-compchemp-comp PID 257630 DATE Fri Feb 13 17:18:26 2026
#ORB
* ORBITAL    1    1
  5.28960144950058E-05  4.14838843104588E-04  2.20890344908288E-03  9.48954687931057E-03  3.45804761695241E-02
  1.05388321789462E-01  2.44592888000539E-01  3.85920718641526E-01  3.13942279537251E-01  6.67766603121218E-02
 -4.71232033685502E-03 -5.89051057145194E-03 -2.94176492165894E-03  9.68395427486756E-05  1.52035618886634E-12
 -6.00676145949551E-11  6.23619725468076E-10  8.69505866027185E-10 -3.85685352588938E-11 -6.75718060733219E-11
 -5.31853393951360E-10 -4.49409980532280E-11 -6.13654328280612E-12 -7.34318379455737E-12  3.42551178582471E-11
 -2.29140713562594E-10 -2.94244864698527E-10  4.36189781580929E-11 -3.24147707063629E-11  2.49126121491602E-10
 -4.55963711637426E-11  1.43258130391560E-11  2.69039827659547E-14 -2.29745486934552E-11  1.82410583960028E-11
  9.77373822693405E-12  3.35468662291975E-12  2.33427085403712E-11 -1.91919783607963E-11  9.70783419380504E-12
 -1.60253110500279E-12 -3.93876660177391E-12  7.51777089284372E-13 -1.75972177044847E-12  3.38044891673149E-13
  6.37604690233455E-12 -1.23748673129752E-12  2.96816931602832E-12 -4.92349185577175E-13  1.19164080043236E-10
 -2.78547438312908E-11  4.41513655461220E-11  1.31165436359812E-11 -2.33502330182876E-11  4.31638746804664E-12
 -1.02103372874234E-11  1.89530282908622E-12 -1.39120871393675E-10  4.02734154892868E-11 -4.48503460108556E-11
 -2.29350763729447E-11
* ORBITAL    1    2
 -9.29732909197806E-06 -7.29446864843322E-05 -3.88850224870262E-04 -1.67790572894087E-03 -6.18976999033357E-03
 -1.94913965410973E-02 -4.86248415287064E-02 -9.25716897073947E-02 -1.30227084594889E-01 -6.27263945829684E-02
  2.86395034579412E-01  6.24272118350479E-01  2.35423656773180E-01 -1.78861060768226E-03  6.68927375924024E-11
  4.16870729457913E-10 -2.71781336942235E-09 -7.75057444046881E-09 -2.59590090773623E-08 -1.04357484623669E-08
  3.37392180372170E-08  7.10781846603939E-09 -1.97242072617201E-10 -5.73775949618544E-11 -2.35277243080871E-10
  8.89672834194164E-10  3.81546645959976E-09  5.03829470016545E-09  3.58172858885033E-09 -1.17061314907416E-08
 -1.48075544948157E-09  4.15358020963402E-10  1.61072854305132E-11  5.55353289662346E-11 -4.75014941823571E-11
 -5.75845385964032E-10 -1.97643274470673E-11 -3.94490661791509E-11  7.35677793324906E-10  2.67449051574586E-10
 -1.23241768523802E-10 -1.01950990485173E-11 -2.55365005709768E-11  3.07732945046221E-11  1.61243772926587E-11
  1.43631635624700E-11  5.25590304472062E-11 -6.67994299269499E-11 -3.44230758302958E-11  2.58400273902667E-10
  6.62178435517028E-10 -5.94168717759266E-10 -2.26059596868047E-09 -6.17899365806467E-11 -1.55546155910509E-10
  1.89912355457662E-10  9.52930948615668E-11 -2.27736589274116E-10 -4.46477077030464E-10  1.52370336584153E-10
  3.23461183373096E-09
* ORBITAL    1    3
  5.62657168812854E-12 -8.18722630196623E-11  7.65177001276430E-10 -3.29595799049434E-09  1.83135191707691E-08
 -6.77945234633602E-08  2.97883294442054E-07 -5.72417445473008E-07  6.55594802572410E-07 -5.01361184884972E-07
  2.27965519204660E-07 -6.93709161865454E-08  5.51771281936175E-08 -4.01399448017985E-08  2.89005388572119E-03
  2.12151967829287E-02  1.64708988007433E-02  6.01609693038876E-04 -1.55181648011345E-03 -3.85464130401620E-03
 -1.86354565200195E-03 -8.68644760996977E-05 -4.48745924152596E-07  5.90947172658768E-03  4.33801790735265E-02
  3.36790578465646E-02  1.23028265292265E-03 -3.17320277628937E-03 -7.88179787158354E-03 -3.81053232578656E-03
 -1.77635927500441E-04 -8.78074661436333E-07  7.90985056664730E-02  5.80645327360736E-01  4.50795480407609E-01
  1.64673488177905E-02 -4.24734170040898E-02 -1.05498176068224E-01 -5.10041102785146E-02 -2.37766614062382E-03
 -1.17543865887682E-05  1.49557329744628E-10 -6.81529060531375E-11  7.90297076794526E-11  5.06192489809196E-11
 -1.80886071268989E-09  3.60523703500337E-09 -8.67863571484416E-10  2.93667788396095E-10  2.11140732602631E-10
 -3.34322419123645E-10 -4.20972803868265E-10 -9.15753239291926E-11  2.89949053099402E-09 -2.69132651497997E-09
  1.45691587461717E-09  5.28575923509082E-10  2.41822468268886E-10 -3.68717132474043E-10  1.16283220832080E-10
 -2.99549026701472E-12
* ORBITAL    1    4
  9.72564678478466E-12 -4.28169373439646E-10  1.65832967013843E-09 -1.42753535870298E-08  4.99268053656333E-08
 -2.68883593577783E-07  7.97987967706243E-07 -1.49470655865036E-06  1.86320538479889E-06 -1.54088853319055E-06
  8.46056394442046E-07 -4.33223497304349E-07  2.97477297323477E-07 -1.34281945006768E-07  2.27267535186704E-04
  1.66831608891183E-03  1.29523568178809E-03  4.73086278687166E-05 -1.22030962321179E-04 -3.03120710805645E-04
 -1.46545065222282E-04 -6.83072799309678E-06 -3.54768183578896E-08  7.91500637670304E-02  5.81023659478756E-01
  4.51089343439005E-01  1.64779551643928E-02 -4.25009987754281E-02 -1.05566964566728E-01 -5.10373402402491E-02
 -2.37918880846377E-03 -1.18063501601239E-05 -5.92162790401517E-03 -4.34693990380318E-02 -3.37483398530453E-02
 -1.23279895906459E-03  3.17971880201475E-03  7.89801441821314E-03  3.81836798739349E-03  1.77999650588738E-04
  8.83455384450678E-07  2.88992735829545E-09 -2.67523496947371E-09  1.46883941158917E-09  5.31815999439264E-10
  3.04097013443256E-10 -4.74581012024743E-10 -3.06625793962245E-10 -8.08624907982120E-11  1.03303869126826E-09
 -2.06958310940968E-09  5.15053499093226E-10 -1.68015074361592E-10 -2.16108236625467E-10  2.00405473575826E-10
 -1.11027105952801E-10 -3.98749996873234E-11  1.83110262574544E-09 -3.63053256210529E-09  8.45100057304878E-10
 -2.96756811823438E-10
* ORBITAL    1    5
  5.07889026587665E-11 -1.81270679722324E-10  3.41941480958331E-09 -9.45147261009832E-09  7.83386705267895E-08
 -1.81997828363745E-07  9.29455277033084E-07 -1.75443045372957E-06  2.05777314594911E-06 -2.01460277834481E-06
  1.43376626598188E-06 -5.28642771561988E-07  9.20274573975054E-08 -8.24950126149334E-08  7.93186980592700E-02
  5.82261018552596E-01  4.52050299011041E-01  1.65126343830409E-02 -4.25911834244950E-02 -1.05791959405118E-01
 -5.11459626282753E-02 -2.38422691476119E-03 -1.19622455598871E-05 -4.42100147278823E-04 -3.24537124889646E-03
 -2.51960087289455E-03 -9.20470057139646E-05  2.37399501316178E-04  5.89652737490247E-04  2.85075165753233E-04
  1.32904401063824E-05  6.36819646239627E-08 -2.86505478310488E-03 -2.10318083384934E-02 -1.63284145197868E-02
 -5.96514115125527E-04  1.53847963755173E-03  3.82127784480678E-03  1.84744515769886E-03  8.61293882557620E-05
  4.12865173380495E-07 -1.84251497910925E-09  3.64540775717013E-09 -8.50618908816105E-10  2.95871296489184E-10
  6.49997337584119E-11 -1.30048662737590E-10  3.23251576554031E-11 -1.04760142039149E-11 -1.68819421683444E-09
  1.57417022109599E-09 -8.38492674661586E-10 -3.03141919793725E-10  6.32685352805088E-11 -1.06529855347578E-10
 -4.23437982211270E-10 -7.77669194519710E-11  2.89156278312751E-09 -2.67133110812719E-09  1.46971327948909E-09
  5.32609828120129E-10
* ORBITAL    1    6
  8.42958891294545E-05  6.88068631285128E-04  3.50963881116101E-03  1.68624354946501E-02  6.78465667612216E-02
  3.38472871512780E-01  7.41253082814364E-01 -1.84331199806392E-01 -7.95212966551963E-01 -1.84521124383572E-01
  7.85889593706134E-02  1.93470566035807E-01  7.11266204073625E-02 -2.19043192535377E-04 -9.50419973465644E-09
 -6.72993611954730E-08 -6.06293314296088E-08 -1.27156745326919E-08 -6.12413824017448E-08 -1.01313104699902E-07
 -4.70263698976231E-08  3.68594584630353E-09 -3.06834821648254E-09 -1.13627255024083E-09 -7.22931928620501E-09
  1.00449575680251E-08  4.84603512485259E-09  2.61990728420234E-08  4.60749925241222E-08  1.94165684440591E-08
 -1.26009559932084E-09  3.54609411493496E-10 -1.20791397066678E-09 -8.76407034204721E-09 -8.44310789392190E-09
  8.18455226540578E-10  5.97401911500364E-09  1.44938914653801E-08  9.39041680466503E-09  2.56143674906893E-10
  3.31564470744554E-10 -4.30859550637825E-11  3.83053567563742E-11 -9.66395941280265E-12 -3.35233147695372E-12
  8.03235093996007E-11 -5.58574438054931E-11  2.09515206918176E-12  6.40473276460182E-12  1.25799307036619E-09
 -1.14742825876508E-09  5.19921096657748E-10 -1.13566695007032E-09 -2.55886050831012E-10  2.25310604781375E-10
 -5.33648000151926E-11 -2.40618371654968E-11 -1.44322429906102E-09  1.37892202345515E-09 -8.46123698399184E-10
  1.86537242514443E-09
* ORBITAL    1    7
 -1.36149987053095E-12 -7.70250530703538E-11  3.00530897130518E-10 -2.62269147515519E-09  8.03771661673233E-09
 -5.37149183500013E-08  1.65247131878932E-07 -3.75200947441810E-07  4.08938074358903E-07 -2.35779953528131E-07
  1.33778304553477E-07 -2.77036118712698E-08 -9.42919425990412E-09 -4.21936337676071E-08 -5.89555704887729E-05
 -3.73976638993963E-04 -1.06559484048873E-03 -2.57725240226414E-03 -1.15238461470644E-02 -2.77417379590119E-02
 -1.54087730717183E-02 -3.02710056964310E-04 -1.05384500185305E-04  9.14069524827352E-05  5.79812790360393E-04
  1.65213793038597E-03  3.99579183495771E-03  1.78667934024287E-02  4.30112952586058E-02  2.38900531983816E-02
  4.69325320910391E-04  1.63383516796373E-04  1.14199668357916E-03  7.24390131097859E-03  2.06410552357182E-02
  4.99215257087896E-02  2.23219342557889E-01  5.37362927059861E-01  2.98471111615292E-01  5.86352934515552E-03
  2.04123673879598E-03  5.14069757221196E-11  1.02462470636690E-09 -1.97947956141357E-10  5.66719658949226E-11
 -8.73394881648730E-10  2.34075372842786E-10 -4.90307078273498E-09 -4.30868058992165E-10  2.67815811463919E-10
 -6.94255077130307E-10  2.20835049212212E-09  5.10554531464721E-10  5.87834014340287E-11  1.30466833300454E-08
 -5.82645915628870E-09  3.86829768942728E-10  6.76503451901033E-11 -6.95725185590945E-10  7.00848169261224E-10
  1.61274856281648E-11
* ORBITAL    1    8
  1.18264850378833E-11 -3.19550872936652E-10  1.50097552429343E-09 -1.10353807191528E-08  4.32090098018502E-08
 -2.10141184591441E-07  6.13713582678770E-07 -1.34226252478278E-06  1.71046381343080E-06 -1.41531767174929E-06
  9.18855851735916E-07 -3.11689555372073E-07  1.69124265589841E-08 -7.62550969508542E-08 -6.24725932252290E-06
 -3.96280713052454E-05 -1.12916343117881E-04 -2.73097044378654E-04 -1.22112262813998E-03 -2.93964778675760E-03
 -1.63278802898010E-03 -3.20766321798829E-05 -1.11669825884622E-05  1.14347276868044E-03  7.25316580588901E-03
  2.06677329034431E-02  4.99855407308209E-02  2.23506452788962E-01  5.38053874905115E-01  2.98854973459042E-01
  5.87107341645860E-03  2.04384815532486E-03 -9.18478120221827E-05 -5.82598866049661E-04 -1.66010600454817E-03
 -4.01501074364489E-03 -1.79528176151175E-02 -4.32183602290001E-02 -2.40050722438120E-02 -4.71585002107846E-04
 -1.64168955147502E-04  7.37485622839585E-11  1.30139383212835E-08 -5.71023006465822E-09  4.11430086950046E-10
  2.66364156749443E-10 -9.50456411616575E-10  2.26731044153207E-09  4.51142716252659E-10  4.96021652637333E-10
 -5.11800843626170E-11  2.72958512500933E-09  2.30804624841176E-10 -6.60423333179997E-12 -1.04041964631586E-09
  4.50425174811347E-10 -3.51819518938670E-11  8.89816717663901E-10 -3.79582177491745E-10  5.08977240732294E-09
  4.62048269371965E-10
* ORBITAL    1    9
  2.48735503945288E-11 -3.07231194344170E-10  2.38170459617654E-09 -1.19087830739206E-08  5.82846054550538E-08
 -2.37716499082992E-07  7.52185255143619E-07 -1.34433372356360E-06  2.14078686012754E-06 -1.88572582704168E-06
  3.15175042268195E-07 -3.69038503457951E-07  8.31602562854713E-07 -1.09861838751518E-07  1.14566366415921E-03
  7.26674319639826E-03  2.07073436055809E-02  5.00797009409652E-02  2.23930243365409E-01  5.39073287473287E-01
  2.99421433988539E-01  5.88224180600586E-03  2.04774331630061E-03  1.09399138875071E-05  6.93880782850249E-05
  1.97733728032011E-04  4.78199958427295E-04  2.13827672656189E-03  5.14752713657730E-03  2.85913018455759E-03
  5.61683711428012E-05  1.95527900784186E-05  5.82709051354834E-05  3.69591219240052E-04  1.05321894016238E-03
  2.54710386430562E-03  1.13894120048237E-02  2.74180148466536E-02  1.52289970416031E-02  2.99177682870429E-04
  1.04146776649535E-04 -8.91335004680459E-10  4.34001920721575E-10 -5.12334420392820E-09 -4.61124716707191E-10
 -4.34981921736000E-11  6.89356200121307E-12 -2.39602457384340E-10 -1.95242745506991E-11 -2.34480092826676E-11
 -7.58492329768766E-09  3.45646297318948E-09 -2.09975610232862E-10  1.98763036085864E-10 -2.64238238229524E-10
  1.57151225344600E-09  4.35024957934901E-10  7.75153084263327E-11  1.30372400113314E-08 -5.70033763883132E-09
  4.14607587544381E-10
* ORBITAL    1   10
  2.25729163143678E-14  2.88824629061184E-13  6.54303779553516E-13  7.91980985535570E-12  6.34700825695372E-12
  1.29735069499949E-10  1.62167755904551E-12  1.07427873386401E-09 -1.29753632380781E-09 -1.64828002015264E-09
  1.13252305493907E-09  5.24505804936941E-09 -3.01529549978533E-09 -4.63220973563845E-09  7.22435659382398E-06
  1.70847686615076E-05  3.26825963599223E-04 -3.68174532099330E-04  1.40490451867942E-03 -6.40335950489986E-03
  1.02924946928647E-02 -3.53428457656405E-02  7.18128001737158E-02 -1.09910418234275E-05 -2.59927950011046E-05
 -4.97228236341385E-04  5.60131634600946E-04 -2.13739811757926E-03  9.74194972675008E-03 -1.56588092661438E-02
  5.37699470539864E-02 -1.09254660576024E-01 -1.35671933072209E-04 -3.20851588031601E-04 -6.13771795545550E-03
  6.91418837544533E-03 -2.63837519476664E-02  1.20253301527676E-01 -1.93290210876057E-01  6.63728908550034E-01
 -1.34862465889946E+00 -7.80810739790095E-12  4.15740495264380E-11 -6.75060649142483E-11  1.88531405694153E-10
  2.95429277218324E-11 -1.55370636124317E-10  2.18722347188826E-10 -1.10567341404249E-09 -6.77526830582805E-12
  3.46527687978840E-11 -5.15707130798863E-11  4.93132736058863E-10 -7.66817776148566E-11  4.09711496582746E-10
 -6.87741499120253E-10  1.56441076046875E-09  1.68125674842575E-12 -9.17749260889455E-12  1.88656669219407E-11
  7.59361663195706E-12
* ORBITAL    1   11
 -3.10146319295211E-14  2.97517820000759E-13 -2.57653246100868E-12  1.26359980924214E-11 -6.22867310001021E-11
  2.88186484693540E-10 -8.81396177857026E-10  2.87702099560414E-09 -6.35821032230695E-09  3.10427375883655E-09
 -5.38589752405426E-09  3.24186985333817E-08 -3.24485127850562E-08 -7.79248524723097E-10  6.14967391177948E-07
  1.45432848638181E-06  2.78207882039728E-05 -3.13405302183849E-05  1.19591302591333E-04 -5.45080506170615E-04
  8.76139753098315E-04 -3.00852952958588E-03  6.11300341341361E-03 -1.35859248254416E-04 -3.21297064211812E-04
 -6.14618742690713E-03  6.92369518825540E-03 -2.64201265313304E-02  1.20418988469779E-01 -1.93556530742876E-01
  6.64643486142352E-01 -1.35048288163396E+00  1.10389639017354E-05  2.61063312382616E-05  4.99395821990322E-04
 -5.62570629187178E-04  2.14671305734364E-03 -9.78439730794151E-03  1.57270379386884E-02 -5.40042397389265E-02
  1.09730709575953E-01 -7.70610788455932E-11  4.11666433502537E-10 -6.90615184259464E-10  1.58983889028046E-09
 -5.04129513231251E-12  2.54962110638098E-11 -3.53274422482100E-11  4.31757811688711E-10 -1.71594250435967E-11
  9.02988699598242E-11 -1.27441226484140E-10  6.27355318946885E-10  6.26081662952988E-12 -3.34508583809053E-11
  5.60996148146873E-11 -1.30334436494985E-10 -2.94506420718540E-11  1.54757540063868E-10 -2.17312599777843E-10
  1.12750941047744E-09
* ORBITAL    1   12
 -4.61797520801958E-13 -1.78595656787536E-12 -2.37586320353144E-11 -2.44685651835638E-11 -4.71302660749541E-10
 -2.20090756275250E-10 -7.01999417957777E-09  2.61013047433029E-09 -1.26057462271021E-08  8.97422030662076E-08
 -1.07011734260001E-07  1.65836511396435E-07 -6.87786358198400E-07  8.46399710933976E-07 -1.36116616507903E-04
 -3.21913765765015E-04 -6.15781653804478E-03  6.93668884431114E-03 -2.64700068952154E-02  1.20646047257231E-01
 -1.93921464283925E-01  6.65896927296074E-01 -1.35302924836478E+00 -1.19718823798013E-06 -2.83137072436441E-06
 -5.41598461316369E-05  6.10097052408895E-05 -2.32811185992946E-04  1.06111407768877E-03 -1.70559123358582E-03
  5.85674226689458E-03 -1.19002553483550E-02 -7.15110106609681E-06 -1.69124027588025E-05 -3.23510274646065E-04
  3.64427203748023E-04 -1.39064024294382E-03  6.33830655951823E-03 -1.01879336176154E-02  3.49838212023969E-02
 -7.10832762772129E-02  2.91738107576601E-11 -1.53290874146869E-10  2.14754546659667E-10 -1.12287030187760E-09
  1.54653788775652E-12 -8.12909086826924E-12  1.14645768748132E-11 -5.66777304870772E-11  4.41899250505980E-11
 -2.36151414939984E-10  3.96748036269971E-10 -8.90455347029408E-10 -6.67284791928448E-12  3.44147792864993E-11
 -5.37634041429637E-11  4.23483531254661E-10 -7.73405165641091E-11  4.13130795297373E-10 -6.92908267226229E-10
  1.59803849524780E-09
* ORBITAL    1   13
  6.42495694620711E-07  1.59402464522848E-06  3.50163027656256E-05  5.26228017826515E-06  7.13138371855531E-04
 -1.32300343778146E-04  1.04748483791525E-02 -7.81512947963328E-03  3.46867138508937E-02 -1.78000502047188E-01
  2.81409622830918E-01 -6.51629990916564E-01  1.84175162772493E+00 -1.93749957069701E+00 -6.47878126960943E-10
 -5.44750682912214E-09 -2.36663481351866E-08 -2.43531858604190E-08 -4.45869856736425E-08  1.03864408438921E-07
 -1.08266767611407E-07  6.50977587435958E-07 -7.80241596405407E-07 -5.39997769232094E-10 -4.96094616525560E-09
 -1.75565488165728E-08 -3.01017938342510E-08 -3.26639889847819E-08 -2.26134088792174E-08  2.07541026419005E-10
  7.02396965708130E-09 -7.71336752323263E-10 -1.92882496437110E-10 -1.71545238108521E-09 -6.30302196209651E-09
 -1.03803344695429E-08 -1.28888923433405E-08 -4.98816210908388E-09 -8.57948223962718E-09  2.74959527224501E-08
 -3.49086672545823E-08 -1.30560323030169E-12  1.29260364710288E-12 -6.24534929794501E-13  4.88870428076375E-12
  2.32170823519753E-12 -1.58498142284851E-12  4.91344710293001E-13 -1.43753955506015E-11  4.99619335117225E-11
 -1.15535904517970E-10  3.10835483190484E-10 -1.30415217676221E-09 -7.73379652158222E-12  7.40445033157037E-12
 -2.95583599435238E-12  2.75974740524996E-11 -6.09658672499083E-11  1.65481132729832E-10 -4.85438411692171E-10
  1.89597991395441E-09
* ORBITAL    1   14
  1.33520064723883E-14  6.30585941079894E-13 -6.99375300391367E-13  2.01130319103637E-11 -3.24453728963824E-11
  3.72339695775535E-10 -7.11384200777689E-10  3.69014847771106E-09 -5.01991609878939E-09 -3.01554392962050E-09
  5.55919799375161E-09  8.64549852911033E-09 -5.49917934941970E-09 -9.71402072508285E-09  3.35589439010843E-08
  3.45599032054395E-05  4.17423929713003E-06  3.38443917571321E-04 -9.72868028470739E-04  1.95303287051013E-03
 -9.27111252767079E-03  1.48163289815263E-02 -5.85379476921917E-03 -3.26407471007397E-07 -3.36323984492771E-04
 -4.06159970085907E-05 -3.29361803036943E-03  9.46767782506007E-03 -1.90063337736457E-02  9.02237628275495E-02
 -1.44188111863002E-01  5.69672841172981E-02 -5.80039952205097E-06 -5.97664097212697E-03 -7.21765299864436E-04
 -5.85291971548349E-02  1.68245259269956E-01 -3.37751828863945E-01  1.60332032090194E+00 -2.56229314126768E+00
  1.01233643284780E+00 -2.13490392637689E-11  1.19649788542553E-10 -2.44948648457790E-10  8.68318024590086E-10
  1.82978531884970E-10 -1.06249509809589E-09  2.16515473403127E-09 -1.20909812658943E-08 -4.54067320867236E-11
  2.67070278574646E-10 -6.73700967165590E-10  4.77789141392535E-09 -3.60267336319564E-10  2.01491914856062E-09
 -4.12503771929621E-09  1.41456181207999E-08 -8.32412778937962E-12  4.88210926273100E-11 -9.96132600372043E-11
  6.11444116194888E-10
* ORBITAL    1   15
 -5.93480946461128E-14  2.42791762387851E-12 -9.25010987357452E-12  8.64862821751242E-11 -2.56850007947309E-10
  1.72348355135438E-09 -3.82019157438596E-09  1.69378756392226E-08 -3.66586774629156E-08  3.04968751420133E-08
 -8.77701363357931E-08  2.92199514177894E-07 -3.13171318655963E-07  8.30091543346647E-08 -6.47601181516193E-09
 -6.67493472998692E-06 -8.06019446509646E-07 -6.53676859028419E-05  1.87903720988815E-04 -3.77215704574224E-04
  1.79065771199465E-03 -2.86167878008328E-03  1.13061898140720E-03 -5.80042711747236E-06 -5.97673802018474E-03
 -7.21774691866376E-04 -5.85301510882301E-02  1.68248024160651E-01 -3.37757369423494E-01  1.60334663958392E+00
 -2.56233516085726E+00  1.01235299034903E+00  3.26369359719546E-07  3.36290797835420E-04  4.06117781840925E-05
  3.29329334365873E-03 -9.46674702936654E-03  1.90044640516725E-02 -9.02148896768712E-02  1.44173927847842E-01
 -5.69616756329353E-02 -3.60261485034957E-10  2.01492691428969E-09 -4.12570070286341E-09  1.41545399016145E-08
 -4.34849338545598E-11  2.55715219553186E-10 -6.33269321671108E-10  4.44381505476582E-09 -1.04333808976398E-10
  6.05758131383600E-10 -1.23079731906376E-09  6.84922980443137E-09  2.02472452860030E-11 -1.13253897178361E-10
  2.31721499176928E-10 -7.93533931062216E-10 -1.85250690944090E-10  1.07573965074605E-09 -2.19846523756440E-09
  1.23179503464716E-08
* ORBITAL    1   16
  3.87890978352186E-13  4.77375668848126E-12  1.24605684158114E-11  1.28528752718842E-10  1.84384597791471E-10
  2.04322711658549E-09  4.13035622492137E-09  1.71682181725973E-08 -5.71358665667337E-08  6.62458108548846E-08
 -3.70997252292489E-07  1.25448504522599E-06 -1.59744365739482E-06  7.59817576759034E-07  5.80951486128668E-06
  5.98609109801643E-03  7.22903549863976E-04  5.86217418653006E-02 -1.68511347327861E-01  3.38285967768411E-01
 -1.60585602427985E+00  2.56634521969206E+00 -1.01393711913825E+00 -4.58661314110912E-09 -4.72288560410563E-06
 -5.70461878084946E-07 -4.62510284382521E-05  1.32949844333771E-04 -2.66896975817492E-04  1.26696857054418E-03
 -2.02476537023003E-03  7.99966668253448E-04  3.38330184226577E-08  3.48797266449561E-05  4.21158748045049E-06
  3.41577824649023E-04 -9.81890557817015E-04  1.97113878043558E-03 -9.35707484377909E-03  1.49536886250872E-02
 -5.90804048430912E-03 -1.85409217427287E-10  1.07676021241260E-09 -2.20049907438934E-09  1.23327653496723E-08
 -1.10168293288509E-12  6.37540559896063E-12 -1.31793117712805E-11  7.40284311867531E-11 -2.08333030731108E-10
  1.16515410416695E-09 -2.38511221809069E-09  8.17575266464112E-09  3.52286723078189E-11 -2.07281069362338E-10
  5.34597576609105E-10 -3.83860251501574E-09  3.60936405215955E-10 -2.01868017509138E-09  4.13360890319447E-09
 -1.41850096763240E-08
* ORBITAL    1   17
 -4.41048339882087E-16 -3.27494398609700E-14  1.97242869472201E-15 -9.73560896617021E-13  8.44754447189865E-13
 -1.51808228653393E-11  1.82497236450094E-11 -1.39479801655467E-10  3.12579422072002E-10 -7.46373406542900E-10
  2.34457381822618E-09 -6.29115636381553E-09  8.02052038536405E-09 -2.93247145062004E-09  1.16469726989384E-12
  3.91611145210872E-13  4.16359584479708E-11 -4.54355033395171E-11  3.80018565110503E-10 -7.54361910096926E-10
  2.02443724909839E-09 -2.91775835878582E-09  1.00831194832340E-09 -3.41923458368941E-12  6.80808478195705E-11
 -1.03111714177595E-10  7.84227851295207E-10 -2.95245292293960E-09  6.34316874747822E-09 -2.45508960549204E-08
  3.00927480805868E-08 -1.03559999455227E-08  5.35216590719667E-13  4.55252756511063E-11  1.99193235096009E-11
  4.43952529250586E-10 -1.12606920828068E-09  2.58830287868083E-09 -1.07039082245867E-08  1.24821047988521E-08
 -4.25555868684985E-09 -4.30572488422232E-05  2.72488200525023E-04 -8.33884808509655E-04  4.40906803274463E-03
  6.43453777733519E-04 -4.07210320598237E-03  1.24616955355796E-02 -6.58897524568583E-02 -9.76355836120868E-03
  6.17887697360180E-02 -1.89089715334795E-01  9.99789675393318E-01  6.10496473407294E-05 -3.86353266823809E-04
  1.18234155559413E-03 -6.25149211950416E-03 -4.69908305709255E-03  2.97381907463440E-02 -9.10066027600005E-02
  4.81186730245631E-01
* ORBITAL    1   18
 -5.58339470771793E-16 -9.22961899922149E-15 -1.86224195050348E-14 -2.45182352007591E-13 -1.74977138352893E-13
 -3.50260512147144E-12  2.84268078190379E-13 -2.75378885957928E-11  4.46155709159558E-11 -1.16397696472728E-10
  4.02154551860553E-10 -1.02553080020093E-09  1.31560310791294E-09 -4.81627992236014E-10  1.30639039731192E-13
  8.52263420552572E-13  5.13872673769460E-12  1.65724427977227E-12  2.32587760887231E-11 -4.14146809039621E-11
 -2.06468432892238E-12 -6.99069495435044E-11  2.40136671589586E-11  7.67244416839598E-13  4.33906388728540E-11
  2.81152427862960E-11  4.12521666373940E-10 -9.87256473842533E-10  2.29583214671008E-09 -9.72355519253525E-09
  1.12183221424379E-08 -3.82135349253747E-09  3.87202134772516E-12 -7.09246408004481E-11  1.18412381197183E-10
 -8.29822050702363E-10  3.17916188659527E-09 -6.81368687077983E-09  2.61466090992550E-08 -3.21603747244082E-08
  1.10688154405578E-08  2.45383690017076E-04 -1.55291296629019E-03  4.75231781611146E-03 -2.51273225933521E-02
 -1.08289214064067E-02  6.85309296545878E-02 -2.09722479259144E-01  1.10888299293806E+00 -6.26885939109864E-04
  3.96725348681454E-03 -1.21408281108907E-02  6.41932035960767E-02  2.78044874306865E-04 -1.75960956883459E-03
  5.38486319807228E-03 -2.84718321218675E-02 -1.78942131698233E-04  1.13243694027632E-03 -3.46555174241305E-03
  1.83236980793757E-02
* ORBITAL    1   19
  1.60385514316622E-14  4.27554040787619E-14  7.99341265456821E-13  2.84875476240846E-13  1.54286143585069E-11
 -8.21546814501085E-12  1.68711754900281E-10 -2.56314586526086E-10  1.24798449338934E-09 -2.61103200790115E-09
  6.84159584678882E-09 -2.06206013633425E-08  2.60029189624754E-08 -9.46682456046678E-09  8.03297558832348E-12
  3.91315740968882E-11  2.87189704699583E-10  6.24858852680961E-11  1.57153836253621E-09 -2.83363795052683E-09
  4.66928030280723E-09 -9.05862041876930E-09  3.17916529228103E-09  8.44021536174219E-13 -2.22809138125328E-11
  2.39830845600926E-11 -2.45192412549423E-10  8.74474695926558E-10 -1.89321638679436E-09  7.53048870940287E-09
 -9.13056823415014E-09  3.14109687858571E-09 -1.14859817170515E-11 -9.06441696960678E-13 -4.12149375192129E-10
  4.83074840644149E-10 -3.84677829584487E-09  7.66261079742299E-09 -2.06887000239058E-08  2.96768681302031E-08
 -1.02485022359039E-08 -1.96308645258278E-04  1.24234108472159E-03 -3.80188702468725E-03  2.01020313990481E-02
 -1.91401202336279E-04  1.21128428585066E-03 -3.70684513966511E-03  1.95995085871730E-02 -2.32473256189706E-03
  1.47120915826879E-02 -4.50228288219665E-02  2.38052923241540E-01 -9.50919376862184E-03  6.01790210067277E-02
 -1.84163465028761E-01  9.73742706177929E-01  4.68228024950843E-03 -2.96318539984246E-02  9.06811844551983E-02
 -4.79466119830453E-01
* ORBITAL    1   20
  2.08728085013185E-14  3.12807172354027E-14  1.19434008069043E-12 -6.59449994427035E-13  2.40230816679569E-11
 -2.92624642516346E-11  2.72876357974338E-10 -5.37759179857627E-10  2.20878151297195E-09 -4.73026663332329E-09
  1.28487786598571E-08 -3.78844649248356E-08  4.78787564228096E-08 -1.74423284416437E-08  1.31301364986890E-11
 -7.82189179665563E-12  4.71025908176721E-10 -6.43023840977511E-10  4.65139497585745E-09 -9.33366116004141E-09
  2.59167587901918E-08 -3.66225596843238E-08  1.26365973073254E-08  2.09652039431496E-12 -4.32387624622672E-11
  6.34592681282050E-11 -4.97012252772958E-10  1.85538633958424E-09 -3.99120496890746E-09  1.54258180939423E-08
 -1.89020961910944E-08  6.50299777686774E-09  6.63204875162252E-12  2.38873993432584E-11  2.37948697477299E-10
 -3.79997586064415E-11  1.54734640621710E-09 -2.90370425688104E-09  5.97046377270296E-09 -1.00227839938814E-08
  3.49050038149649E-09  8.47221095309069E-05 -5.36164656439075E-04  1.64080337829377E-03 -8.67555528141627E-03
  2.30653404619571E-04 -1.45969220972515E-03  4.46703802574388E-03 -2.36189392796746E-02 -4.08685974914640E-03
  2.58637298412535E-02 -7.91497439356953E-02  4.18494981484789E-01  5.22248580997910E-03 -3.30505499056903E-02
  1.01143283640959E-01 -5.34783241195336E-01  8.59016344884989E-03 -5.43629290651903E-02  1.66364709995225E-01
 -8.79633878560269E-01
* ORBITAL    1   21
  1.10910859865447E-15  3.35096229623905E-15  1.31300184994750E-14  8.43716892718656E-14  2.14548385719552E-13
  1.05311957904740E-12  1.64193485027926E-12  6.24114845703110E-12 -1.33264222978167E-12  1.05457967582677E-11
 -6.00058472036393E-11  1.21201645388025E-10 -1.60223066671924E-10  5.92082093655899E-11  3.45122962719980E-12
 -7.48064793020373E-11  1.03340975214821E-10 -8.51874266792123E-10  3.14943170250406E-09 -6.78404885571290E-09
  2.63725086430216E-08 -3.22452341800212E-08  1.10932801982097E-08 -1.33366708839342E-11 -9.90029915383661E-12
 -4.77998057872902E-10  4.67952707083370E-10 -4.20662000469884E-09  8.31030192123891E-09 -2.17772726308807E-08
  3.17700746575860E-08 -1.09837018384152E-08  3.45195004091787E-13 -1.58553779630886E-12  1.19014464500460E-11
 -2.95962877215281E-11  1.58049678057803E-10 -3.25753280640107E-10  1.05498258317156E-09 -1.39234152765112E-09
  4.79988998388907E-10 -1.08498979493619E-02  6.86636798296719E-02 -2.10128728963985E-01  1.11103099207894E+00
 -2.42198675548227E-04  1.53275655909198E-03 -4.69063393892759E-03  2.48011764806898E-02  3.47175709747676E-05
 -2.19710468596079E-04  6.72371207576496E-04 -3.55508386061977E-03  2.18877267438410E-04 -1.38516681593853E-03
  4.23897092187393E-03 -2.24130612505362E-02 -3.03921899762975E-06  1.92337256251100E-05 -5.88602054002397E-05
  3.11216428576845E-04
* ORBITAL    1   22
  7.89169934640563E-07  2.27424309564572E-05 -4.83262848625975E-06  6.92373480048226E-04 -6.02744438283025E-04
  1.16279207084889E-02 -7.83069952454749E-03  1.16355402078842E-01 -2.87267408399093E-01  4.65691260454561E-01
 -1.78452337121562E+00  4.46974776211261E+00 -4.43971381329913E+00  1.40302413448402E+00 -3.83201250865733E-10
 -9.14741353860117E-09 -1.20907635162086E-08 -8.49241286633939E-08  1.29140331522139E-07 -4.57426737923147E-07
  1.58881061495019E-06 -1.29904897508679E-06  3.97855820053212E-07  1.14096356066781E-10  2.43884053047273E-09
  3.49968110869666E-09  2.43497213318653E-08 -3.18649740086221E-08  1.30393906413223E-07 -4.21022518388555E-07
  3.49156408966998E-07 -1.06274758712942E-07  1.36250865650273E-11  1.47809755665719E-10  4.67719824015015E-10
  7.24300887593942E-10  4.67012634214389E-10 -2.86783869876323E-10 -4.08385886013005E-09  2.05649384118635E-09
 -9.45233263940866E-10 -3.89840612747198E-12  1.91332268445360E-12  5.36346736121621E-12 -1.19334830260847E-11
  6.19941553390935E-12  3.81329964453299E-12 -2.66050076396808E-11  6.68639677069339E-11  3.93351592384736E-11
  3.99022053111980E-10 -1.32000417410871E-09  7.58516872690077E-09 -2.31704264062697E-11  1.10756995850966E-11
  3.27320994907646E-11 -6.28417159352163E-11 -2.02588272042959E-11 -5.87413516434034E-10  1.79197873567339E-09
 -1.12070824342939E-08
* ORBITAL    1   23
  6.39695458244048E-14  4.36436942112951E-13  2.80234685921638E-12  1.06089700658178E-11  4.23300316863609E-11
  2.80073267259677E-10 -1.49731102876636E-11  1.65523766529323E-09  1.02900479984351E-08 -7.94208642770431E-08
  1.98841757871501E-07 -2.70320022558131E-07  1.99329286243349E-07 -6.37226112642809E-08  1.33799077713350E-04
  7.68067296216846E-05  6.14289956673149E-03 -9.32243084742761E-03  3.86331221522333E-02 -1.74410406697962E-01
  2.42419004324544E-01 -1.30268052225006E-01  3.45983637280021E-02 -1.34729673701403E-04 -7.73408108481869E-05
 -6.18562470508526E-03  9.38727008117053E-03 -3.89018236192070E-02  1.75623467304842E-01 -2.44105081297183E-01
  1.31174097691230E-01 -3.48390023534064E-02 -1.94770175417051E-03 -1.11806691252546E-03 -8.94216670638502E-02
  1.35705833133142E-01 -5.62379073006459E-01  2.53887745301767E+00 -3.52887285468047E+00  1.89630101560396E+00
 -5.03645441080410E-01  1.33280192556225E-11  3.63943587463396E-11  1.40842572312307E-09 -9.31568011093416E-10
 -3.20246692439152E-10  8.88849698298394E-10 -1.34884840327155E-08  9.34384620007472E-09  1.90437093348440E-10
 -7.58305403360095E-10  5.84689167890634E-09 -4.25961101460006E-09 -1.47405992121740E-10  1.50234911456044E-09
  6.36017429297859E-09 -3.74199863775797E-09  3.23807793157357E-11 -1.64984268057591E-10  4.99072232798915E-10
 -3.91173432931671E-10
* ORBITAL    1   24
 -1.97261642624383E-13  1.97434004890309E-12 -1.65365677968548E-11  8.55470562295814E-11 -4.28313564963609E-10
  2.18835463418434E-09 -7.61160274374271E-09  1.86666412988533E-08 -1.47363470758365E-08 -1.20418220326270E-07
  4.39121940104824E-07 -6.97093678049465E-07  5.59549851760398E-07 -1.95183535837000E-07  1.87779063942305E-05
  1.07793569893909E-05  8.62119471447368E-04 -1.30834784824648E-03  5.42192909748254E-03 -2.44774638340391E-02
  3.40220656209956E-02 -1.82823466256828E-02  4.85567503528101E-03 -1.95209125200045E-03 -1.12058581180978E-03
 -8.96231932824881E-02  1.36011670271941E-01 -5.63646476526483E-01  2.54459915287718E+00 -3.53682558229989E+00
  1.90057456426135E+00 -5.04780500467878E-01  1.36323279934700E-04  7.82555041224217E-05  6.25878917670664E-03
 -9.49830455413144E-03  3.93619587210419E-02 -1.77700759353663E-01  2.46992376151351E-01 -1.32725637117118E-01
  3.52510844049272E-02 -1.33618265412446E-10  1.45019111041250E-09  6.80828195102624E-09 -4.06516254147903E-09
  1.81764654057710E-10 -7.41543026843653E-10  5.33475063911795E-09 -3.89999276903542E-09  1.78053094107962E-10
 -4.78601763151794E-10  7.66326341947604E-09 -5.29665023905400E-09  7.98449263793473E-12 -9.52776798429333E-11
 -5.09482812211148E-10  3.09371889410364E-10  3.33223615790653E-10 -9.51639184471029E-10  1.37564874735759E-08
 -9.54983631433504E-09
* ORBITAL    1   25
 -9.46920952133488E-13  1.35241562117943E-11 -8.85285971617589E-11  5.19012781557404E-10 -2.26434221679727E-09
  9.52965659432460E-09 -3.62823867506701E-08  1.13398236764737E-07 -2.54285800229954E-07  6.08686096529508E-07
 -1.40611112495596E-06  2.17385416437473E-06 -1.61989659960415E-06  3.68743372294718E-07 -1.95226631821522E-03
 -1.12068509149336E-03 -8.96312226107905E-02  1.36023870113361E-01 -5.63696933625058E-01  2.54482689648024E+00
 -3.53714195738951E+00  1.90074458268172E+00 -5.04825773067480E-01 -2.80099676093698E-05 -1.60789041096848E-05
 -1.28597604854995E-03  1.95159041904219E-03 -8.08759200669536E-03  3.65116791925166E-02 -5.07488324276498E-02
  2.72707659031454E-02 -7.24294311856971E-03 -1.32175088122511E-04 -7.58740490717576E-05 -6.06833962745669E-03
  9.20928018387017E-03 -3.81642057856995E-02  1.72293463549622E-01 -2.39476581115902E-01  1.28686897680145E-01
 -3.41784276089463E-02 -3.33980592148601E-10  9.58786529342837E-10 -1.37276091027883E-08  9.53277571291754E-09
 -2.01359987931519E-11  5.36044196513362E-11 -8.71355476342591E-10  6.01690231175290E-10  9.41162700726284E-11
 -9.02974825853072E-10 -3.39948892918975E-09  1.96366283034979E-09  1.49241121272988E-10 -5.77064978757342E-10
  4.81913762627518E-09 -3.49766567769813E-09 -1.32031321825645E-10  1.44557649681564E-09  6.87601073040142E-09
 -4.11349219612246E-09
* ORBITAL    1   26
  1.13437971055061E-15  1.45377787836867E-14 -2.39379546883965E-15  4.74321798069383E-13 -4.68500032890976E-13
  7.63977566031184E-12 -1.13327198675522E-11  9.69836935471613E-11 -2.55429983796115E-10  7.34373584627892E-10
 -1.74085762152622E-09  1.93853071558563E-09 -8.30287583126904E-10  2.29663021023547E-10 -1.18325121936324E-12
  6.94864684975404E-12 -6.19968121425634E-11  1.85270929618167E-10 -3.97078436467158E-10  1.74275915389519E-09
 -2.07907681589345E-09  1.23638088568276E-09 -3.28072108452433E-10  3.03475577966654E-11  4.29385533326662E-11
  1.36031998875740E-09 -1.71669441931147E-09  8.80955273615577E-09 -3.24084092769529E-08  3.56176707849019E-08
 -1.91080995074934E-08  4.99863766571502E-09  9.96859667757939E-12  2.46015303888904E-11  4.17363959123739E-10
 -3.53346112694693E-10  2.58648299816749E-09 -9.65896272255910E-09  1.06848634558436E-08 -5.60128259761510E-09
  1.46991528125680E-09  2.54403547001221E-05 -8.35223977906367E-05  7.28932005362052E-04 -3.79677036429070E-04
  4.84454887349349E-04 -1.59049805911857E-03  1.38808868035678E-02 -7.23010370974529E-03  4.39023202321399E-02
 -1.44134277407067E-01  1.25791514048501E+00 -6.55207196255496E-01 -4.06664908522151E-04  1.33510830257643E-03
 -1.16520023780321E-02  6.06915009440846E-03  2.09860585628823E-02 -6.88986452481929E-02  6.01304912172471E-01
 -3.13200225460272E-01
* ORBITAL    1   27
  8.20525301668250E-16  2.61544528940162E-15  3.52499057890866E-15  6.22704942415982E-14  3.68506337685674E-15
  9.49130737253144E-13 -5.99195469055910E-13  1.03338017549345E-11 -2.35868689026851E-11  6.47948409950904E-11
 -1.65910158922034E-10  1.99077199323577E-10 -9.65196402138495E-11  2.55352087830118E-11  1.05168267034800E-12
  2.22469616827820E-12  4.47053509345456E-11 -4.34882271670071E-11  2.79136945169297E-10 -1.04549898251912E-09
  1.15870481604888E-09 -6.12684034748579E-10  1.60778252868391E-10  9.60967722834788E-12  2.32489298378783E-11
  4.03072983000635E-10 -3.47771924023039E-10  2.49886190683453E-09 -9.34289388868681E-09  1.03418632768589E-08
 -5.42848561106457E-09  1.42471371871121E-09 -3.06331710721605E-11 -5.22286925283624E-11 -1.36368656273087E-09
  1.61027661218726E-09 -8.83481212351563E-09  3.22144583560521E-08 -3.52382098227365E-08  1.87799675549753E-08
 -4.90810163497471E-09 -1.92349103533926E-04  6.31495064279106E-04 -5.51129968183156E-03  2.87065723209083E-03
  4.84603200102755E-02 -1.59098498007738E-01  1.38851363516652E+00 -7.23231716189335E-01 -4.08355257473382E-04
  1.34065784469838E-03 -1.17004353998698E-02  6.09437729852714E-03  4.42616040435531E-03 -1.45313830463285E-02
  1.26820955329027E-01 -6.60569222217470E-02 -1.78415497223576E-04  5.85750102476605E-04 -5.11206587038109E-03
  2.66270929635773E-03
* ORBITAL    1   28
 -3.31797749935561E-16 -5.86057854591487E-15 -1.93731192576164E-15 -1.95538380093074E-13  1.11978010293853E-13
 -3.14103832890693E-12  3.31696142310874E-12 -4.05604712982523E-11  1.08036851275606E-10 -2.77491641114643E-10
  6.39744815804499E-10 -7.27281393150106E-10  3.38064338353481E-10 -8.91646486987974E-11  9.38143464771227E-12
  2.30265030904521E-11  3.92664880609437E-10 -3.33394732866273E-10  2.43175590185965E-09 -9.09201930231009E-09
  1.00638336199871E-08 -5.27792778968806E-09  1.38526946503138E-09 -5.24867362607652E-13 -3.05633709193160E-12
 -1.95057202516480E-11 -7.91928502777670E-12 -1.16586771417380E-10  3.96671688207853E-10 -4.16069175269465E-10
  1.92198634628258E-10 -4.99473605855835E-11  1.50169080418088E-11 -7.53422644574115E-11  7.75311426506396E-10
 -2.18098464382770E-09  4.98158898948397E-09 -2.14468464593540E-08  2.53824621260345E-08 -1.49712643430871E-08
  3.96756166760489E-09  7.32863836787522E-04 -2.40604138602437E-03  2.09984463255764E-02 -1.09374096058261E-02
 -4.41863035237629E-03  1.45066613681409E-02 -1.26605199685607E-01  6.59445420803779E-02  4.82925588931544E-04
 -1.58547727697705E-03  1.38370685384742E-02 -7.20728020584206E-03  4.84554806229652E-02 -1.59082610024192E-01
  1.38837497536692E+00 -7.23159493010070E-01  2.98089346461101E-05 -9.78647539593857E-05  8.54103294058441E-04
 -4.44874717144202E-04
* ORBITAL    1   29
 -3.59935184851031E-16 -5.10592534614016E-16  1.35025962440218E-16 -2.68068535151591E-14  1.40846722016430E-14
 -4.47153410982979E-13  4.68924553495711E-13 -5.83908542477954E-12  1.56439972294050E-11 -3.97230871096631E-11
  9.11397744654345E-11 -1.03599079946257E-10  4.84310168431707E-11 -1.27076156634163E-11 -3.19332663356514E-11
 -4.51229066501760E-11 -1.43133133569181E-09  1.80681116337209E-09 -9.26864171417159E-09  3.41013891932467E-08
 -3.74809796500949E-08  2.01086047473947E-08 -5.26044592899509E-09  1.20737466074162E-11 -7.99657611858709E-11
  6.43858659241715E-10 -2.02092843872800E-09  4.13059031305232E-09 -1.83283955088891E-08  2.19626021260106E-08
 -1.31428743197199E-08  3.48945082807469E-09 -3.43041436622957E-13  9.37685811572468E-13 -1.69198437472151E-11
  3.91156277063540E-11 -1.09090356404410E-10  4.47266003909640E-10 -5.18082980388701E-10  2.97900304421738E-10
 -7.86790097008517E-11  4.86584893600179E-02 -1.59749101431790E-01  1.39419170176940E+00 -7.26189237185711E-01
  2.57911727459431E-04 -8.46741603319823E-04  7.38983889114671E-03 -3.84912740427293E-03  9.15376807743131E-07
 -3.00524129022297E-06  2.62278862014805E-05 -1.36612524018273E-05 -7.12374899686735E-04  2.33877483137082E-03
 -2.04113853190622E-02  1.06316285779655E-02 -8.06592992412550E-05  2.64809918110276E-04 -2.31109776005287E-03
  1.20377586351319E-03
* ORBITAL    1   30
  2.33796941275918E-15  3.94248731158500E-15  1.46320148928620E-13 -8.46790699301987E-14  2.98245458749674E-12
 -3.39928598072278E-12  4.40297570547081E-11 -1.32300710120433E-10  5.21186440019862E-10 -1.73614542143386E-09
  3.31779989704200E-09 -2.66954596757470E-09  5.54414562938127E-10 -2.25882234950706E-10  1.38906474208314E-11
 -9.20877374897109E-11  7.40935321871689E-10 -2.32651641524834E-09  4.75346170703459E-09 -2.10931131301735E-08
  2.52765669228247E-08 -1.51267895913724E-08  4.01619209567478E-09  2.07650884151930E-11  2.91995322816153E-11
  9.31101099349767E-10 -1.17759404342868E-09  6.03059779121391E-09 -2.21879457027837E-08  2.43867799399091E-08
 -1.30853970065485E-08  3.42313676184734E-09 -4.89167990563620E-12 -1.18944709022146E-11 -2.05254439398486E-10
  1.76757897839453E-10 -1.27389171765983E-09  4.75587759201303E-09 -5.26033957187579E-09  2.76013655899796E-09
 -7.24276080244537E-10  7.59502058816636E-05 -2.49349647956654E-04  2.17617005328627E-03 -1.13349639842158E-03
 -3.11619237927644E-05  1.02306692847839E-04 -8.92869749199412E-04  4.65066887078085E-04 -2.09860763645613E-02
  6.88987037099089E-02 -6.01305422858513E-01  3.13200491589631E-01  1.78154350615138E-04 -5.84892753470139E-04
  5.10458350109419E-03 -2.65881198977769E-03  4.39064369932838E-02 -1.44147793111723E-01  1.25803309822494E+00
 -6.55268636923762E-01
* ORBITAL    1   31
 -7.94672933496068E-06  5.51263622907816E-06 -4.91310738027635E-04  7.68817263399668E-04 -1.06471555576575E-02
  1.61968959640183E-02 -1.57417425874826E-01  2.58670272137167E-01 -9.58472178004580E-01  3.86758349782665E+00
 -6.95473384852711E+00  6.03686963611245E+00 -2.72656782095464E+00  6.74961000486777E-01  6.94949030863629E-10
 -5.10375512354231E-09  3.20653056448109E-08 -1.03233617653934E-07  4.71058241390049E-07 -1.11518971102722E-06
  6.40515458094117E-07 -3.16627250725183E-07  7.86757090612634E-08 -6.94739723058202E-10  7.25809391757648E-10
 -2.53152568026475E-08  3.19289198509235E-08 -3.11071347648873E-07  5.18577496358431E-07 -3.79519447720661E-07
  1.69741496357174E-07 -4.35157908827109E-08 -2.76396365072343E-10 -5.25824866233754E-10 -9.38028481300696E-09
  4.63647687409879E-09 -9.88052122130634E-08  1.41997505996976E-07 -1.10923722061150E-07  4.90688792957960E-08
 -1.22724352510863E-08  1.34653634248192E-11 -1.39526812541462E-11  3.00924771274907E-11 -1.88189598657445E-11
 -2.30024716998827E-11 -9.03963772035857E-13 -4.54082081048199E-11  2.60937064336619E-11 -3.20336072742068E-10
 -4.64368915929071E-11 -3.85424135986720E-10 -9.17774264533112E-10  7.99528420880121E-11 -7.96408001082214E-11
  1.80975271027714E-10 -1.15862174180134E-10  3.32115416786163E-10  1.39650901123360E-10  6.54899350909950E-11
  1.73536721610935E-09
* ORBITAL    1   32
  3.23913269806910E-15  2.11527553417637E-11 -4.95843898826595E-11  7.09941706170078E-10 -1.73938102725603E-09
  1.34399088464612E-08 -3.44515098809527E-08  1.48900601879279E-07 -1.57197785029655E-07 -3.68142137199008E-07
  8.92289291780206E-07 -5.48799338401018E-07  9.67663440507294E-08 -7.17653437836477E-08  1.23355823704329E-03
 -6.66818240196877E-02  5.84511611207954E-02 -9.47824132418983E-01  3.18599750381951E+00 -3.56008418676669E+00
  2.13545677615528E+00 -9.47348285533925E-01  2.41335939333405E-01  1.74332547994000E-05 -9.42380231519393E-04
  8.26060571958209E-04 -1.33951165075138E-02  4.50260821120025E-02 -5.03128586630080E-02  3.01793239959432E-02
 -1.33883909564343E-02  3.41067813364824E-03  1.17349064839052E-04 -6.34347513013408E-03  5.56048950009758E-03
 -9.01669884651707E-02  3.03085541635827E-01 -3.38672596646622E-01  2.03147073827443E-01 -9.01217173098439E-02
  2.29584122553360E-02  3.62844518433922E-09 -3.87776025113581E-08  3.11422312795399E-08 -1.08982558465225E-08
  3.54040330967586E-10 -3.80637431632057E-09  3.04014764787305E-09 -1.06741328042040E-09  3.33894239361507E-09
 -3.84467894238418E-08  2.86243602301453E-08 -1.06635623646607E-08 -4.71133216130852E-10  4.27174395763555E-09
 -3.88890314006459E-09  1.32480638867854E-09 -5.87240205792125E-09  6.73187860705378E-08 -5.03161940687588E-08
  1.87015986992873E-08
* ORBITAL    1   33
 -2.37216474406088E-13 -1.44194705534393E-12 -1.08664931629945E-11 -3.19423748694501E-11 -1.91690796888344E-10
 -5.72139475934189E-10 -3.29192420849760E-09 -1.13108933936641E-09 -2.99818034110142E-09  8.88475829583335E-08
 -1.96767656870984E-07  1.65217112782854E-07 -6.19231691253061E-08  1.42478853617039E-08 -1.12432495878982E-04
  6.07770070359690E-03 -5.32752180924624E-03  8.63892265587196E-02 -2.90387027081913E-01  3.24483080393974E-01
 -1.94635730371070E-01  8.63458545071057E-02 -2.19965195361823E-02 -2.19435275839323E-04  1.18618890083901E-02
 -1.03977598381086E-02  1.68606445111327E-01 -5.66750352463877E-01  6.33295846730970E-01 -3.79871883514969E-01
  1.68521787089986E-01 -4.29307549605351E-02  1.21447604272842E-03 -6.56502230944981E-02  5.75469411485611E-02
 -9.33160857629759E-01  3.13670822946998E+00 -3.50500764935990E+00  2.10242000124291E+00 -9.32692322408014E-01
  2.37602465676834E-01  6.97149083308059E-10 -8.25587391235263E-09  5.96846874394049E-09 -2.28185058706809E-09
  3.63872657879792E-09 -3.87378215727272E-08  3.12029310360487E-08 -1.09097642848974E-08  1.68476524190889E-10
 -2.92807331432617E-09  1.61700914283049E-09 -6.69448079500347E-10 -5.73749275718215E-09  6.59161872846082E-08
 -4.91738927823614E-08  1.82985059162260E-08  1.19027903292389E-09 -1.31470254357523E-08  1.02071879729201E-08
 -3.67451663044838E-09
* ORBITAL    1   34
 -2.50513108783357E-12  2.10807329522976E-11 -1.99865996204343E-10  8.98445954362387E-10 -4.87381328935520E-09
  1.83530627195623E-08 -7.80411977507361E-08  2.08811523959344E-07 -4.90409646306843E-07  9.55755613752724E-07
 -1.18183863724953E-06  7.97163173319944E-07 -2.50158569790954E-07  1.54219672508295E-08 -3.78638458103413E-05
  2.04678468157207E-03 -1.79414732160726E-03  2.90932630161033E-02 -9.77935146901793E-02  1.09276028058190E-01
 -6.55473915540987E-02  2.90786565882584E-02 -7.40775867000975E-03  1.21954434134791E-03 -6.59242122990069E-02
  5.77871021452998E-02 -9.37055389150233E-01  3.14979930608619E+00 -3.51963579245434E+00  2.11119444855788E+00
 -9.36584888755050E-01  2.38594066765028E-01  2.16845899556620E-04 -1.17219107416953E-02  1.02750629138696E-02
 -1.66616771429872E-01  5.60062271736876E-01 -6.25822489719329E-01  3.75389114529608E-01 -1.66533113859658E-01
  4.24241517877760E-02 -5.86780324104469E-09  6.72208243990465E-08 -5.02789615089467E-08  1.86773305354567E-08
  7.33576806446403E-10 -9.03423067817251E-09  6.44040937340621E-09 -2.39532105964906E-09 -2.20438946613405E-09
  2.34326263170778E-08 -1.88872270300570E-08  6.60937274367318E-09 -1.02550523794461E-09  1.17978533369035E-08
 -8.79103091185143E-09  3.27313410730363E-09 -3.48986754991747E-09  3.72191138046295E-08 -2.99531773175809E-08
  1.04638550927710E-08
* ORBITAL    1   35
 -2.80132962079262E-16  4.34042264179796E-16 -7.25716892040477E-15  1.37275448351707E-14 -1.82769455240984E-13
  3.08553549171147E-13 -2.92553725560529E-12  7.59579214526352E-12 -3.17441393857974E-11  1.14208366057948E-10
 -1.65676030553113E-10  9.09447719476601E-11 -5.47890905344747E-11  1.11726023942265E-11  1.10644531975552E-12
 -4.61226138928927E-11  4.77600332261326E-11 -6.50911400256119E-10  2.21632006513519E-09 -2.29957812366031E-09
  1.44555645317875E-09 -6.28875291714734E-10  1.60650068016758E-10  4.38978303702659E-12 -2.50403377863368E-10
  1.86741376552445E-10 -3.49854305429619E-09  1.18278258456287E-08 -1.24451385246148E-08  7.59394686234743E-09
 -3.29604147056248E-09  8.41234982767962E-10  2.34394369092396E-11 -2.02696904607748E-09  1.35120259974857E-09
 -2.86841489995133E-08  8.81627975691081E-08 -9.52178362929554E-08  5.69064231117596E-08 -2.52904592448781E-08
  6.44839992734782E-09  2.46394412644086E-04 -3.11037517608181E-03  2.31061380667146E-03 -8.01491334721027E-04
 -1.15697344737473E-01  1.46051260340647E+00 -1.08497541156017E+00  3.76349517335368E-01  6.07432748282059E-03
 -7.66796495256969E-02  5.69632429789974E-02 -1.97590551571553E-02 -3.50774230795051E-04  4.42802024412348E-03
 -3.28945678053925E-03  1.14102629269106E-03  5.38321669090503E-03 -6.79553696089386E-02  5.04822107928153E-02
 -1.75109550531553E-02
* ORBITAL    1   36
  1.69459484320695E-15  1.83917580249453E-14  1.02644273322926E-13  3.98491790019203E-13  1.70091501082984E-12
  4.39502588294627E-12  1.27855931371418E-11  3.35418356414885E-11 -1.41114377379562E-11  2.56906440409808E-10
 -5.45925347615182E-10  1.48003727711399E-10 -2.18743617002031E-10  3.35527421872046E-11  1.58490301640703E-12
 -6.94548560036666E-11  6.95524896313851E-11 -9.80493175412998E-10  3.30787173709261E-09 -3.44410181086175E-09
  2.15563788455446E-09 -9.39517726138907E-10  2.39967503177127E-10 -2.33823341935938E-11  2.01342314614049E-09
 -1.34538089521716E-09  2.84924995334306E-08 -8.76068823767441E-08  9.46016995747780E-08 -5.65509724186686E-08
  2.51305100354828E-08 -6.40767085531831E-09  3.84083136984463E-12 -2.17820225344632E-10  1.59620435578955E-10
 -3.03751557957055E-09  1.03517491386477E-08 -1.08783295851933E-08  6.63575202808319E-09 -2.87378528452556E-09
  7.33479843610431E-10 -2.30493554164444E-05  2.90964970497915E-04 -2.16150026916929E-04  7.49767758999350E-05
 -7.91935362501051E-03  9.99704514081021E-02 -7.42653513618011E-02  2.57607028158788E-02 -1.01301116715169E-01
  1.27878092656320E+00 -9.49971851564291E-01  3.29520322773499E-01 -3.67659926560728E-04  4.64117783969098E-03
 -3.44780580871130E-03  1.19595341809036E-03 -5.59210845181996E-02  7.05923276940877E-01 -5.24411358138110E-01
  1.81904547713638E-01
* ORBITAL    1   37
 -1.22614924945512E-15 -1.08045468222181E-14 -9.38668699529352E-14 -1.87124191747646E-13 -1.73896571856143E-12
 -1.45959245427134E-12 -1.76705429388395E-11 -3.84253652250936E-12 -5.87293471391720E-11  7.15016277606886E-11
  1.90432556670687E-11  1.07411779374826E-10  3.26119016118197E-11  2.01297537508586E-12  6.41873525911699E-13
 -2.15825004713825E-11  1.39657565789519E-12 -2.63728210325447E-10  1.47256028342822E-09 -1.44183881174206E-09
  8.80804240191554E-10 -3.38485511364253E-10  8.65541374087856E-11 -1.13140699264472E-12  6.13673842027258E-11
 -5.34058368078075E-11  8.67062122835200E-10 -2.82455125848562E-09  2.98116693063994E-09 -1.83409864246413E-09
  8.05068265102879E-10 -2.05495747529951E-10 -7.12275363017856E-11  3.11517600696587E-09 -3.12545686532496E-09
  4.39804682555809E-08 -1.48344325111313E-07  1.54447965164161E-07 -9.66841808205998E-08  4.21423265395412E-08
 -1.07638286924645E-08 -1.37031766411296E-03  1.72982899861283E-02 -1.28504329602854E-02  4.45747819759371E-03
  3.27758508911986E-04 -4.13747986200073E-03  3.07362216939139E-03 -1.06615892641720E-03  1.70388834892725E-03
 -2.15091402167883E-02  1.59785599968611E-02 -5.54254343290236E-03 -1.15937179154324E-01  1.46354016796582E+00
 -1.08722450764882E+00  3.77129669771782E-01 -2.37020419363968E-03  2.99204195295065E-02 -2.22270724817320E-02
  7.70998854971998E-03
* ORBITAL    1   38
 -1.35412391151897E-16 -1.18328695762255E-15 -1.45430243751552E-14 -1.78422523103855E-14 -2.59090771800269E-13
 -1.11962032065114E-13 -2.73220090684109E-12  6.00940227424317E-13 -1.12481548718123E-11  2.08480312087998E-11
 -1.57673362129912E-11  2.74072740589725E-11 -2.18079880810314E-12  1.70470018614290E-12  2.40124912820995E-11
 -2.05347315373420E-09  1.37558557226016E-09 -2.90564375778167E-08  8.94315257377730E-08 -9.65405550487367E-08
  5.77284825760812E-08 -2.56474433242304E-08  6.53956113425589E-09 -7.10981823546065E-11  3.10541700547995E-09
 -3.11892861059862E-09  4.38432015149840E-08 -1.47906254775772E-07  1.53979238918129E-07 -9.64025185233367E-08
  4.20183872643775E-08 -1.07322164261034E-08  8.88678120913759E-13 -4.09774576299348E-11  3.96678970657114E-11
 -5.78649503473701E-10  1.93435485914383E-09 -2.02106656011138E-09  1.25950091441377E-09 -5.49967222026857E-10
  1.40447190878223E-10 -1.15973910884494E-01  1.46400385315968E+00 -1.08756896687640E+00  3.77249153643538E-01
 -2.44710813611703E-04  3.08912209085371E-03 -2.29482546398675E-03  7.96014772896113E-04 -9.39973830464286E-05
  1.18658179869919E-03 -8.81479606783845E-04  3.05762159192621E-04  1.36369501375679E-03 -1.72146885324239E-02
  1.27883276961124E-02 -4.43593551012036E-03  2.43767434394079E-04 -3.07721331862589E-03  2.28597875790982E-03
 -7.92946082435931E-04
* ORBITAL    1   39
 -7.73673374333916E-15 -5.78490344023037E-14 -2.95579896778098E-13 -1.36971160542694E-12 -4.65698354149388E-12
 -1.62497935388960E-11 -2.94331828787801E-11 -1.57705594067367E-10  1.56602306486593E-10 -9.67414319478670E-10
  2.24280305958012E-09 -1.26242890223171E-09  9.30595500878338E-10 -1.71025575800743E-10 -8.21189825629033E-11
  3.58613027733513E-09 -3.60147556855599E-09  5.06288605134907E-08 -1.70817426547097E-07  1.77827246451231E-07
 -1.11333700195371E-07  4.85249132863463E-08 -1.23940966205724E-08 -1.42984634388335E-11  1.22273090690077E-09
 -8.19342790610400E-10  1.73018720369469E-08 -5.32489544149536E-08  5.74821262733334E-08 -3.43731938220419E-08
  1.52715425188531E-08 -3.89392601087639E-09  7.90575378251214E-13 -6.01916771481892E-11  5.67237054010249E-11
 -8.74143127993358E-10  2.43479409422209E-09 -2.66112589970684E-09  1.61879381617767E-09 -7.41614887465371E-10
  1.89121360944474E-10 -2.20892635788939E-04  2.78845187689423E-03 -2.07146567303247E-03  7.18537118808550E-04
 -1.78234626920008E-03  2.24995586070600E-02 -1.67143150993126E-02  5.79775758340136E-03  5.61267319124451E-02
 -7.08519279579781E-01  5.26339858498870E-01 -1.82573493904944E-01  2.89627676155520E-03 -3.65613292606140E-02
  2.71604251620105E-02 -9.42123921983695E-03 -1.01440188314268E-01  1.28053650534774E+00 -9.51276023751200E-01
  3.29972705884976E-01
* ORBITAL    1   40
 -1.27460356243951E-06  2.82874663657751E-04 -7.29022176923235E-04  9.46744248861399E-03 -2.21083945721287E-02
  1.67761531263927E-01 -3.38709409740929E-01  2.15771380985372E+00 -6.17180582706919E+00  8.44501798951502E+00
 -6.23896266813899E+00  3.16602261843446E+00 -1.40443760131033E+00  3.26456307596547E-01 -2.27193616191829E-09
  1.93769239274956E-08 -1.60800188886599E-07  6.41183223229896E-07 -5.70215034783766E-07  6.07962674189083E-07
 -1.70082970083282E-07  1.04372432344113E-07 -2.51564198085499E-08 -3.42961287860348E-09  2.16692496145753E-08
 -2.21093254061352E-07  8.35452666666825E-07 -8.82735729041530E-07  6.22737096146693E-07 -3.15419244074789E-07
  1.42882094644698E-07 -3.67220191397781E-08 -4.42306900117216E-10  3.25932962995711E-09 -2.91029540879708E-08
  1.12191267542775E-07 -1.18819658218625E-07  8.13777593573035E-08 -4.47049482459111E-08  1.89375252013582E-08
 -5.08416782161553E-09 -1.37063169082975E-10  1.09300002806729E-10 -5.61728682999572E-11  2.29372099519878E-11
  2.60977932397761E-10 -2.24375548618716E-10  1.22650821960907E-10 -4.55223685643646E-11  4.04358010368408E-09
 -3.24604240992663E-09  1.54962491269372E-09  1.03355724251862E-10 -8.15297660879273E-10  6.52332938306806E-10
 -3.37413160215119E-10  1.39344118882079E-10 -4.60414127143272E-09  3.65454603806090E-09 -1.60349686456883E-09
 -4.87586852921996E-10
* ORBITAL    1   41
  4.43798532047582E-14  1.79707735327658E-12 -1.48907537574006E-12  5.59894782641152E-11 -7.62851861505511E-11
  9.35883630621423E-10 -1.48401741144096E-09  1.15357564047877E-08 -2.86155566767967E-08  3.41017868398694E-08
 -2.36491583003941E-08  1.20961732050584E-08 -5.18276654072516E-09  1.22102276442460E-09 -1.22780601316908E-12
 -2.83630330156570E-10  3.31171124215739E-11 -6.13062243469260E-09  6.81934719679808E-09 -4.76303174112689E-09
  2.29428950581929E-09 -1.10689570941349E-09  2.83736303417885E-10  1.13727053955499E-10 -4.23590111181681E-10
  6.80712851010254E-09 -1.81984898389305E-08  1.72968267108902E-08 -1.11382663693065E-08  6.20739884610971E-09
 -2.66084266240982E-09  6.91417639979556E-10 -1.50975771973097E-11 -6.52760018167870E-11 -8.52914291237388E-10
 -2.31993208165072E-10  6.34705101806094E-10 -5.60394281109373E-10  1.59051971002781E-10 -1.18735045087625E-10
  2.92224081674364E-11 -4.09278607199196E-02  3.35472522456233E-02 -1.59857222865966E-02  5.24571398691024E-03
  1.75085437202497E-03 -1.43511906562121E-03  6.83853768542802E-04 -2.24406580608560E-04 -3.44184740753210E-01
  2.82117171876773E-01 -1.34432672131174E-01  4.41140747871436E-02  5.67856509774818E-01 -4.65453733415998E-01
  2.21795038978657E-01 -7.27820311994318E-02  1.21587593778230E+00 -9.96614434929901E-01  4.74900342565020E-01
 -1.55838524197798E-01
* ORBITAL    1   42
  4.82418776293931E-15  1.59662573246761E-13 -1.31875562803050E-13  4.96604422985711E-12 -6.74701046642467E-12
  8.29867158055556E-11 -1.31161819040792E-10  1.02293325553685E-09 -2.54028126391831E-09  3.02558081303494E-09
 -2.09529510264402E-09  1.07345483743136E-09 -4.58715385962746E-10  1.08200694638800E-10 -1.54274721862737E-10
  5.62970708084359E-10 -9.22895676447633E-09  2.44345530958156E-08 -2.31844282503992E-08  1.49155093423075E-08
 -8.32716716176995E-09  3.56477097401404E-09 -9.26457899555930E-10 -1.00978407601229E-11 -2.42270094708321E-10
 -4.98046677403352E-10 -4.51855688638959E-09  5.25635476563916E-09 -3.74337833766822E-09  1.73567672160685E-09
 -8.63154581751441E-10  2.20516733513626E-10 -2.67794431081434E-11  1.17939606292531E-10 -1.60907491778829E-09
  4.68630852043752E-09 -4.51715228487381E-09  2.93271582411298E-09 -1.61179833475086E-09  6.98828778167766E-10
 -1.81343587521725E-10  1.36004412863684E+00 -1.11478446823637E+00  5.31209971770486E-01 -1.74316526269957E-01
  2.33200714001847E-01 -1.91147131534486E-01  9.10842097598983E-02 -2.98892789811968E-02 -7.89696061968717E-02
  6.47288485698275E-02 -3.08441773282043E-02  1.01215152826186E-02 -8.25647167283575E-02  6.76756451462849E-02
 -3.22483660045024E-02  1.05822997280128E-02  6.16511703920843E-02 -5.05334832558894E-02  2.40798925530716E-02
 -7.90181556403946E-03
* ORBITAL    1   43
 -1.64966284701466E-14 -6.58794990567697E-13  5.59414115996092E-13 -2.05565517296038E-11  2.82632362128281E-11
 -3.43666502917162E-10  5.48913522123478E-10 -4.23624766063418E-09  1.04993436894866E-08 -1.25346235618644E-08
  8.71742202608733E-09 -4.45728834886534E-09  1.91327724963748E-09 -4.50219879702999E-10  2.22564071273488E-11
  7.27624404847670E-11  1.26059586766028E-09 -1.91878268635045E-10 -3.43513440759271E-10  4.09594935969815E-10
 -3.04395159557645E-11  7.60901700904692E-11 -1.76926282545290E-11 -2.50599649201756E-11  7.59999878549629E-11
 -1.49426874625417E-09  3.62669517574685E-09 -3.38674519173812E-09  2.15785237032185E-09 -1.22406354074366E-09
  5.17079217523459E-10 -1.34598343853948E-10 -1.90933910755623E-11 -1.79862143980500E-10 -1.04967632979919E-09
 -2.45323323353055E-09  3.19567195982288E-09 -2.38132443753006E-09  1.01332913178269E-09 -5.41785070277300E-10
  1.37395614015657E-10  9.85768588318430E-02 -8.08002834908791E-02  3.85024348061693E-02 -1.26345720996642E-02
  1.18348721279859E-01 -9.70066437853088E-02  4.62249860586339E-02 -1.51687269161701E-02  3.93349776090974E-01
 -3.22416171460149E-01  1.53635693908779E-01 -5.04155454465256E-02  1.23622938081649E+00 -1.01329749814846E+00
  4.82850049232867E-01 -1.58447220054543E-01 -4.62866781636404E-01  3.79397027029713E-01 -1.80787847124310E-01
  5.93255231960164E-02
* ORBITAL    1   44
  1.13045236422460E-15  4.08574911079562E-14 -3.62164919767156E-14  1.30042935003980E-12 -1.82619110952387E-12
  2.17806741315613E-11 -3.50981416000706E-11  2.68106712261793E-10 -6.67773651991598E-10  8.01933287698056E-10
 -5.59951115985666E-10  2.90547966882090E-10 -1.22750664633074E-10  2.90325785116208E-11  2.50458700336914E-11
 -1.11458857135288E-10  1.50670622257835E-09 -4.40368835051962E-09  4.24742752397839E-09 -2.75779954314099E-09
  1.51399420850994E-09 -6.56540891015672E-10  1.70357839407289E-10  1.39297335967711E-11  1.28968659565425E-11
  7.96450435892236E-10 -8.52632327802186E-10  5.97040765835900E-10 -3.12726787050213E-10  2.58419987710566E-10
 -8.64913148769370E-11  2.33289837794285E-11 -1.53757467646209E-10  5.94748281980577E-10 -9.20971242768377E-09
  2.50937691477938E-08 -2.39275880275715E-08  1.54380115712624E-08 -8.57646245784567E-09  3.68621611866327E-09
 -9.57559654002789E-10 -2.44550610424151E-01  2.00450276915159E-01 -9.55172851531479E-02  3.13439924543244E-02
  1.34896862413968E+00 -1.10570623311060E+00  5.26884069127771E-01 -1.72896981536277E-01 -1.90633861258399E-01
  1.56256450196960E-01 -7.44583252252072E-02  2.44334957838088E-02 -6.21337438364176E-02  5.09290332015804E-02
 -2.42683774837033E-02  7.96366688509590E-03 -3.51195338361027E-02  2.87863533459674E-02 -1.37170891593708E-02
  4.50126213767666E-03
* ORBITAL    1   45
 -1.84894247713963E-14 -7.62930938828318E-13  6.25687041326132E-13 -2.37652149048128E-11  3.22186218880784E-11
 -3.97505425555505E-10  6.24746616079284E-10 -4.90478238423798E-09  1.22174544471681E-08 -1.45303512436287E-08
  1.00292494801394E-08 -5.16114326374552E-09  2.18982076883861E-09 -5.18202922735158E-10 -2.45120705551815E-12
  6.05311547093329E-11 -1.64414080394360E-10  1.52508103334140E-09 -1.62747385013666E-09  1.11545776981083E-09
 -5.57716595257533E-10  2.61420270659234E-10 -6.72339126739920E-11  1.37547793704081E-10 -5.21946448078375E-10
  8.23502163612196E-09 -2.22266533834301E-08  2.11596469017855E-08 -1.36394112696068E-08  7.58962276944585E-09
 -3.25783676794692E-09  8.46413888453606E-10  1.22075332163862E-11  2.05955816479083E-11  6.91797848249810E-10
 -5.52375659615547E-10  3.08016139763071E-10 -1.25865011689187E-10  1.56151735551450E-10 -4.23732351701619E-11
  1.18801294664197E-11  6.25164250887317E-03 -5.12427047264811E-03  2.44178462356750E-03 -8.01271504862303E-04
  1.81240711669237E-01 -1.48557187320825E-01  7.07895216736939E-02 -2.32295780778708E-02  1.26696170144633E+00
 -1.03848779381132E+00  4.94853567934863E-01 -1.62386174134898E-01 -2.44038870989000E-01  2.00030820545194E-01
 -9.53174084820811E-02  3.12784029346884E-02  4.72569995582345E-01 -3.87350439694380E-01  1.84577756487865E-01
 -6.05691817720853E-02
* ORBITAL    1   46
  5.47092418290644E-12  2.19694463662282E-11  2.81924961389775E-10  2.89897967111016E-10  6.14423853206167E-09
 -3.46841003999278E-10  1.18117905178319E-07  1.93629253339670E-08 -8.07237616921636E-07  1.53234541361275E-06
 -1.27499683680526E-06  5.50169635317875E-07 -1.70084445194966E-07  7.32636688222875E-08  2.51411698000731E-02
 -7.65451157326880E-02  1.47816689382321E+00 -3.40941748896403E+00  3.10876260239387E+00 -1.92015342069748E+00
  1.10287345006906E+00 -4.62068513592619E-01  1.20480377195295E-01  2.92378116320995E-04 -8.90178265354755E-04
  1.71902762279799E-02 -3.96496686592289E-02  3.61532159057915E-02 -2.23303390042348E-02  1.28258177703869E-02
 -5.37360564555027E-03  1.40112140545465E-03  1.60522294502364E-03 -4.88728288768101E-03  9.43785608738851E-02
 -2.17685778736313E-01  1.98489451040624E-01 -1.22598684533862E-01  7.04166823919255E-02 -2.95023276855235E-02
  7.69247772071972E-03  1.04258205846786E-08 -1.03193286415048E-08  4.54884840978022E-09 -1.50592103502655E-09
  6.47280026993949E-10 -6.43174218576154E-10  2.86708633325136E-10 -9.33661827874228E-11  9.27284931764090E-10
 -1.05919348237573E-09  7.74616947661240E-10  6.60382636660518E-11 -1.85070726432081E-09  1.63510107150667E-09
 -5.21733113592385E-10  2.33105797446776E-10 -2.06993737656029E-09  2.26675847838063E-09 -1.50283065190385E-09
 -4.89917989313053E-11
* ORBITAL    1   47
  4.35326382962494E-12  4.29465631823180E-11  1.64642267107363E-10  1.05784816451023E-09  2.92493234407057E-09
  1.24327578584525E-08  6.10957415401746E-08  2.56823159420300E-07 -1.22498888445316E-06  1.78197250044054E-06
 -1.23203474198347E-06  6.08624360603850E-07 -3.39456346210399E-07  1.13041793949980E-07 -1.25739995496507E-04
  3.82829399019076E-04 -7.39284259899676E-03  1.70517178374749E-02 -1.55480347308893E-02  9.60337378150390E-03
 -5.51586478834614E-03  2.31096956211383E-03 -6.02564974374489E-04  2.50597383710958E-02 -7.62971815453133E-02
  1.47337926263500E+00 -3.39837440316129E+00  3.09869325331978E+00 -1.91393386593474E+00  1.09930120484965E+00
 -4.60571807945854E-01  1.20090056337181E-01 -2.59507153479645E-03  7.90098598271967E-03 -1.52576396901304E-01
  3.51920062485047E-01 -3.20886457845635E-01  1.98198210153021E-01 -1.13838589332573E-01  4.76947029368630E-02
 -1.24359747225254E-02 -1.99143479650896E-09  2.18894216758910E-09 -1.46685879789903E-09 -5.97334304934170E-11
 -2.79954409828183E-09  2.56138190725592E-09 -8.99119538220229E-10  3.92104987713076E-10 -5.81355226076001E-09
  5.78116943366513E-09 -2.58092758673042E-09  8.37790633096716E-10  2.09368601718228E-10 -2.28804747305027E-10
  1.51601757691710E-10  5.77854720511392E-12 -1.04070740777127E-08  1.03017169966512E-08 -4.54457879034155E-09
  1.50088804421625E-09
* ORBITAL    1   48
  1.53699072102022E-12  5.02164664251581E-12  8.14067376161412E-11  4.35392668085075E-11  1.73551301365274E-09
 -1.00034861938557E-09  3.36973625192590E-08  8.80578547983043E-10 -1.73662160626977E-07  2.60190050918848E-07
 -1.32316632905976E-07  4.29459507106243E-08 -4.53536081459437E-08  2.27982122151425E-08 -1.62678060551390E-03
  4.95291411511207E-03 -9.56460437933319E-02  2.20609230746265E-01 -2.01155097559344E-01  1.24245126958040E-01
 -7.13623511383928E-02  2.98985238860597E-02 -7.79577597200163E-03  2.58161227385878E-03 -7.86000722721349E-03
  1.51785066015827E-01 -3.50094837774408E-01  3.19222186366153E-01 -1.97170255592330E-01  1.13248167256491E-01
 -4.74473336944682E-02  1.23714740842880E-02  2.50085896993976E-02 -7.61414465819798E-02  1.47037201560765E+00
 -3.39143807991439E+00  3.09236859100635E+00 -1.91002733979062E+00  1.09705743939375E+00 -4.59631719952511E-01
  1.19844915498131E-01 -8.75512778956898E-10  8.89203929632714E-10 -4.43990926438096E-10  9.03699583635890E-11
  1.02166680209716E-08 -1.01363616685654E-08  4.49787370113112E-09 -1.47289968420311E-09 -2.67582231692352E-09
  2.41481221003785E-09 -8.18095748768658E-10  3.59591531785842E-10 -1.82415452159780E-09  2.03638214503371E-09
 -1.41359186671462E-09 -8.24653111927357E-11 -9.47041712600759E-10  9.23606876837696E-10 -3.74999938038795E-10
  1.58926628116609E-10
* ORBITAL    1   49
  1.03263077700593E-04 -4.51938692498907E-04  7.29389960717454E-03 -2.29429670561705E-02  1.73555081661615E-01
 -4.86211292206018E-01  3.21091262818385E+00 -7.03916471234404E+00  7.57264801407827E+00 -5.08856801669770E+00
  2.94757631341974E+00 -1.56157239748963E+00  5.98664942584284E-01 -1.51413954536562E-01 -1.70132632279204E-08
  3.31882517856828E-07 -9.22410849016825E-07  7.45260592363451E-07 -4.88885980262920E-07  2.98863944456682E-07
 -1.67174422033001E-07  6.98221620160536E-08 -1.78766718544268E-08 -1.16887683702268E-08  2.19442019319558E-07
 -6.26157673330212E-07  4.94746646657478E-07 -3.67757585892717E-07  1.30176256048780E-07 -1.46898344824110E-07
  4.79791499380343E-08 -1.29910110417005E-08 -3.99041425471126E-09  7.70913303041983E-08 -2.14927189141684E-07
  1.72024716040034E-07 -1.23651923684965E-07  5.15996409078911E-08 -4.86286687765598E-08  1.64640741563910E-08
 -4.55752561472334E-09  2.07271621346593E-11 -1.79016774163847E-11  5.58273682180633E-12  5.06118793899538E-13
 -3.90694535156316E-11  2.76918530660238E-11 -4.43662444759750E-12 -1.11316035800773E-12 -6.13284941446629E-10
  5.40152218707813E-10 -2.50699477072654E-10  4.24945799265891E-10  1.23109995488462E-10 -1.05466811920946E-10
  3.16560623598150E-11  4.50220890792379E-12  7.09357961261209E-10 -6.49282693068492E-10  3.80919366896496E-10
 -6.89206427098107E-10
* ORBITAL    1   50
 -2.85729079448667E-12  9.50031615330700E-12 -1.95084510103282E-10  5.26816272942596E-10 -4.60947988660107E-09
  1.00878541685808E-08 -8.52188431788475E-08  2.04326345501955E-07 -2.29948797643349E-07  1.34078582262380E-07
 -3.86685474511292E-08  1.90156253939055E-08 -2.40932019599756E-08  1.04298628004989E-08  1.13182228800450E-02
 -3.02371378690116E-01  4.95315812887559E-01 -3.79139083323919E-01  2.44784972333169E-01 -1.54403231635558E-01
  7.88221566958779E-02 -3.58891030327862E-02  9.42603937093182E-03 -5.47718141841996E-03  1.46325338417680E-01
 -2.39696140606712E-01  1.83475206739984E-01 -1.18457777399635E-01  7.47197130229281E-02 -3.81440815127171E-02
  1.73676661741665E-02 -4.56150727978743E-03 -6.17451098890517E-02  1.64954808451625E+00 -2.70213152553250E+00
  2.06834427959870E+00 -1.33539277896947E+00  8.42326841532662E-01 -4.30004109634025E-01  1.95788378358611E-01
 -5.14225754557549E-02 -2.22162695617421E-10  3.14764856400579E-10 -1.04699911520267E-10  6.53267860249975E-12
  7.02271581983309E-10 -1.27723212799426E-09  3.53669173197534E-10 -1.13883363657459E-10 -2.30621558242285E-10
  2.56596337895131E-10  5.67368222914844E-11  1.06898455158059E-11 -1.02689715034760E-09  8.78985454304412E-10
 -4.89485312360850E-10 -1.68404569413396E-10  1.27832537054867E-10 -4.99262813357866E-11  5.56482470235409E-11
  4.04306238190124E-11
* ORBITAL    1   51
 -1.56710000047230E-11  4.77990020825595E-11 -1.05815646585218E-09  2.70487365501970E-09 -2.44570799774973E-08
  5.04293804532703E-08 -4.79498509460690E-07  1.20686200869728E-06 -1.47267483471579E-06  1.10556976878396E-06
 -6.30201194021059E-07  3.31931192585093E-07 -1.69167404963825E-07  6.05484752309351E-08  2.24872260070700E-03
 -6.00756298307005E-02  9.84101381943516E-02 -7.53279606899937E-02  4.86342705759366E-02 -3.06770819416129E-02
  1.56605119571427E-02 -7.13050408717008E-03  1.87278006742378E-03 -6.26883249111159E-02  1.67474652695638E+00
 -2.74340917256344E+00  2.09994024320468E+00 -1.35579219843632E+00  8.55194210415071E-01 -4.36572826144868E-01
  1.98779222930536E-01 -5.22080892353329E-02  5.97305397087465E-03 -1.59572798050525E-01  2.61396857003084E-01
 -2.00086004708134E-01  1.29182268429980E-01 -8.14844107012752E-02  4.15974278203907E-02 -1.89400345423799E-02
  4.97447875628231E-03 -1.08192448627682E-09  9.54676186809064E-10 -4.89457918311278E-10 -1.63169670824583E-10
 -1.42594576050489E-10  2.08842665726690E-10  7.58614699916309E-11  3.06863918396990E-11 -4.29201463417786E-10
  7.62507359990146E-10 -2.23652027204255E-10  6.21530074410028E-11  1.03278662977621E-10 -8.95556218757996E-11
  4.14949063657576E-11  1.52458573450349E-11 -6.81767473549642E-10  1.27168942684369E-09 -3.32317546736821E-10
  1.23360002782783E-10
* ORBITAL    1   52
 -2.95189372722809E-11  1.17735718608432E-10 -2.05557060309784E-09  6.13247904776481E-09 -4.81564089178656E-08
  1.27729321980760E-07 -9.21621780840910E-07  2.10334098651173E-06 -2.41412859211519E-06  1.83124058220772E-06
 -1.15173421831931E-06  5.44660525719855E-07 -1.74306705656068E-07  6.51099062052320E-08 -6.19467571219078E-02
  1.65493533996914E+00 -2.71095642549061E+00  2.07509942106621E+00 -1.33975413338301E+00  8.45077909232884E-01
 -4.31408449103634E-01  1.96427783301354E-01 -5.15904595317596E-02 -3.27637179852836E-03  8.75297334032944E-02
 -1.43382815505847E-01  1.09752256438919E-01 -7.08597558787964E-02  4.46962695224681E-02 -2.28172454139944E-02
  1.03890896360243E-02 -2.72862742393757E-03 -1.10645524639284E-02  2.95594452882947E-01 -4.84214487077185E-01
  3.70641575739932E-01 -2.39298693455275E-01  1.50942644290326E-01 -7.70555438290460E-02  3.50847325995859E-02
 -9.21477890661739E-03  6.55821119266388E-10 -1.24132910433218E-09  3.20279908343744E-10 -1.24706719274393E-10
  1.23149559183961E-10 -2.25765042521656E-10  6.74282623116979E-11 -1.96920904040136E-11  5.65819442905212E-10
 -4.61439859728199E-10  2.83784399831566E-10  1.02805061435763E-10 -2.59555409653198E-10  2.43737431631272E-10
  2.36386829751284E-11 -1.03157463556737E-11 -1.08140034983140E-09  9.65423348725332E-10 -4.89549290781814E-10
 -1.58900927947370E-10
* ORBITAL    1   53
 -1.13239103161636E-04  3.55086447836902E-03 -1.52243162744846E-02  1.32607171264115E-01 -4.61920970205689E-01
  3.27220882875238E+00 -5.68202402083377E+00  5.31993963012047E+00 -3.73521294088637E+00  2.42450212548282E+00
 -1.38581889995895E+00  6.77426565434846E-01 -3.02809969328525E-01  7.22186188771052E-02 -2.59184558164661E-09
  2.67254893583826E-08 -1.84141880973947E-09  1.22048028572459E-08  1.23849028437457E-08  4.04087891379860E-08
  1.76582390585205E-08  6.66681943359760E-10  2.28927869298628E-10 -6.92812965647264E-09  6.73620890215608E-08
 -1.06763241129166E-08  2.30401159677574E-08 -1.04942741677811E-08  1.77635400879167E-08  1.59364562891044E-09
  2.29073101624613E-09 -5.09106843130233E-10 -7.71929842805637E-10  7.70518727435743E-09 -6.45811090736259E-10
  2.74615927225647E-09 -2.67621273912198E-10  3.86722899261747E-09  9.89152169013264E-10  2.43053741220728E-10
 -7.84356096014944E-11  5.25469599948087E-12 -4.70742761458315E-12  1.25362203751818E-12  3.22961995701502E-13
 -9.82182964395738E-12  6.98697568337452E-12 -5.13058841858663E-13 -6.33694182312429E-13 -1.53310378758396E-10
  1.40272370095421E-10 -6.29414668328855E-11  1.28978463055061E-10  3.12118760354516E-11 -2.77150096118831E-11
  6.99068821138796E-12  2.38846106339295E-12  1.75811135339492E-10 -1.67875177140404E-10  1.00323786857631E-10
 -2.11204736263640E-10
* ORBITAL    1   54
 -1.35945232331208E-12  1.58299580412515E-11 -1.17001261680280E-10  6.31749484871053E-10 -2.65940187975753E-09
  1.65683157546122E-08 -6.46251917371609E-08  1.25775156089718E-07 -1.49366431112734E-07  1.32141967782540E-07
 -9.14974684673793E-08  3.67943600916598E-08 -7.51832812321043E-09  5.40847842637993E-09  1.30481723599255E+00
 -1.30466509592271E+00  1.01238455991581E+00 -7.32448245534175E-01  4.79894744161635E-01 -2.87182779260995E-01
  1.66453124798696E-01 -7.22282901145528E-02  1.91763028131488E-02  1.33742980513926E-02 -1.33727385258995E-02
  1.03768805606074E-02 -7.50755023366216E-03  4.91889209983285E-03 -2.94360617540563E-03  1.70613448259168E-03
 -7.40335661130849E-04  1.96555980072125E-04  7.34722538183599E-02 -7.34636865008552E-02  5.70058181377453E-02
 -4.12430345137477E-02  2.70221351007804E-02 -1.61708209871070E-02  9.37271960563450E-03 -4.06706423745421E-03
  1.07978830436623E-03  1.05675226396543E-10 -2.07895273206181E-10  5.05110647245831E-11 -1.82286481173138E-11
  5.94834998531097E-12 -1.16724824391631E-11  3.11084872753241E-12 -9.76787151731724E-13  9.87906092666450E-11
 -9.05162127736774E-11  5.25821264517058E-11  1.56080871107352E-11 -1.98883976432886E-11  2.10048805065008E-11
  1.50593042269854E-11  1.75404829505922E-12 -1.74456442707650E-10  1.62423811479921E-10 -8.98680231687277E-11
 -2.62976048625276E-11
* ORBITAL    1   55
 -1.94520840855024E-12  3.67627627374683E-11 -2.05193739962422E-10  1.41151656529797E-09 -5.99137957822243E-09
  3.36412502870094E-08 -7.75242585539987E-08  1.20437446825601E-07 -1.35464097989623E-07  1.06701090808503E-07
 -5.93576978756938E-08  3.06480661511006E-08 -1.91129650909383E-08  8.04703757270075E-09 -6.10597064612301E-03
  6.10525857806524E-03 -4.73751454924952E-03  3.42753571247865E-03 -2.24569641194922E-03  1.34388909422609E-03
 -7.78927425830600E-04  3.37996594173715E-04 -8.97366110051943E-05  1.30062388096285E+00 -1.30047219445013E+00
  1.00913103046786E+00 -7.30094356219234E-01  4.78352498355530E-01 -2.86259850539632E-01  1.65918190451056E-01
 -7.19961643030090E-02  1.91146675788748E-02 -1.28317224670849E-01  1.28302259578324E-01 -9.95590616969480E-02
  7.20298027195156E-02 -4.71934015162355E-02  2.82418845751549E-02 -1.63691917429596E-02  7.10301269358371E-03
 -1.88581885367012E-03 -1.73275928329443E-10  1.60728930167328E-10 -8.92956071874417E-11 -2.63754835406612E-11
 -2.06648263678845E-11  3.25610309144312E-11  1.49742354292357E-11  5.01378098242799E-12 -6.11618427115958E-11
  1.19659040582748E-10 -3.21298549293771E-11  9.89208555454289E-12  1.70925867538848E-11 -1.58205473532802E-11
  8.68513899435970E-12  2.59494430455079E-12 -1.06316509398591E-10  2.08121809023350E-10 -5.08577077005805E-11
  1.80254832221088E-11
* ORBITAL    1   56
 -5.81116862009748E-13  7.97946870971688E-12 -5.41333112570732E-11  3.20174943463414E-10 -1.53289008148676E-09
  7.34448259163903E-09 -2.01048387282101E-08  3.40726346955756E-08 -3.69954490676799E-08  2.49847050522732E-08
 -9.57804089623482E-09  3.44266720941463E-09 -3.60053983011050E-09  2.13375967567249E-09 -7.44295713842960E-02
  7.44208912065558E-02 -5.77485874312170E-02  4.17804196250337E-02 -2.73742264352001E-02  1.63815215202000E-02
 -9.49484336048542E-03  4.12005604072099E-03 -1.09385668727068E-03  1.27764318942243E-01 -1.27749417808175E-01
  9.91300726290885E-02 -7.17194342738432E-02  4.69900504999087E-02 -2.81201933308586E-02  1.62986587204093E-02
 -7.07240647077671E-03  1.87769289745985E-03  1.29856135494919E+00 -1.29840990430490E+00  1.00753076101688E+00
 -7.28936580691388E-01  4.77593933870352E-01 -2.85805901299197E-01  1.65655078831006E-01 -7.18819913922075E-02
  1.90843530589426E-02 -2.30978506005718E-11  2.76400944082445E-11 -1.16741374500286E-11 -1.57929454310641E-12
  1.05951802594675E-10 -2.07364565738070E-10  5.31589059337580E-11 -1.75531853088097E-11 -2.34294881397583E-11
  3.09016659245819E-11  1.72344622963927E-11  3.88517002904007E-12 -1.71927040229960E-10  1.58811675723651E-10
 -9.00655895840414E-11 -2.66089382334871E-11 -6.34395227769073E-13  1.13840941403861E-11  7.23858100696322E-14
  3.27274573100218E-12
* ORBITAL    1   57
  9.89886768775240E-04 -7.65067964697993E-03  8.11503053178392E-02 -3.75702670453717E-01  2.88040457269607E+00
 -4.33826636517945E+00  3.84003348483275E+00 -2.88720859575908E+00  1.99753267443315E+00 -1.25298032421418E+00
  7.25673806956913E-01 -3.74665442007146E-01  1.56924489942948E-01 -3.87453679981539E-02 -1.29820773919346E-09
 -4.55966753595854E-09 -3.21442122918591E-09 -3.60382108979037E-11  8.10317999037111E-10  1.40131832547772E-09
  5.89860984440873E-10 -3.28653971917396E-11  3.52435286782888E-11  5.09575334393859E-10  1.70019675690510E-09
  1.03458649800457E-09 -9.93554700801920E-11 -7.26520750466536E-10 -1.56533929771424E-09 -7.62158102138883E-10
  2.77627459085074E-14 -6.61006677589514E-12  6.63612580629465E-11  2.37939523615166E-10  2.07133026144801E-10
  3.23841051528757E-11  1.10263099944547E-10  2.58535082522210E-10  1.28468448706972E-10  1.25785358077632E-12
 -2.39724779245529E-12  5.57378349900027E-13 -4.88118814945468E-13  1.27884399107739E-13  4.00530183627505E-14
 -1.03827670667448E-12  7.14510963989253E-13 -3.73650663826149E-14 -7.69709041003182E-14 -1.63017506812680E-11
  1.46808759536432E-11 -6.75960633902376E-12  1.43616007606608E-11  3.30485461495716E-12 -2.86851488708543E-12
  7.05582853338125E-13  2.92639041346299E-13  1.87333942141003E-11 -1.76780855769173E-11  1.09232830033651E-11
 -2.35671301859304E-11
* ORBITAL    1   58
 -2.41072085923893E-03  4.11711651200552E-02 -2.73336083135207E-01  2.43405037254880E+00 -3.32148464779426E+00
  2.76048042117673E+00 -2.04999839975034E+00  1.49891547759127E+00 -1.03938001933057E+00  6.64059255680828E-01
 -3.87280782457851E-01  1.99137386436415E-01 -8.46988084471946E-02  2.08110720901435E-02 -2.59008836761385E-11
 -1.47506777041892E-10 -1.00748608367848E-10  4.71575405281942E-11  2.24147070517074E-10  5.27357564170490E-10
  2.82614540995871E-10  4.06580827097426E-12  3.17630143489982E-12  1.61350341622024E-10  1.00832264913666E-09
  7.48581003082558E-10  5.85986691183681E-11  5.23569790041563E-11  1.36818408543740E-10  9.01818830532903E-11
  7.96982205620822E-13  9.51732307995644E-13  5.96638292399755E-12  3.76832375031935E-11  3.06854138795539E-11
  6.67641135136722E-12  2.23113762175082E-11  5.34568019629705E-11  2.93714328566491E-11  4.56391479890653E-13
  7.75292207967813E-14  2.42099491305894E-14 -2.28270489796617E-14  5.55841293936194E-15  1.33390441621326E-15
 -4.45416392044107E-14  3.26624294114753E-14 -3.05255543973553E-15 -1.84232882545155E-15 -6.88372376019439E-13
  6.48120376924787E-13 -2.78398687297406E-13  6.09414671950031E-13  1.41790573874239E-13 -1.29682752147878E-13
  3.00501887114792E-14  1.26340083370935E-14  7.83179045380482E-13 -7.68622026249232E-13  4.50750487489828E-13
 -1.00045135474450E-12
* ORBITAL    1   59
  1.42998767414448E-02 -1.67682930107197E-01  1.99486415801397E+00 -2.44574109983431E+00  1.90035298882452E+00
 -1.37202930179230E+00  1.00860276051553E+00 -7.46658988853592E-01  5.23315463166502E-01 -3.36273962074410E-01
  1.96799593047411E-01 -1.01446679620022E-01  4.31429471418234E-02 -1.06101807348921E-02 -2.33382172832450E-11
 -1.66277362912891E-10 -1.25846981132729E-10 -4.69094189261162E-12  1.71011025701056E-11  3.93586072621310E-11
  2.01317419927899E-11  6.38622342888314E-13  9.01237002336841E-14  2.83892078853924E-11  2.00362432092047E-10
  1.54450580446361E-10  1.07498202863983E-11  6.68145654502716E-12  1.59098113200955E-11  1.13083049025072E-11
 -1.98827039449359E-13  1.81670563112786E-13 -6.85072118770873E-13 -4.82538393076605E-12 -3.55982068337239E-12
  3.03477154202750E-13  2.26566127704748E-12  5.51195474450984E-12  2.97543535791884E-12  7.20662364891246E-14
  1.47972467138449E-14 -2.69792433031720E-16  1.26927815656199E-15 -9.84872536669503E-16  7.54264979775525E-16
 -2.96801137184653E-17 -2.02716631785286E-15  1.97089216531332E-15 -1.60693356304675E-16 -1.00041956530643E-14
  5.67485625960670E-15 -4.27413692823597E-15  9.78610152158985E-15  1.33295341424231E-15 -1.10529877374087E-15
  1.69643001813032E-15 -3.42856011534337E-16  1.17172912873810E-14 -8.51992095506960E-15  8.67989626597729E-15
 -1.67724477633107E-14
* ORBITAL    1   60
 -7.52245443099046E-02  1.59432612735447E+00 -1.67592671056238E+00  1.20582579275450E+00 -8.47539882832031E-01
  6.14616792056491E-01 -4.58281330588202E-01  3.42391037604155E-01 -2.41156691561408E-01  1.55372388015494E-01
 -9.10489405229307E-02  4.69647129982238E-02 -1.99798867059936E-02  4.91435880001446E-03 -1.72528792781365E-12
 -1.23993160017736E-11 -9.18886739423368E-12  1.44427851156510E-12  8.56565177845595E-12  2.08601728874618E-11
  1.13743933039179E-11  2.61016858281979E-13  6.91162371865350E-14  7.49099410895511E-12  5.44080981803758E-11
  4.27052631884404E-11  3.54008187220649E-12  5.02101050933875E-12  1.18057957831323E-11  7.25979053307361E-12
  1.71516797925213E-14  7.99272126310066E-14  3.40976814856824E-13  2.46829987194823E-12  2.01441284046831E-12
  4.04845691090865E-13  1.33932408741116E-12  3.20415878893178E-12  1.81133851609997E-12  3.04862191922929E-14
  1.31134604768709E-14 -8.99423681571747E-16  4.23889325399674E-16 -2.84822303183571E-16  2.84525860744791E-16
 -1.01290259811724E-16  4.12385520089005E-16 -6.53141543742122E-16  9.41192155993377E-16 -2.16653107064401E-15
  2.56578954314415E-15 -1.38525335353345E-15  4.24300170386599E-16 -7.78305838231667E-16  1.70079289651720E-15
 -2.14159070336344E-16  5.10517513555612E-17  7.44092671759312E-16 -1.28592585320849E-15  1.13806720971558E-15
 -1.03611406310937E-15
* ORBITAL    1   61
  1.25985123132755E+00 -9.86122843847404E-01  6.37198345749911E-01 -4.34655258629714E-01  3.10445549922363E-01
 -2.28331186552712E-01  1.71535234818776E-01 -1.28621481577261E-01  9.07482833747609E-02 -5.85172027784885E-02
  3.43054877896280E-02 -1.76990648198502E-02  7.53026884589824E-03 -1.85227179535293E-03 -4.42125716076623E-13
 -3.26679697001198E-12 -2.45873872279752E-12  1.29989103507530E-13  1.27423691322518E-12  3.06489508775127E-12
  1.66668706961035E-12  3.87177395535031E-14  8.55328412327060E-15  9.28965393386141E-13  6.80890829111638E-12
  5.35332923426787E-12  4.29827317069370E-13  5.59242186573984E-13  1.31185613435946E-12  8.16688193104998E-13
  2.52127400632834E-16  8.55614807134356E-15  2.61269998056206E-13  1.89742488634929E-12  1.52403578409657E-12
  2.18452252762192E-13  5.99199499421230E-13  1.44069427030090E-12  8.19225241838015E-13  1.37205569330126E-14
  5.67690779405557E-15  5.60782923334939E-16 -1.41454524210573E-15  1.41839411730125E-15  1.58407178265988E-16
  7.40729502045766E-16 -6.82775183179906E-16 -1.76402322366408E-16  2.46640244286030E-16 -3.71420449317113E-16
 -2.25458915173803E-16 -2.52418185840758E-17  7.08330811438172E-16 -1.83511542574633E-16  2.13929257993375E-16
 -1.45785897325389E-16 -4.85736529368169E-17 -1.83398541233864E-15  1.11753392538905E-15  3.04513130180728E-16
 -9.49081769865073E-16
#OCC
* OCCUPATION NUMBERS
  1.99686925810239E+00  1.80733061312361E+00  6.30258410939333E-04  6.30258416542295E-04  6.30258372434356E-04
  1.25085306283279E-03  6.42194959646804E-02  6.42194979982336E-02  6.42195065483404E-02  0.00000000000000E+00
  0.00000000000000E+00  0.00000000000000E+00  0.00000000000000E+00  0.00000000000000E+00  0.00000000000000E+00
  0.00000000000000E+00  0.00000000000000E+00  0.00000000000000E+00  0.00000000000000E+00  0.00000000000000E+00
  0.00000000000000E+00  0.00000000000000E+00  0.00000000000000E+00  0.00000000000000E+00  0.00000000000000E+00
  0.00000000000000E+00  0.00000000000000E+00  0.00000000000000E+00  0.00000000000000E+00  0.00000000000000E+00
  0.00000000000000E+00  0.00000000000000E+00  0.00000000000000E+00  0.00000000000000E+00  0.00000000000000E+00
  0.00000000000000E+00  0.00000000000000E+00  0.00000000000000E+00  0.00000000000000E+00  0.00000000000000E+00
  0.00000000000000E+00  0.00000000000000E+00  0.00000000000000E+00  0.00000000000000E+00  0.00000000000000E+00
  0.00000000000000E+00  0.00000000000000E+00  0.00000000000000E+00  0.00000000000000E+00  0.00000000000000E+00
  0.00000000000000E+00  0.00000000000000E+00  0.00000000000000E+00  0.00000000000000E+00  0.00000000000000E+00
  0.00000000000000E+00  0.00000000000000E+00  0.00000000000000E+00  0.00000000000000E+00  0.00000000000000E+00
  0.00000000000000E+00
#OCHR
* OCCUPATION NUMBERS (HUMAN-READABLE)
  1.9969  1.8073  0.0006  0.0006  0.0006  0.0013  0.0642  0.0642  0.0642  0.0000
  0.0000  0.0000  0.0000  0.0000  0.0000  0.0000  0.0000  0.0000  0.0000  0.0000
  0.0000  0.0000  0.0000  0.0000  0.0000  0.0000  0.0000  0.0000  0.0000  0.0000
  0.0000  0.0000  0.0000  0.0000  0.0000  0.0000  0.0000  0.0000  0.0000  0.0000
  0.0000  0.0000  0.0000  0.0000  0.0000  0.0000  0.0000  0.0000  0.0000  0.0000
  0.0000  0.0000  0.0000  0.0000  0.0000  0.0000  0.0000  0.0000  0.0000  0.0000
  0.0000
#ONE
* ONE ELECTRON ENERGIES
  0.0000E+00  0.0000E+00  0.0000E+00  0.0000E+00  0.0000E+00  0.0000E+00  0.0000E+00  0.0000E+00  0.0000E+00  2.7467E-02
  2.7467E-02  2.7467E-02  3.8954E-02  1.3524E-01  1.3524E-01  1.3524E-01  1.8410E-01  1.8410E-01  1.8410E-01  1.8410E-01
  1.8410E-01  2.5699E-01  5.1155E-01  5.1155E-01  5.1155E-01  6.0298E-01  6.0298E-01  6.0298E-01  6.0298E-01  6.0298E-01
  1.1038E+00  1.6734E+00  1.6734E+00  1.6734E+00  1.7499E+00  1.7499E+00  1.7499E+00  1.7499E+00  1.7499E+00  4.3185E+00
  5.1856E+00  5.1856E+00  5.1856E+00  5.1856E+00  5.1856E+00  5.6385E+00  5.6385E+00  5.6385E+00  1.6808E+01  2.1883E+01
  2.1883E+01  2.1883E+01  5.6145E+01  9.3765E+01  9.3765E+01  9.3765E+01  1.7018E+02  5.3977E+02  1.8872E+03  7.8125E+03
  4.5770E+04
#INDEX
* 1234567890
0 222222222s
1 ssssssssss
2 ssssssssss
3 ssssssssss
4 ssssssssss
5 ssssssssss
6 s
