#INPORB 2.2
#INFO
* RASSCF natural orbitals for root number  1 E=      -14.653837271451
       0       1       0
      61
      61
*BC:HOST dzemail-jasarevic-compchemp-comp PID 257835 DATE Fri Feb 13 17:18:30 2026
#ORB
* ORBITAL    1    1
  5.28305570973419E-05  4.14325693939395E-04  2.20617932424182E-03  9.47799791276468E-03  3.45400229790739E-02
  1.05279104104194E-01  2.44404881266284E-01  3.85810244891074E-01  3.14197081440315E-01  6.69886180981489E-02
 -4.71512122510427E-03 -5.88247156192039E-03 -2.95137286981155E-03  9.74143651451813E-05 -1.47931535211677E-11
 -7.06008366388242E-13 -8.26277981687621E-11  4.24852496514264E-10 -2.14462900019102E-10  1.12985837798811E-10
 -5.52420764818284E-11 -1.74450507031557E-11  4.79210610554068E-11  6.74731802474562E-12 -5.12123981571303E-12
  3.94049198482205E-11 -1.82864520968608E-10  8.59169317731593E-11 -3.81580570145550E-11  1.92675635446058E-11
  1.00817895275566E-11 -2.32015428917662E-11 -1.85981042386353E-12 -6.77310697367608E-12 -3.73163432483913E-11
  1.35903959528070E-11 -3.24037200295035E-11  3.02757047152095E-11  1.26126784007683E-11  2.96363033057594E-12
  7.78729373580678E-13  5.38089596703949E-14 -6.57440855907256E-14  4.91482322625713E-14  1.80715517613962E-13
 -4.02008643261486E-12  7.39335135337972E-12 -1.06468403273564E-11 -1.33630130966930E-11  1.21973077859048E-11
 -8.79737385075702E-12  1.69631245485460E-11  4.34269470669519E-12  6.86255559871605E-12 -1.25363583148589E-11
  1.81696676226700E-11  2.28393695150784E-11 -2.36291680510486E-11  2.18067055813529E-11 -3.94894875117477E-11
  4.00911269286137E-12
* ORBITAL    1    2
 -9.28584938346403E-06 -7.28544256724138E-05 -3.88372474238699E-04 -1.67584757941608E-03 -6.18243516527558E-03
 -1.94701198431990E-02 -4.85829439700401E-02 -9.25098831437451E-02 -1.30217676390519E-01 -6.29328293580957E-02
  2.85864530171666E-01  6.24285168999235E-01  2.35985665838624E-01 -1.77237971012803E-03  1.12257234880016E-10
  7.17349679417175E-10 -2.04522955441433E-09 -1.01206079038189E-09 -7.44606192204764E-09  2.92641466262763E-09
  1.00588233246447E-08 -2.36615441327740E-09 -9.86387769644503E-10 -5.05812115232542E-11 -3.44349603727323E-10
  9.71683213575414E-10  5.67582390704768E-10  2.85483990769166E-09 -3.59285217166228E-10 -5.56521259102589E-09
  1.70605756993147E-09  2.84075680522138E-10  6.90950517143911E-12  3.64120632810113E-11 -3.94621775454165E-11
  4.94231335388112E-10  8.00534296207793E-11  1.52773964467027E-09 -1.46084472592944E-09  1.65555407061475E-10
 -2.64559982165136E-10  9.32593540879649E-13  2.63375754317807E-13 -1.39104753642097E-12 -1.08983609186520E-11
 -6.34741532843844E-11 -5.17660424076297E-12  8.78044344975778E-11  1.14142349449251E-09  8.74312814378499E-11
  1.27644915731706E-12 -2.92540298057292E-10 -7.48074080952086E-10  1.09860303902688E-10  1.12299492097862E-11
 -1.54426397716368E-10 -1.95019145041147E-09 -1.80156345001069E-10  2.46022728677576E-10  3.64557442631699E-10
  8.64293238021329E-10
* ORBITAL    1    3
  1.48937245993125E-11 -6.49953226566496E-11  9.98329234088306E-10 -4.76765916216665E-09  3.21437702671152E-08
 -1.26244899708043E-07  3.67903680985495E-07 -5.27956233937698E-07  3.74464573097587E-07 -1.98579822193881E-08
 -2.46330060700584E-07  2.42144414505891E-07 -7.98426911507823E-08 -9.90994546663545E-09  4.09315770207296E-02
  3.00450261741625E-01  2.33276233955462E-01  8.50307299765414E-03 -2.19721061695904E-02 -5.45887153153116E-02
 -2.63948100788588E-02 -1.22618362641906E-03 -6.80468523427787E-06 -3.12712539070615E-02 -2.29540559037387E-01
 -1.78220354796463E-01 -6.49626537029687E-03  1.67864468545351E-02  4.17051629818746E-02  2.01653040728238E-02
  9.36812549331052E-04  5.20066911717841E-06  6.03922031902243E-02  4.43297217872839E-01  3.44185752476727E-01
  1.25458122382800E-02 -3.24185875884074E-02 -8.05425735275689E-02 -3.89439678699370E-02 -1.80921138390904E-03
 -1.00430139463524E-05 -1.04153666422338E-09 -2.66877321131877E-09  1.89812282040606E-09  4.16037033216574E-09
 -6.84195694229509E-10 -1.75561368798241E-09  7.37527356426259E-10  3.16232830047720E-09 -1.99479920266929E-10
 -8.69393011376157E-10  2.73190425680228E-09 -5.02164339513496E-10  1.68078578695341E-09  3.86289248461466E-09
 -8.10560900622782E-10 -7.75973926043681E-09  7.04129782272686E-10  1.56718672034515E-09 -4.33173885146235E-10
 -3.07850374833220E-09
* ORBITAL    1    4
  1.26137884694648E-11  3.33044309584833E-12  1.25583656048196E-10 -1.02673097950538E-09  6.87265282938589E-09
 -3.70633275869282E-08  1.28869643985613E-07 -2.45841460451971E-07  3.06217916105633E-07 -2.68344388868274E-07
  1.61552714336272E-07 -7.61376084904421E-08  4.07502284711684E-08 -1.77816285345660E-08  3.81848075083705E-02
  2.80288133908684E-01  2.17621933182826E-01  7.93244484616436E-03 -2.04976192829191E-02 -5.09254679324884E-02
 -2.46235560627629E-02 -1.14389803834349E-03 -6.34866228480702E-06  6.88948932967122E-02  5.05709565540615E-01
  3.92644103911372E-01  1.43121381453120E-02 -3.69828283713022E-02 -9.18822422466927E-02 -4.44269617371062E-02
 -2.06392595554524E-03 -1.14588552228665E-05  9.79373875266582E-03  7.18890334691718E-02  5.58162391861107E-02
  2.03453632681510E-03 -5.25728277044778E-03 -1.30615034853185E-02 -6.31550297923428E-03 -2.93397644363258E-04
 -1.62881410606862E-06  1.29693979790067E-09  2.96619214856210E-09 -1.07816317918171E-09 -5.58441703993411E-09
  4.01042328436557E-10  6.24002730355105E-10  1.82437854425529E-09 -2.97656466227974E-09 -1.19894424814425E-10
 -1.86680224677090E-10 -6.28417318646980E-11  4.87609576422956E-10  4.93704376929010E-10  1.01307211978839E-09
  5.95962277970881E-10 -2.74580226524369E-09  1.41875972906579E-09  3.68833334197844E-09 -2.77332056562958E-09
 -5.60885479193425E-09
* ORBITAL    1    5
 -4.77510481140996E-12 -1.16318914600291E-10  1.43370897703607E-09 -4.75420775012004E-09  3.37038702143816E-08
 -8.91786796549591E-08  2.69561848827785E-07 -3.11245405550942E-07  2.77888236003201E-08  3.38928889010466E-07
 -5.00553213024599E-07  3.90705757310952E-07 -1.56719605593598E-07  1.32083208712491E-08  5.62763716916072E-02
  4.13085730631883E-01  3.20728968059500E-01  1.16907290135997E-02 -3.02091511079371E-02 -7.50534288075292E-02
 -3.62899489084973E-02 -1.68586373653077E-03 -9.35748730096271E-06 -2.40021959403232E-02 -1.76183450280101E-01
 -1.36792744956236E-01 -4.98617496801076E-03  1.28843846918092E-02  3.20107283149796E-02  1.54778508940407E-02
  7.19047746397445E-04  3.99250104455247E-06 -5.05704229700186E-02 -3.71202346560639E-01 -2.88209757953520E-01
 -1.05053995481836E-02  2.71461988008598E-02  6.74436810649567E-02  3.26103989757384E-02  1.51497120521943E-03
  8.41123715756147E-06 -9.93059692750448E-10 -2.61258870998795E-09  2.05689283646011E-09  3.88669245755045E-09
  2.25689212813957E-10  8.54193172798743E-10 -1.77223570738064E-09 -2.79680009394480E-10 -1.27098333188476E-09
 -2.83617834209171E-09 -6.51442985705431E-11  6.27253380590829E-09 -7.76948766597392E-10 -2.12424163450055E-09
  2.76431450389728E-09  2.22841615807249E-09  1.11583631214794E-09  2.58600090885937E-09 -1.05462224143814E-09
 -4.76343449750019E-09
* ORBITAL    1    6
  8.41950845670917E-05  6.87188617068490E-04  3.50550744731024E-03  1.68394980132716E-02  6.77519992491927E-02
  3.37964218383670E-01  7.41296479944145E-01 -1.82791429354175E-01 -7.95610225494781E-01 -1.85085006790308E-01
  7.84257630595754E-02  1.93468782179019E-01  7.13026578565499E-02 -2.30430113650991E-04 -1.46988243401647E-10
 -2.08072801518056E-08 -1.11491226177669E-08  4.44482428876730E-10  1.45158097349308E-08  4.92824184628324E-08
  2.20661659151338E-08  1.75747253930513E-10  4.45569314572883E-09 -1.03997020228018E-10  7.96714851847605E-09
  4.78771526484251E-09  7.71956793585691E-11 -5.79468055591763E-09 -1.94994909931273E-08 -8.71427222659568E-09
 -3.38590851223253E-11 -1.94107647028090E-09  4.23360507010609E-10  1.17884056420631E-09  2.84712286946512E-09
  1.80886766708193E-09  5.85129812693208E-09  1.49293925072923E-08  7.27146522758939E-09 -1.11623028737746E-10
  6.13016031292105E-10 -2.26486374971934E-13  5.53777791369502E-12 -4.43395382877029E-12 -6.03663695219173E-12
 -1.33912975602647E-11 -5.14280783664532E-10  4.67158098425901E-10  6.74183026972213E-10 -1.88627961078213E-10
  6.68077562580936E-10 -5.42624271937258E-10 -2.57477966676747E-10  2.29652581101856E-11  8.78188251595116E-10
 -7.97632848176019E-10 -1.15065465034543E-09  2.87972888182645E-10 -1.19542332321793E-09  1.31417428208669E-09
 -3.91647185269927E-11
* ORBITAL    1    7
  6.48501166574827E-12 -7.56135688322880E-11  4.31858637524767E-10 -3.89282770004818E-09  1.73232024821050E-08
 -8.83453126293400E-08  2.10504901856733E-07 -3.73082643236374E-07  2.02517419554306E-07  1.98959789700907E-07
 -3.01529485769454E-07  2.89707024481067E-07 -1.67142563467513E-07 -3.13075159627047E-08  4.07625885662454E-04
  2.58586085325556E-03  7.36825151530343E-03  1.78212553813653E-02  7.96836799285926E-02  1.91822421738986E-01
  1.06545887982921E-01  2.09240079526114E-03  7.25814619899074E-04 -5.33290749385590E-04 -3.38307249455315E-03
 -9.63975872590460E-03 -2.33154400632388E-02 -1.04249292372443E-01 -2.50959362746486E-01 -1.39392872150118E-01
 -2.73748487536523E-03 -9.49576273267289E-04  9.30163363179226E-04  5.90073775794128E-03  1.68136254477761E-02
  4.06666700850988E-02  1.81831130513220E-01  4.37722116335872E-01  2.43128391840098E-01  4.77470360982168E-03
  1.65624828602916E-03  1.16434925350996E-09 -3.22749000219789E-10 -1.65381931164934E-09 -5.88559631258905E-09
  7.79296419562764E-10 -6.22463929985278E-12 -1.12024658670252E-09 -3.98566416325132E-09  5.87805575152498E-10
 -1.72351693942154E-10 -1.76578853630897E-09 -1.35922324646064E-09 -1.46086805842401E-09  5.38429103353650E-10
  1.40358760164574E-09  8.48825876613472E-09 -1.97533727054673E-10  2.29288825091267E-10 -1.24241606642559E-10
  1.63262914478142E-09
* ORBITAL    1    8
  1.24533720157694E-11  2.31111042214561E-11 -4.99596909742564E-11 -1.95845291055915E-10  2.08318722387198E-09
 -2.11384206625503E-08  7.59098058690590E-08 -1.87372191753720E-07  2.82356580870159E-07 -3.07465305271389E-07
  2.63439994638248E-07 -1.39288926922020E-07  3.35804095768306E-08 -7.11650620817855E-09  3.94977017260605E-04
  2.50561664300779E-03  7.13961146284356E-03  1.72682261619404E-02  7.72110045450983E-02  1.85869925182917E-01
  1.03239646794848E-01  2.02747467377045E-03  7.03290030853901E-04  9.99822556824114E-04  6.34263295662301E-03
  1.80727861731405E-02  4.37121185296567E-02  1.95448230635028E-01  4.70502530297683E-01  2.61335969998513E-01
  5.13228881262894E-03  1.78027632121665E-03  4.00139008661506E-04  2.53838427802673E-03  7.23291059580723E-03
  1.74940204823614E-02  7.82203306164289E-02  1.88299788203974E-01  1.04589257861552E-01  2.05399110710066E-03
  7.12485091286850E-04 -1.23277733374066E-09  5.81384724853503E-10  1.19582291225331E-09  7.10158665286053E-09
  2.97389107889243E-10 -3.37006868365305E-11 -1.42517531934000E-09  2.00544682064894E-10 -1.30001108479872E-10
 -1.35045266344889E-10  1.73079306926552E-10  7.51952401519001E-10 -6.34290248616295E-10  2.26127950427496E-10
  4.34821056037518E-10  3.99351602612079E-09 -1.43438815400959E-09  2.53642043820252E-10  2.37208352300061E-09
  6.72610229575723E-09
* ORBITAL    1    9
 -8.17146504372250E-12 -1.63925839291175E-10  8.44630139822150E-10 -5.83800902379260E-09  2.37609665517815E-08
 -1.00733089687883E-07  2.20014996436230E-07 -3.34163749424275E-07  5.72512533724619E-08  4.96237475770042E-07
 -6.67672599170774E-07  5.08831187866517E-07 -2.04846207267213E-07 -3.81874232386451E-08  9.96798798382606E-04
  6.32338384548893E-03  1.80181560166035E-02  4.35795358786081E-02  1.94856351024102E-01  4.69077285402238E-01
  2.60544474827484E-01  5.11672089244100E-03  1.77487786599684E-03 -1.78093942535501E-04 -1.12978298188480E-03
 -3.21922560563595E-03 -7.78623055254648E-03 -3.48142978202552E-02 -8.38084436041435E-02 -4.65505783233097E-02
 -9.14193017887273E-04 -3.17111482747636E-04 -5.38931035665179E-04 -3.41884109716047E-03 -9.74171640589377E-03
 -2.35619446273878E-02 -1.05351720938387E-01 -2.53613130229449E-01 -1.40866934047993E-01 -2.76644128854636E-03
 -9.59613697938460E-04  1.09390235843608E-09 -1.25599056825288E-10 -1.96684871912655E-09 -4.88460483546498E-09
 -4.36565522487827E-10  1.62265694005455E-11  1.02235763588449E-09  1.54989249723425E-09  9.96945759139793E-10
 -3.25131866052064E-10 -7.52552349049799E-10 -6.17692391422155E-09  8.10133215678398E-10 -3.43785951325461E-10
 -1.75979866109601E-09 -2.99736469239672E-09 -1.40566077802227E-09  5.84002864452687E-10  1.54656866338951E-09
  7.81251853671393E-09
* ORBITAL    1   10
  1.41872526670551E-13  1.34844428886561E-12  5.42179298057437E-12  3.35295854953625E-11  7.61918661433729E-11
  4.58770964519282E-10  5.19030483651462E-10  2.61703756702282E-09  2.41606400688035E-10 -1.33798315007641E-09
 -7.11299796387766E-09  1.60728891630461E-08 -6.02453699639471E-08  7.31185073982147E-08 -1.35416191880712E-04
 -3.20183898222777E-04 -6.12611937516385E-03  6.90166249422379E-03 -2.63342888043334E-02  1.20027154988332E-01
 -1.92931049309591E-01  6.62484942329233E-01 -1.34612172541688E+00  9.18982951346011E-07  2.17288981743588E-06
  4.15740386994252E-05 -4.68370841496523E-05  1.78713823005473E-04 -8.14546835461348E-04  1.30929839194114E-03
 -4.49585699017989E-03  9.13525815576491E-03 -1.54987683857805E-05 -3.66460720123302E-05 -7.01151636338268E-04
  7.89913592838428E-04 -3.01403211921064E-03  1.37374395846724E-02 -2.20814891696697E-02  7.58232187189268E-02
 -1.54067330016150E-01  2.17867366572586E-11 -4.88815412331262E-11  2.57185548100240E-10 -1.74257982929287E-09
  2.53934375588081E-12 -5.66381838722074E-12  3.07285255791384E-11 -2.02420477805359E-10  3.18748719467877E-11
 -7.49369473006861E-11  4.26235960327756E-10 -2.36503627963232E-09 -2.03085720441981E-11  3.72297940156727E-11
 -3.79463805966629E-10  1.36240407284146E-09 -5.80394850214741E-11  1.34159496684882E-10 -8.00886160840110E-10
  4.27288722764973E-09
* ORBITAL    1   11
  5.57405575737025E-14  4.63300851326184E-13  2.26810051642875E-12  1.10692059682775E-11  3.53757435660436E-11
  1.52604245208515E-10  3.46730758979534E-10  7.77004551530562E-10  2.27452132073537E-10 -3.02883655580485E-09
  1.31504193436747E-09 -3.88131163055135E-10  3.63140848060933E-09 -4.95930498716916E-09  1.17087491621233E-05
  2.76847202243864E-05  5.29694274554836E-04 -5.96750628160198E-04  2.27699084737749E-03 -1.03781277501337E-02
  1.66817521000441E-02 -5.72816595176814E-02  1.16392196327431E-01  9.54003456944454E-05  2.25569818585124E-04
  4.31583295050823E-03 -4.86218611131804E-03  1.85524133290727E-02 -8.45586691794220E-02  1.35919178736187E-01
 -4.66718099439960E-01  9.48337517930558E-01 -9.66454619001271E-05 -2.28513832262796E-04 -4.37216098571552E-03
  4.92564492522533E-03 -1.87945498716724E-02  8.56622852273231E-02 -1.37693124531629E-01  4.72809459380520E-01
 -9.60714723469500E-01  3.91351481495927E-11 -9.05861761465205E-11  5.43588595508779E-10 -2.87008528987402E-09
  2.48686811510359E-11 -4.96693574804204E-11  3.82549179590383E-10 -1.83787952892209E-09 -5.46121174327959E-12
  5.16584655737046E-12 -1.74825602855653E-10  2.35073726048120E-10 -4.03318786921555E-11  9.40871293780225E-11
 -5.47943867631906E-10  2.98227939123770E-09  2.01014592112269E-11 -4.54287577419575E-11  2.46808604982742E-10
 -1.57775350230852E-09
* ORBITAL    1   12
 -4.29911354102909E-14 -2.93573032371583E-13 -1.90039199774791E-12 -6.32936183625975E-12 -3.12812982841527E-11
 -6.44493838670511E-11 -2.97718260474115E-10 -2.34883039122865E-11 -1.86333820232992E-09  2.05930530505480E-09
 -2.34620395596784E-10  1.45707622502308E-09  1.27983489273818E-08 -2.22333489322499E-08  1.01961560718107E-05
  2.41082790686557E-05  4.61265783260873E-04 -5.19659364039597E-04  1.98283797933248E-03 -9.03742964541653E-03
  1.45267206804176E-02 -4.98817314653224E-02  1.01356075126831E-01 -9.73478199584254E-05 -2.30174588515939E-04
 -4.40393496363267E-03  4.96144015847146E-03 -1.89311354752594E-02  8.62848134697976E-02 -1.38693776069999E-01
  4.76245494151274E-01 -9.67696481004087E-01 -9.48583740662837E-05 -2.24288397265363E-04 -4.29131449261080E-03
  4.83456283406087E-03 -1.84470153546920E-02  8.40782782559371E-02 -1.35147001382665E-01  4.64066609995048E-01
 -9.42949868585578E-01 -4.34350019077542E-11  1.00273022894693E-10 -5.95876502674954E-10  3.20867030312512E-09
  5.18084306949109E-12 -1.78886859102298E-11 -3.03208185941769E-11 -5.73081447493426E-10 -2.24631831490666E-11
  4.33542525004173E-11 -3.71675510402122E-10  1.60177770709191E-09 -3.97277303858136E-11  9.25447443973177E-11
 -5.40618658078551E-10  2.93535436285745E-09 -1.09953690772202E-11  2.43554904156799E-11 -1.20569609019047E-10
  9.09078009255632E-10
* ORBITAL    1   13
  6.42002975841530E-07  1.58897620681182E-06  3.49982409788081E-05  5.13317735839009E-06  7.12871599107276E-04
 -1.34333680821869E-04  1.04725936051444E-02 -7.81316283561913E-03  3.47349809132638E-02 -1.78082341062997E-01
  2.81441710218479E-01 -6.51982288519452E-01  1.84248101654648E+00 -1.93772836659931E+00 -4.09749765409830E-10
 -3.64413758707468E-09 -1.32009552562927E-08 -2.25953468728452E-08 -2.94605205857731E-08 -1.90069017947840E-08
 -2.23208384440079E-08  2.55812480353488E-08 -5.59460017178662E-08  1.48541002794524E-10  1.32022955279114E-09
  4.71103166615056E-09  8.44703325340481E-09  1.09960139188789E-08  1.01307275232368E-08  7.79708401693485E-09
  3.60566801410565E-09  7.21738222870055E-09 -7.55859546705067E-11 -6.92355755852725E-10 -2.38536453823314E-09
 -4.44436184092255E-09 -4.95678936527520E-09 -6.47355528758735E-09  2.45153231463636E-10 -1.16017230399207E-08
  1.19978353367384E-08  6.81661640231102E-14 -1.62355818224645E-13  1.33407889699982E-12 -8.21858741688384E-12
 -7.64107534924475E-12  2.08941319104588E-11 -1.36814431655350E-10  8.87718619502701E-10  6.20444614155036E-13
  1.97945201406546E-12  6.66094096132468E-11 -5.39728618357151E-10  1.30665025133592E-11 -3.56753768628739E-11
  2.33725891230163E-10 -1.51602855225453E-09  3.63035030137107E-12 -3.02640236492242E-11  1.67972530367505E-11
  5.85889099029762E-10
* ORBITAL    1   14
  2.41065736449816E-14  7.59760076302596E-13 -3.21630469571872E-13  2.39584048139794E-11 -3.33908614039969E-11
  4.90023392108850E-10 -5.26241870268015E-10  2.88458756231975E-09 -4.78833241715076E-10 -1.94516655842111E-08
  2.21664194384461E-08  2.54157513089590E-08 -4.70427992930102E-08  1.63793034800742E-08 -4.80079663958257E-06
 -4.96642823312219E-03 -5.99135035559924E-04 -4.86370041125927E-02  1.39818285125413E-01 -2.80679186150649E-01
  1.33239011764105E+00 -2.12933262681428E+00  8.41286204423889E-01  8.43513916349889E-07  8.72588487222111E-04
  1.05267358867628E-04  8.54539346876258E-03 -2.45656992211099E-02  4.93145827762589E-02 -2.34097397630156E-01
  3.74118084708693E-01 -1.47811746952687E-01 -3.11790599045243E-06 -3.22537716406985E-03 -3.89103149478540E-04
 -3.15866155854553E-02  9.08029935338844E-02 -1.82283097770372E-01  8.65301834570142E-01 -1.38286485860174E+00
  5.46361372490314E-01  2.47416108456049E-10 -1.15756466502796E-09  4.14719821854560E-09 -2.34492910912785E-08
  1.27961339137605E-10 -5.91461075655236E-10  2.18545959540273E-09 -1.20575479225836E-08  1.96916369613126E-10
 -9.51755936064784E-10  3.14819177961636E-09 -1.88896446216311E-08 -3.88317808288030E-10  1.73753786461245E-09
 -7.03052797666172E-09  3.46441465724449E-08 -4.12630200911525E-10  1.90168545154790E-09 -7.15099709406838E-09
  3.77301270285340E-08
* ORBITAL    1   15
  9.32965430133529E-15  6.92833356541709E-14  4.58389802155474E-13  1.49314372741719E-12  9.51674325451433E-12
  1.87818817692508E-11  1.83923746998685E-10  1.19804377259957E-10 -1.22912828787777E-09  2.51024538169097E-09
 -9.44376828560944E-09  2.75445150439404E-08 -3.56579260315520E-08  1.83014152820314E-08  2.61292078646053E-06
  2.70305357680376E-03  3.26088858613856E-04  2.64714243023065E-02 -7.60982102778636E-02  1.52763888109209E-01
 -7.25173434647838E-01  1.15892138596406E+00 -4.57882693067571E-01  4.29772009549881E-06  4.44583011178846E-03
  5.36337149213366E-04  4.35386994605725E-02 -1.25162000471184E-01  2.51257336681298E-01 -1.19272401378577E+00
  1.90612801709380E+00 -7.53099405982510E-01 -2.86079762517272E-06 -2.95938970171794E-03 -3.57015572650539E-04
 -2.89817595995756E-02  8.33147315663302E-02 -1.67250743234243E-01  7.93942899600379E-01 -1.26882395737111E+00
  5.01304507708004E-01  3.03678447056580E-10 -1.39312470621835E-09  5.31574685987118E-09 -2.74592306117395E-08
  1.91510103457181E-10 -8.44627839061141E-10  3.52250227827400E-09 -1.71395860481141E-08 -1.20833552592494E-10
  5.11637754935440E-10 -2.37444238107305E-09  1.00166925389372E-08 -2.08617089848914E-10  9.92858605234267E-10
 -3.43002571024118E-09  1.96837652650688E-08  3.92713249671780E-10 -1.82654272714159E-09  6.67101945624321E-09
 -3.67029403515186E-08
* ORBITAL    1   16
  9.15525394317406E-15 -2.74574671442936E-13  1.16639285248438E-12 -9.56844829401697E-12  2.62513081185747E-11
 -1.59332100925282E-10  4.47269599981644E-10 -2.83949895176602E-09  1.03931953808987E-08 -2.31153286793534E-08
  3.87578180114786E-08 -5.37896311653229E-08  4.55256995651538E-08 -1.40633208243536E-08 -1.89868182168476E-06
 -1.96417061352713E-03 -2.36952310090106E-04 -1.92354285606368E-02  5.52966711995479E-02 -1.11005695413045E-01
  5.26946395298705E-01 -8.42128800523616E-01  3.32719892790037E-01  3.78160460695932E-06  3.91191520700409E-03
  4.71927069088483E-04  3.83099886917143E-02 -1.10130866194445E-01  2.21082987397870E-01 -1.04948570891116E+00
  1.67721455303627E+00 -6.62657103737041E-01  3.94674625192505E-06  4.08275012786180E-03  4.92536300258672E-04
  3.99830016291212E-02 -1.14940327903182E-01  2.30737775861898E-01 -1.09531720155431E+00  1.75045923258004E+00
 -6.91595622939706E-01  4.15571279099741E-10 -1.92413843513178E-09  7.12921700230435E-09 -3.84261006254987E-08
 -5.99232614848004E-11  3.32272482982560E-10 -6.77480390672432E-10  6.88575028419522E-09  2.74059015790118E-10
 -1.21932138532147E-09  4.97925526423629E-09 -2.45379355955515E-08  3.23743520317912E-10 -1.51579503595845E-09
  5.46640300775214E-09 -3.00959726151417E-08 -4.13496776940027E-11  1.78528999289075E-10 -8.14320841622038E-10
  3.20582438169278E-09
* ORBITAL    1   17
  2.03779955951351E-14  8.34012216774368E-14  1.05496777395239E-12  1.13614866018332E-12  1.97231186436366E-11
  9.09782900292415E-13  2.08074999143027E-10 -2.32649337770405E-10  1.41845794982767E-09 -2.84843002151823E-09
  7.18679595101885E-09 -2.23815232631741E-08  2.81174404703872E-08 -1.02943474503694E-08 -3.03878848032852E-11
 -4.58162755425820E-10 -1.01014580961663E-09 -3.57542203806241E-09  3.15790081371725E-09 -1.24136642228490E-08
  4.98054162295677E-08 -5.70000062094696E-08  1.94351007332374E-08 -4.12410562227422E-11 -5.68957370224962E-10
 -1.36687473898597E-09 -4.32293553169750E-09  2.79743743655765E-09 -1.35260375587012E-08  5.41142737790254E-08
 -6.13905877906550E-08  2.09129230613057E-08  2.80291520571056E-11  4.30531945617625E-10  9.34469693117495E-10
  3.37011378499509E-09 -3.11779689245112E-09  1.18312512336143E-08 -4.79710942951074E-08  5.48784175185716E-08
 -1.87141724825492E-08  2.21201614890468E-03 -1.39987691719169E-02  4.28398544077877E-02 -2.26510702441806E-01
  9.48621603648022E-03 -6.00336252966575E-02  1.83718420812049E-01 -9.71389588977919E-01 -3.02511042993234E-03
  1.91444455073987E-02 -5.85869548577665E-02  3.09771648076459E-01  1.17182264028089E-04 -7.41589280815562E-04
  2.26945501120389E-03 -1.19994770189481E-02  3.71238177637529E-03 -2.34938499800263E-02  7.18972574864644E-02
 -3.80148311147377E-01
* ORBITAL    1   18
 -1.88503539279452E-14 -8.19478806648311E-14 -9.12441841498285E-13 -1.30217257682312E-12 -1.67885672492418E-11
 -5.87363486963347E-12 -1.74639850726758E-10  1.53975931913021E-10 -1.12020097203052E-09  2.24247083578047E-09
 -5.48113983152758E-09  1.72827486714038E-08 -2.16679592372792E-08  7.92565078714738E-09 -1.80815415746746E-11
 -2.37153733164784E-10 -5.98132854331737E-10 -1.77288721903646E-09  8.81847447348012E-10 -5.17005983986726E-09
  2.05851354670741E-08 -2.32073148675221E-08  7.90005950933297E-09 -1.75800111671394E-11 -2.90734020426058E-10
 -5.88618305484248E-10 -2.31801631865697E-09  2.53057605918077E-09 -8.67055821679287E-09  3.53721501350254E-08
 -4.06344690298393E-08  1.38638852501392E-08 -5.71204319887263E-11 -8.09084571338708E-10 -1.89460354099887E-09
 -6.19915377398579E-09  4.46911669899919E-09 -2.00695350348080E-08  8.03173300513459E-08 -9.13967444603732E-08
  3.11442976773459E-08 -6.21369524028739E-04  3.93234404802683E-03 -1.20339898776644E-02  6.36283091509264E-02
  6.20664900070327E-04 -3.92788482799792E-03  1.20203434980061E-02 -6.35561555557177E-02  7.71883696205989E-03
 -4.88487468685146E-02  1.49489799906030E-01 -7.90409772982439E-01  5.79238765113090E-03 -3.66571906436460E-02
  1.12180484569388E-01 -5.93141146681513E-01  4.89127689149070E-03 -3.09545010354929E-02  9.47287794105976E-02
 -5.00867303807090E-01
* ORBITAL    1   19
 -1.06632543555623E-14 -5.26931335268938E-14 -4.49932640384914E-13 -1.01968112917285E-12 -7.98929420037355E-12
 -8.79584204669404E-12 -7.97702673044351E-11  2.13034069879261E-11 -4.29712780751632E-10  8.31300024228327E-10
 -1.83578192540249E-09  6.14016983450561E-09 -7.61522033695800E-09  2.78189322127607E-09 -6.12018413422248E-11
 -9.27009143996824E-10 -2.03704007346099E-09 -7.23598826533877E-09  6.46044000174409E-09 -2.51452712798595E-08
  1.01401978507286E-07 -1.15984743680345E-07  3.95480315240243E-08  5.49531579368706E-11  8.38762340009600E-10
  1.82859671103524E-09  6.56464967491437E-09 -5.98933331564006E-09  2.30339312695542E-08 -9.26760293745032E-08
  1.06118054821163E-07 -3.61862250140757E-08 -1.55100064899107E-11 -2.83103903653699E-10 -5.20461546765201E-10
 -2.31462621971717E-09  2.98954934028143E-09 -9.37019826389677E-09  3.79900364194652E-08 -4.39279794940239E-08
  1.49956922813585E-08 -8.02043276151912E-03  5.07573992777397E-02 -1.55330769869493E-01  8.21293216282048E-01
 -7.09480535476950E-04  4.48995558018660E-03 -1.37404254061659E-02  7.26508867111186E-02 -5.31209328421539E-03
  3.36176423227791E-02 -1.02878680493640E-01  5.43958949428244E-01  4.50334598034045E-03 -2.84994758768832E-02
  8.72157674085976E-02 -4.61143134602086E-01  2.12107262937955E-03 -1.34232320760039E-02  4.10785619836902E-02
 -2.17198075537984E-01
* ORBITAL    1   20
  2.41856341098873E-14  1.03083576069533E-13  1.24506102872266E-12  1.43718372911452E-12  2.32347917865104E-11
  2.54470086700390E-12  2.44215797034148E-10 -2.61295133314898E-10  1.64554812570529E-09 -3.29392815811820E-09
  8.27244220162566E-09 -2.58535078880666E-08  3.24549405900721E-08 -1.18826631278001E-08 -2.30845253929905E-11
 -4.19478629374804E-10 -7.74957770108139E-10 -3.42462487749510E-09  4.39245728814920E-09 -1.38033940769383E-08
  5.60627374152864E-08 -6.47902735131412E-08  2.21169010082174E-08  1.06971818299905E-11  1.36814109755488E-10
  3.52202714569125E-10  1.01863747158097E-09 -4.35624867521563E-10  2.91574705447284E-09 -1.12854228758509E-08
  1.27390189542643E-08 -4.33498192284384E-09  4.31739849127554E-11  6.71894045412092E-10  1.43751607759512E-09
  5.28729389087547E-09 -5.07041682169960E-09  1.89138263771907E-08 -7.61081253385109E-08  8.72818525562386E-08
 -2.97676887455998E-08 -3.74309596944195E-03  2.36882250998275E-02 -7.24920955839182E-02  3.83293447904813E-01
 -9.51625728045594E-04  6.02237416471451E-03 -1.84300226034586E-02  9.74465815738607E-02  1.66302076720855E-03
 -1.05244457072864E-02  3.22075259531134E-02 -1.70293513675116E-01 -7.80478246223817E-03  4.93926539224409E-02
 -1.51154296035281E-01  7.99210601161664E-01  6.26350438852090E-03 -3.96386582345976E-02  1.21304546430153E-01
 -6.41383553253549E-01
* ORBITAL    1   21
  6.92880089997104E-15  4.99340075361779E-14  3.30571693734348E-13  1.06336429388510E-12  5.60600253023166E-12
  1.14467040629970E-11  5.32537018515116E-11  3.06669648635766E-11  2.11053740639729E-10 -3.86489586063112E-10
  6.20691689666150E-10 -2.47860900201215E-09  2.98910890872441E-09 -1.08481350776671E-09  4.58989853420841E-11
  6.73736739474578E-10  1.52365396989746E-09  5.21966123034350E-09 -4.26075891731017E-09  1.76405183666723E-08
 -7.05576750834963E-08  8.05985421218187E-08 -2.74749081598230E-08  3.27064510642759E-11  5.47060786386431E-10
  1.09328350009615E-09  4.38213568590130E-09 -4.90130413986271E-09  1.66451731457341E-08 -6.73702109606657E-08
  7.75612798225132E-08 -2.64650518160557E-08  1.02980966521088E-11  2.06883529205941E-10  3.48112529909284E-10
  1.72255030824332E-09 -2.50811643053259E-09  7.34906115215125E-09 -3.00532080637185E-08  3.48330287280566E-08
 -1.18953253041753E-08 -5.84900751089355E-03  3.70155100640846E-02 -1.13277034573151E-01  5.98939026391181E-01
  5.10349288362518E-03 -3.22975123366549E-02  9.88387412642794E-02 -5.22598244976971E-01  4.25586690713181E-03
 -2.69333017664566E-02  8.24228695095034E-02 -4.35801249532643E-01 -1.75153442033130E-03  1.10846053529303E-02
 -3.39217593406257E-02  1.79357321508163E-01 -6.03252095770270E-03  3.81768769801388E-02 -1.16831117728592E-01
  6.17730823910972E-01
* ORBITAL    1   22
  7.88297226600152E-07  2.27436753509862E-05 -4.88784710302954E-06  6.92473632545905E-04 -6.03971484557205E-04
  1.16292289637254E-02 -7.84765537949970E-03  1.16439592149317E-01 -2.87266671736297E-01  4.65870693490166E-01
 -1.78581331354019E+00  4.47138451133867E+00 -4.43995678886718E+00  1.40281758293116E+00 -8.04754594702358E-11
 -6.15450752078510E-10 -2.56024215881346E-09 -4.18279924391617E-09 -1.33498110491064E-08 -2.46691357052492E-09
 -4.40842525895575E-08  3.08280611470481E-08 -1.51319371429398E-08  2.91608514392797E-11  2.43689831903625E-10
  9.37935328168873E-10  1.85573637418682E-09  4.44413432795105E-09  2.92450653839294E-09  1.08867110877434E-08
 -6.80307759110484E-09  4.55834456424676E-09 -2.09267954241493E-11  1.23770662175439E-10 -6.43713502244952E-10
  2.15185721488527E-09 -1.07372652708960E-08  2.08243293564526E-08 -8.72177841783396E-08  6.99781614482325E-08
 -2.20261883065259E-08 -6.30078433150198E-13  4.83651375392971E-12 -1.14168908888774E-11  5.23174200378886E-11
  6.79272182878603E-11 -5.15602417032845E-10  1.29542558014453E-09 -5.74840778952115E-09 -5.65793442449992E-11
  3.70911587926737E-10 -8.35510891660797E-10  3.42588383994877E-09 -1.15948699466546E-10  8.80498291647802E-10
 -2.21169114232522E-09  9.81554986562742E-09  8.78057906079637E-11 -5.58878077301699E-10  1.45333786932614E-09
 -4.18493888116633E-09
* ORBITAL    1   23
 -6.18711691072663E-14 -2.71403841943947E-13 -3.09299435591150E-12 -5.91197888673346E-12 -4.07121601302603E-11
 -2.95323686543254E-10 -4.90521982676461E-10  2.24628073107255E-09 -2.30729276281203E-08  1.05382969507043E-07
 -2.09341999824688E-07  2.27460651298159E-07 -1.47556016127185E-07  4.66816022379282E-08  5.27860854993146E-04
  3.02985943465651E-04  2.42347146081850E-02 -3.67784423719966E-02  1.52410172511433E-01 -6.88067727515635E-01
  9.56374452656203E-01 -5.13926878845035E-01  1.36495228327169E-01 -9.44012622894003E-04 -5.41851907953722E-04
 -4.33407340352326E-02  6.57736118795901E-02 -2.72566392042813E-01  1.23052243771243E+00 -1.71035518755232E+00
  9.19093438378728E-01 -2.44104518669548E-01  1.63091736625361E-03  9.36126719749380E-04  7.48773419411062E-02
 -1.13633361771339E-01  4.70897585268562E-01 -2.12590421119011E+00  2.95488418461701E+00 -1.58786589279805E+00
  4.21725609006710E-01  2.14521516667891E-10 -2.74723998459973E-09  5.86568935583316E-09 -1.19540624001106E-08
  6.50380260405976E-11 -1.76685748247790E-09  1.58135964232768E-09 -7.54082394236483E-09  5.17911212879454E-10
 -1.81294944473301E-09  1.46989364576491E-08 -8.02283700807240E-09 -1.16338778414407E-10  3.49601952983752E-09
 -2.98791745121077E-09  1.52123942712955E-08  7.74025258996609E-11  1.57988780049710E-11  2.17256937308542E-09
  1.26225364123834E-10
* ORBITAL    1   24
 -5.33169370316010E-14  8.88454533155876E-13 -5.24127984913252E-12  3.34915457501597E-11 -1.32753959350894E-10
  6.61972894951317E-10 -2.35639608413658E-09  8.36061956251016E-09 -2.13378707366775E-08  3.46289833086478E-08
 -2.48968058636708E-08 -9.88990360697362E-09  2.42992767358708E-08 -1.06221709530949E-08 -4.71134973071932E-04
 -2.70426051960171E-04 -2.16303622528979E-02  3.28260918055601E-02 -1.36031607303495E-01  6.14125386049940E-01
 -8.53598844584246E-01  4.58698350423699E-01 -1.21826933938449E-01 -1.70601930827246E-03 -9.79234961876164E-04
 -7.83253598931531E-02  1.18866039334001E-01 -4.92581882133543E-01  2.22379962218037E+00 -3.09095309459384E+00
  1.66098520841006E+00 -4.41145564578179E-01 -8.34996361637705E-04 -4.79277929780995E-04 -3.83356685136754E-02
  5.81779536518102E-02 -2.41089933482978E-01  1.08841944627711E+00 -1.51284019328029E+00  8.12954809822824E-01
 -2.15914872241981E-01  1.60462949936829E-10 -3.21553252770879E-09  4.32242220080421E-09 -1.40565522056830E-08
 -4.84277770332334E-10  1.44476314676284E-09 -1.37596727581420E-08  6.37812476763196E-09 -7.93096874209689E-11
 -3.67009042984279E-10 -2.37463672077654E-09 -1.46768251496936E-09  1.78511575706253E-11 -1.73989773732247E-09
  3.36165478172521E-10 -7.55369305280202E-09  3.36560040663068E-10 -3.14019583612713E-09  9.26790586179836E-09
 -1.35961047438797E-08
* ORBITAL    1   25
 -7.48821746049156E-14 -3.35560460688476E-14 -4.22860814532570E-12  2.17433833542659E-12 -5.93353595175416E-11
 -1.63905930989591E-10 -9.63242892034034E-10  5.75355151699601E-09 -4.14185228033577E-08  1.50752493401084E-07
 -2.45452891990144E-07  2.01330925923537E-07 -1.05459201770801E-07  3.79618691128706E-08  1.82457792887117E-03
  1.04728738385165E-03  8.37685232881176E-02 -1.27126528173500E-01  5.26813484176304E-01 -2.37834076896324E+00
  3.30575629039501E+00 -1.77641398077240E+00  4.71802585699240E-01 -1.67412993884851E-04 -9.60931451086416E-05
 -7.68612801302588E-03  1.16644145458617E-02 -4.83374386727963E-02  2.18223154642108E-01 -3.03317575713321E-01
  1.62993736680784E-01 -4.32899482296853E-02 -6.87443314359465E-04 -3.94584497459578E-04 -3.15613334738403E-02
  4.78972615327012E-02 -1.98486679286056E-01  8.96083661750024E-01 -1.24550451100695E+00  6.69296640530957E-01
 -1.77760308770538E-01  3.13574201863498E-10 -2.61062691475088E-09  8.65420317998885E-09 -1.12784074807374E-08
 -1.43427622850044E-10  8.82937213563659E-10 -3.99807750561251E-09  3.81988568357206E-09 -2.86319147002551E-12
 -2.26600134282265E-09 -3.13946588194467E-10 -9.81876221518211E-09  4.70943569298981E-10 -1.97839855376508E-09
  1.33653006024219E-08 -8.76740836382933E-09 -2.25247686467713E-10  3.85225780327145E-09 -6.10547126866346E-09
  1.68175580608228E-08
* ORBITAL    1   26
 -2.87109921537364E-15 -5.07086655183650E-14 -9.55663408470549E-14 -1.37043148928746E-12 -6.95147188742584E-13
 -1.94934867832681E-11  9.79054070874382E-12 -1.71956509360649E-10  2.89926709678614E-10 -1.15408971285740E-09
  3.34980266980809E-09 -3.96266980056748E-09  1.87770850385999E-09 -5.11671849938128E-10 -8.14429915966246E-13
 -3.32198580972648E-12 -3.45680766865415E-11  1.72239413077156E-11 -1.95350036222351E-10  7.60634685368135E-10
 -8.29315284911403E-10  4.11220427240184E-10 -1.06947333410296E-10 -3.77113653803383E-11 -1.69545773011288E-10
 -1.47922653796566E-09  1.85743706133296E-10 -7.30190088909285E-09  2.44338680134643E-08 -3.00605458658531E-08
  1.48578507469026E-08 -3.88264249757582E-09 -5.34716277358439E-12  1.49577703880975E-11 -2.63685182913569E-10
  6.50612692851367E-10 -2.51401399612256E-09  9.13818564134539E-09 -8.99444905156472E-09  5.14323298024926E-09
 -1.35218930746482E-09  1.80957528160854E-02 -5.94094968688853E-02  5.18490091530643E-01 -2.70064689917948E-01
  4.36678534490251E-02 -1.43364314752795E-01  1.25119687251859E+00 -6.51707912913490E-01 -8.73646647958003E-03
  2.86823700140607E-02 -2.50322346374552E-01  1.30384799934147E-01 -6.58129247834411E-03  2.16067979507715E-02
 -1.88571040634242E-01  9.82205454833824E-02  3.77522526270611E-03 -1.23943024499223E-02  1.08169961880121E-01
 -5.63422284996275E-02
* ORBITAL    1   27
 -1.76785686708881E-15 -1.58663353757360E-14 -7.50857725449753E-14 -3.77623552474800E-13 -1.16486355557713E-12
 -4.95157953475013E-12 -1.10357502308848E-11 -3.19748036550828E-11  1.50610138422947E-11  3.74693056021076E-11
  7.27174756553804E-11 -2.68709293440784E-10  3.46095450942614E-10 -7.23144856841726E-11 -2.33829829043601E-11
 -1.04557027142249E-10 -9.17388631487406E-10  1.22071844796854E-10 -4.54223563167167E-09  1.51802113747740E-08
 -1.86685145628551E-08  9.23888251916137E-09 -2.41459125455754E-09  5.65619920801704E-12  1.27467483766838E-12
  2.56989898556860E-10 -4.20720129721368E-10  2.03119396800569E-09 -7.32540985165935E-09  7.55033966856507E-09
 -4.16027078173794E-09  1.09175183488858E-09 -3.17423096543483E-11 -1.55326121137305E-10 -1.23050461747980E-09
 -3.54822547137104E-11 -5.69977687601486E-09  1.89679443447529E-08 -2.39522394523265E-08  1.16070795551667E-08
 -3.02976357958292E-09 -3.83341882748668E-03  1.25853555878557E-02 -1.09837357915122E-01  5.72107210763592E-02
  9.47324570370234E-03 -3.11012626337108E-02  2.71432975544754E-01 -1.41380642708047E-01  2.83212425591713E-02
 -9.29804240819891E-02  8.11476803089612E-01 -4.22671975393717E-01  2.90071025478794E-02 -9.52321456531429E-02
  8.31128464710725E-01 -4.32907889231276E-01  2.49055619347895E-02 -8.17665293448911E-02  7.13608724518712E-01
 -3.71695664128333E-01
* ORBITAL    1   28
 -1.16634678279532E-15 -8.37801480961950E-15 -4.96452223175582E-14 -1.65273371129543E-13 -8.43877389109599E-13
 -1.70287120781505E-12 -7.71287181580001E-12  1.74780189628462E-13 -5.18489111628374E-11  1.10005534586860E-10
 -2.18237465572458E-10  3.45378867462334E-10 -1.22000494582754E-10  3.34955156191135E-11  7.87849254863758E-12
  7.50617504176609E-11  2.55862857978640E-10  5.89869586537043E-10  4.04382562484587E-11  5.25177540698414E-10
  1.57492339239915E-09 -6.56809903172337E-11  8.42471954464868E-12  1.16194608039371E-11 -4.33552594766765E-12
  5.28004694943189E-10 -9.41367529110973E-10  4.32774715870129E-09 -1.52557020224447E-08  1.57440710792693E-08
 -8.80683789031597E-09  2.31484709077337E-09 -2.48543761292647E-11 -7.64634069627105E-11 -1.01745822478059E-09
  6.64879175838073E-10 -6.07956575868474E-09  2.07143424939513E-08 -2.36961251574557E-08  1.23564469879504E-08
 -3.23801550221720E-09  3.08953126193052E-02 -1.01431258300214E-01  8.85230563919121E-01 -4.61087919872333E-01
 -9.68296981159747E-03  3.17898000918775E-02 -2.77442113353445E-01  1.44510607914081E-01  3.00369107521936E-02
 -9.86130708738564E-02  8.60635131547266E-01 -4.48276956013122E-01 -2.03373207784897E-02  6.67687057407630E-02
 -5.82716807658750E-01  3.03518305472324E-01 -2.03135590204214E-03  6.66906944492477E-03 -5.82035972509270E-02
  3.03163680424273E-02
* ORBITAL    1   29
  2.00451662738158E-15  3.37638900867645E-14  9.19719526226281E-14  8.73330855057968E-13  1.04151263311463E-12
  1.18833251088207E-11  4.41447759304598E-13  9.19328468712723E-11 -1.11190741440019E-10  5.45648572322445E-10
 -1.65645018699151E-09  1.85458223302370E-09 -8.90852135968802E-10  2.45253637345670E-10 -3.31230657773231E-11
 -1.27328768511278E-10 -1.33005774833630E-09  5.12096813051124E-10 -7.24277928988614E-09  2.46808828030367E-08
 -2.90827747595166E-08  1.47587660990922E-08 -3.86101696726144E-09  7.12647728491079E-12 -9.15232528005315E-12
  3.29649294508192E-10 -6.69982370573002E-10  2.86408360094202E-09 -1.00347143682291E-08  1.02418563641335E-08
 -5.81374544547421E-09  1.52969188865969E-09  2.26898377122859E-11  4.57108609723656E-11  9.61796514084167E-10
 -9.91123794122639E-10  6.45888474377746E-09 -2.23768903524436E-08  2.45277968920436E-08 -1.31437613022089E-08
  3.44814955772693E-09  3.27346380974657E-02 -1.07469879749741E-01  9.37931993152101E-01 -4.88538386890937E-01
 -1.39004175061433E-02  4.56359466448381E-02 -3.98282890953686E-01  2.07452653819491E-01 -2.02161894160377E-02
  6.63710238394353E-02 -5.79246080987386E-01  3.01710516406633E-01  2.62104190461111E-02 -8.60504574597207E-02
  7.50996253695591E-01 -3.91169616793803E-01  2.78760781720210E-03 -9.15189213824800E-03  7.98721693384209E-02
 -4.16028251978823E-02
* ORBITAL    1   30
 -7.10711329475985E-15 -1.06285133504838E-13 -2.16818324604457E-13 -2.88807174747846E-12 -1.84183278634022E-12
 -4.12074273553781E-11  1.30433610751985E-11 -3.65594640782702E-10  6.24783106488302E-10 -2.25281026552103E-09
  6.65881855005025E-09 -8.21136859662349E-09  4.12437430777956E-09 -1.09604441451731E-09  1.40053771409901E-11
 -9.27176907184619E-12  6.39264767261004E-10 -1.18946269514864E-09  5.33785761012384E-09 -1.87404352797904E-08
  1.92893047990343E-08 -1.08481952309397E-08  2.85265731280950E-09  1.85765759411171E-11  5.13201360155589E-11
  7.72821395456329E-10 -6.05613279114928E-10  4.81372715056580E-09 -1.66905336427151E-08  1.86916930781118E-08
 -9.81532329460311E-09  2.57176441982728E-09  1.67962925078547E-11  8.50402773017176E-11  6.48026874984415E-10
  6.12574697231053E-11  2.91770633499778E-09 -9.69704629286841E-09  1.23847590253755E-08 -5.94564905335834E-09
  1.55107539581028E-09 -3.21500647591611E-05  1.05550688134950E-04 -9.21182459150393E-04  4.79814099149650E-04
 -9.19912808751578E-03  3.02013172190286E-02 -2.63578797353514E-01  1.37289655778874E-01 -1.33753627535560E-02
  4.39121588156599E-02 -3.83238715240630E-01  1.99616630092038E-01 -1.95681165379952E-02  6.42433597372482E-02
 -5.60677118001637E-01  2.92038545226028E-01  4.14944908573585E-02 -1.36229028392419E-01  1.18892441699574E+00
 -6.19272208485052E-01
* ORBITAL    1   31
 -7.94769744430085E-06  5.53823609078410E-06 -4.91425965341624E-04  7.69735861306636E-04 -1.06500643936498E-02
  1.62154011888567E-02 -1.57460777994021E-01  2.58718513685780E-01 -9.59465617489323E-01  3.86998465427981E+00
 -6.95621273272006E+00  6.03624483324257E+00 -2.72584638063579E+00  6.74788696283763E-01 -8.97060763275448E-10
 -1.78194893875649E-09 -2.96138052421092E-08  1.05211963843444E-08 -3.01506301392279E-07  4.32315099447647E-07
 -3.45133974006184E-07  1.48912773649548E-07 -3.41443072802478E-08  4.54368940948725E-10  9.56993672315778E-10
  1.49412491660134E-08 -4.81955968472248E-09  1.52095483236980E-07 -2.12312178166815E-07  1.72793789067578E-07
 -7.41197591574794E-08  1.72515535875449E-08 -8.44789661715419E-11  2.56065117184786E-10 -3.34158540916861E-09
  6.69801760558844E-09 -4.29762739902697E-08  9.07347178383093E-08 -5.53258489399569E-08  2.66058897834795E-08
 -6.28324679276689E-09  8.92107403381666E-13 -1.16466951519820E-11  5.99791469410857E-12 -1.03130108407406E-11
 -7.67824885052010E-11  1.13059638356708E-09 -4.75230037887932E-10  1.06466383001692E-09  1.13706697192939E-10
 -1.06895537744774E-09  4.55741380739022E-10 -6.34504440275709E-10  1.31120701997966E-10 -1.93143354695574E-09
  8.12201531625200E-10 -1.81768762642449E-09 -1.54578741531475E-10  1.71984424201132E-09 -8.44276514816590E-11
  4.09340722125053E-10
* ORBITAL    1   32
 -1.27492807182139E-12  2.04290620472560E-12 -8.18326126624700E-11  1.67666879520189E-10 -1.89151568757861E-09
  4.08294357462801E-09 -2.91068537409607E-08  3.64596421492524E-08 -6.29716333257891E-08  3.14559718599142E-07
 -6.41401047243477E-07  5.73493521660125E-07 -2.34038293331062E-07  3.95729924560023E-08  6.07449495110197E-04
 -3.28376541123633E-02  2.87835357456671E-02 -4.66757314920661E-01  1.56898052253186E+00 -1.75321601382072E+00
  1.05163838005962E+00 -4.66534293144868E-01  1.18849483721517E-01 -6.60906968184918E-04  3.57274686261115E-02
 -3.13165770039078E-02  5.07833393819451E-01 -1.70705562350473E+00  1.90750442336181E+00 -1.14418582056917E+00
  5.07590770616908E-01 -1.29308602556615E-01  8.54266614400005E-04 -4.61801520361247E-02  4.04787782954156E-02
 -6.56408755877289E-01  2.20648400163513E+00 -2.46557754790847E+00  1.47893700674093E+00 -6.56095154852325E-01
  1.67140051490805E-01 -6.48535480548056E-09  8.93327692179241E-08 -6.62705317970881E-08  2.79597747646264E-08
 -3.72582343413261E-09  5.07734906963756E-08 -3.86629953019765E-08  1.65072003371423E-08 -1.58813866116944E-09
  2.29478748403728E-08 -1.45980828317183E-08  5.66229503053399E-09  7.44217666157624E-09 -1.01688961157576E-07
  7.74547766973778E-08 -3.31051171680059E-08  2.57128672177456E-09 -3.51665007050622E-08  2.69431356587202E-08
 -1.15613044658800E-08
* ORBITAL    1   33
  4.13935103900506E-13 -3.87474403339649E-12  3.39698942170893E-11 -1.61239322202604E-10  8.49553477873372E-10
 -3.33127940727029E-09  1.39071183733866E-08 -3.64924773232343E-08  7.60336642458852E-08 -1.38130925116005E-07
  1.76699100968410E-07 -1.33508263685035E-07  4.95067327776972E-08 -4.33771534018122E-09 -6.59391483194268E-04
  3.56455488972532E-02 -3.12447673231232E-02  5.06668982920257E-01 -1.70314151954595E+00  1.90313067415470E+00
 -1.14156226598785E+00  5.06426881946477E-01 -1.29012109614865E-01 -1.00318117441357E-03  5.42302134950045E-02
 -4.75349810073377E-02  7.70833048656959E-01 -2.59111531767978E+00  2.89537365874952E+00 -1.73674326642427E+00
  7.70464760712085E-01 -1.96275675497730E-01 -3.07237019560843E-04  1.66086943397047E-02 -1.45581939650728E-02
  2.36077448553212E-01 -7.93562101020721E-01  8.86745102373485E-01 -5.31899773128090E-01  2.35964657738789E-01
 -6.01119284229479E-02 -5.44774945569134E-09  7.47111764174494E-08 -5.65337982061372E-08  2.41029256577142E-08
 -1.19655661105522E-09  1.53298522160892E-08 -1.40087520109625E-08  6.45856464431149E-09  4.28717165632697E-10
 -6.08127906834160E-09  4.30996751958146E-09 -1.79149323796809E-09 -3.57869654607521E-09  4.85291330564977E-08
 -3.77915589663400E-08  1.63156817289508E-08 -7.57499849974876E-09  1.04423074703842E-07 -7.71882734303961E-08
  3.25029178932037E-08
* ORBITAL    1   34
 -9.65913412688440E-13 -2.18459910964900E-12 -5.35587721138102E-11  3.25201753471295E-12 -1.17404072743175E-09
  7.14314703140189E-10 -1.73722240918971E-08 -4.17791431312434E-10  2.95420138821326E-08  1.49733106431418E-07
 -4.57861535999794E-07  4.57511093489452E-07 -1.96934998716902E-07  3.50052814548186E-08  8.55436664386541E-04
 -4.62434122708380E-02  4.05342194937144E-02 -6.57307957085533E-01  2.20950660889249E+00 -2.46895498424707E+00
  1.48096284407446E+00 -6.56993858080693E-01  1.67369005166846E-01 -3.03963493429368E-04  1.64317344295066E-02
 -1.44030799474599E-02  2.33562128379468E-01 -7.85106977415846E-01  8.77297129337345E-01 -5.26232550648683E-01
  2.33450530718446E-01 -5.94714552055516E-02 -8.43444205926147E-04  4.55951184150096E-02 -3.99659656154842E-02
  6.48093048114963E-01 -2.17853116004409E+00  2.43434232432822E+00 -1.46020103500326E+00  6.47783390296199E-01
 -1.65022631232401E-01 -4.58445654311028E-09  6.32693705876328E-08 -4.65325223766814E-08  1.95400194813611E-08
  1.72474709161654E-09 -2.42545626748775E-08  1.66720108587158E-08 -6.74777239866040E-09 -6.06366901614597E-09
  8.24389382149217E-08 -6.37009708699924E-08  2.73995832894448E-08 -4.37375713415674E-09  6.09993278549135E-08
 -4.37336303476185E-08  1.81495609101470E-08  5.36391695661264E-09 -7.36603715004807E-08  5.54094286744961E-08
 -2.35512249160571E-08
* ORBITAL    1   35
 -3.32055837644077E-14 -1.13494241911155E-13 -1.72873375320651E-12 -1.20513430771492E-12 -3.35077039307007E-11
  4.09107075083887E-12 -4.09576735842749E-10  4.35199972175852E-10 -2.72551701767142E-09  8.16426765551126E-09
 -1.03343059474270E-08  7.14645071204719E-09 -3.09289169941570E-09  7.39141628303927E-10  4.39790718855928E-12
 -3.88576516145859E-10  2.55099691946780E-10 -5.50891330628142E-09  1.71546112282516E-08 -1.84962780116432E-08
  1.09874679770158E-08 -4.86113735303971E-09  1.23900121390859E-09 -1.57663154784108E-11  1.51642664644152E-09
 -9.52007303647061E-10  2.14907455700829E-08 -6.64836123097588E-08  7.20337325129870E-08 -4.25311673917846E-08
  1.88571278298721E-08 -4.80508203804974E-09  5.00754104609488E-11 -4.74716271255525E-09  2.97340851570034E-09
 -6.73038159754987E-08  2.09674361687871E-07 -2.26536727570681E-07  1.33865973723803E-07 -5.91975655925468E-08
  1.50844877908397E-08  3.62177003529343E-02 -4.57196957545196E-01  3.39639356652284E-01 -1.17811989444938E-01
  6.69568740290942E-02 -8.45235307499620E-01  6.27902638726854E-01 -2.17802965401559E-01 -7.44750498942535E-02
  9.40141585326567E-01 -6.98405966915182E-01  2.42258721759927E-01 -3.79372807106304E-02  4.78904213942710E-01
 -3.55765095189653E-01  1.23405585420061E-01 -2.59072387520504E-02  3.27042043576380E-01 -2.42950762130376E-01
  8.42732506205600E-02
* ORBITAL    1   36
  1.53656737646464E-14  5.79610762390747E-14  7.77628083330936E-13  7.36455578851489E-13  1.49019802138151E-11
  9.56652432670678E-13  1.78375796807178E-10 -1.71977680219189E-10  1.17825808764284E-09 -3.44489364840180E-09
  4.27228365567385E-09 -3.01369573296338E-09  1.25627313878847E-09 -3.05702216018680E-10  1.24354197413064E-11
 -1.19445291519974E-09  7.46282965451898E-10 -1.69310764512719E-08  5.25564877780786E-08 -5.68753697494730E-08
  3.35809719263347E-08 -1.48696083365385E-08  3.78893568971709E-09  4.65287129539760E-11 -4.40157487632917E-09
  2.75900605384449E-09 -6.24054993683136E-08  1.94489357041808E-07 -2.10089476024838E-07  1.24164623343470E-07
 -5.48999214482041E-08  1.39894455861866E-08  8.82062237256359E-12 -8.57256009278433E-10  5.39945662968455E-10
 -1.21449161941368E-08  3.73476863256361E-08 -4.05610594621299E-08  2.39351046026132E-08 -1.06359125659596E-08
  2.71020251619113E-09 -2.72713264576676E-02  3.44261710800742E-01 -2.55742791038191E-01  8.87104701153839E-02
 -7.96627341055616E-02  1.00562872049469E+00 -7.47054603111118E-01  2.59133658370890E-01 -5.07539236606810E-02
  6.40696103206950E-01 -4.75955950087546E-01  1.65096642274137E-01 -3.05089206141629E-02  3.85131732460083E-01
 -2.86104033897361E-01  9.92419893672526E-02 -5.34347142473067E-02  6.74537271668802E-01 -5.01095646434281E-01
  1.73816943920636E-01
* ORBITAL    1   37
 -8.16076432389493E-16 -8.67082285708959E-15 -3.84681549815594E-14 -1.93643167715335E-13 -5.90982482077447E-13
 -2.27419899914871E-12 -4.07502273663235E-12 -4.86110393707220E-12 -4.82523229722821E-11  5.95097397528437E-11
  8.56209797592726E-12  1.26493686280099E-11  2.07406160903307E-11 -1.99149250072256E-12 -6.24336932344626E-11
  5.94810093401448E-09 -3.71274966258470E-09  8.43310786405117E-08 -2.62757323603457E-07  2.83917290665891E-07
 -1.67713241380669E-07  7.41597719203249E-08 -1.88967671473054E-08  3.10115124709750E-11 -2.98658430884361E-09
  1.84870146891831E-09 -4.23451468103880E-08  1.32040139296239E-07 -1.42682254551699E-07  8.42169709490424E-08
 -3.72265800283306E-08  9.48537291014410E-09 -2.63485649510939E-11  2.57548053482880E-09 -1.57464278344252E-09
  3.65198360706885E-08 -1.14060063777485E-07  1.23238736601460E-07 -7.26616250915018E-08  3.20969107873424E-08
 -8.17784396505899E-09 -5.56413990098050E-02  7.02393528432988E-01 -5.21789312426569E-01  1.80995034180113E-01
  1.15016540074764E-02 -1.45192024019830E-01  1.07859260253370E-01 -3.74135499352145E-02 -6.40968615974940E-02
  8.09131718136430E-01 -6.01082250591429E-01  2.08499675825404E-01  7.17119428235573E-02 -9.05261288296204E-01
  6.72494329838606E-01 -2.33270654105316E-01  3.11871191902646E-02 -3.93693024938809E-01  2.92463988452118E-01
 -1.01448090878526E-01
* ORBITAL    1   38
  5.00301919253797E-15  2.23262622154735E-14  2.34892670410249E-13  3.76284582468376E-13  4.32031315037698E-12
  2.48743808910421E-12  4.87546993995756E-11 -3.75546064462274E-11  3.39304308755717E-10 -9.12977889668471E-10
  1.05186635632548E-09 -7.64790059999198E-10  2.91152442167573E-10 -7.41030083878470E-11  2.25933131019076E-11
 -2.20101703283593E-09  1.36272225365752E-09 -3.11990213572132E-08  9.68488070509378E-08 -1.04850416910741E-07
  6.18451687315788E-08 -2.73831143492636E-08  6.97718513108487E-09  4.64794570149679E-11 -4.48250906004628E-09
  2.76763463184624E-09 -6.35587108122330E-08  1.98380879567362E-07 -2.14307342698567E-07  1.26477286285559E-07
 -5.58858659084484E-08  1.42396267322335E-08  1.86235487849326E-11 -1.78719544753050E-09  1.10232007218791E-09
 -2.53448314274782E-08  7.93073649672117E-08 -8.55879121052012E-08  5.05254439564488E-08 -2.23043266623737E-08
  5.68310845602457E-09 -8.43403321664541E-02  1.06467674351522E+00 -7.90919795639363E-01  2.74349343754691E-01
  4.95016989187788E-02 -6.24888546828837E-01  4.64212940470080E-01 -1.61023300064494E-01  3.22304988120021E-02
 -4.06864208799001E-01  3.02248507668644E-01 -1.04842084098076E-01 -2.37897006818982E-02  3.00311137037851E-01
 -2.23093088658962E-01  7.73851442424505E-02 -4.77853053016590E-02  6.03221518440146E-01 -4.48117086237596E-01
  1.55440070172134E-01
* ORBITAL    1   39
  5.74845085362190E-14  2.10672721913041E-13  2.98597870323919E-12  2.48712314366284E-12  5.74783133454751E-11
 -1.22029687598460E-12  6.94704921945794E-10 -7.04181637268047E-10  4.61825580180138E-09 -1.36511000414170E-08
  1.70906369507918E-08 -1.19268569448823E-08  5.06858222019225E-09 -1.22192327003823E-09  4.67816075687751E-11
 -4.52046815095876E-09  2.78502556114919E-09 -6.40989304425571E-08  2.00173633967067E-07 -2.16217247843424E-07
  1.27584981044683E-07 -5.63633902149906E-08  1.43611576507017E-08 -4.05636359101051E-12  4.21107335575903E-10
 -2.55499711976600E-10  5.96525454099305E-09 -1.83061918736675E-08  1.99330865347477E-08 -1.17102586266490E-08
  5.20644602143974E-09 -1.32642510861146E-09 -4.26196191386089E-11  4.09639649162327E-09 -2.54304033085701E-09
  5.80774680747331E-08 -1.80926404481715E-07  1.95559321459354E-07 -1.15446974810163E-07  5.10499515648764E-08
 -1.30077489592502E-08  3.44557130586809E-02 -4.34954373938653E-01  3.23115937907933E-01 -1.12080448624518E-01
  6.31028653272179E-03 -7.96583928942680E-02  5.91760834573527E-02 -2.05266320958183E-02  1.34979108734728E-02
 -1.70391927816707E-01  1.26579592864721E-01 -4.39071425780324E-02  7.33029060493216E-02 -9.25344936385403E-01
  6.87413933331103E-01 -2.38445873444719E-01 -8.16662392245378E-02  1.03092012326622E+00 -7.65842907891909E-01
  2.65650828765080E-01
* ORBITAL    1   40
 -1.28416135423092E-06  2.82991468340146E-04 -7.29863830392601E-04  9.47197058393339E-03 -2.21295404245658E-02
  1.67840976637174E-01 -3.39056309749358E-01  2.15954099266523E+00 -6.17419068916292E+00  8.44513573308502E+00
 -6.23749643843643E+00  3.16513838895604E+00 -1.40413002324302E+00  3.26371018309250E-01  1.32658519197250E-09
 -9.07149805119663E-09  8.39956105067477E-08 -3.20456110419305E-07  3.22930710850149E-07 -2.71596526791177E-07
  1.09116621531532E-07 -5.47357195322365E-08  1.13465978245698E-08 -1.23477822949273E-09  8.41118639025942E-09
 -7.96131344581309E-08  3.03465570436006E-07 -3.10186282278558E-07  2.43083842449981E-07 -1.07901145696250E-07
  5.15154345583169E-08 -1.20635988921783E-08 -6.34612171149895E-10  3.99512047172280E-09 -4.08763572721377E-08
  1.52852194776776E-07 -1.65817874148221E-07  1.04344595309063E-07 -6.27592624857581E-08  2.60235596835001E-08
 -7.07635319644175E-09  2.02482226461888E-12 -7.46510422576455E-12  5.57953652222747E-12  2.92240921959305E-12
 -3.11152630934800E-10  8.25021329222508E-10 -6.26702393572071E-10 -3.19302237650131E-10 -3.11035582644819E-10
 -3.00154932534825E-10  3.66249742600908E-10  1.53040984594255E-10  5.31885706922957E-10 -1.40934148247897E-09
  1.07035591512849E-09  5.44780691021356E-10  3.66122233722327E-10  7.17758444601392E-10 -9.81331819659161E-10
  8.64735486666338E-11
* ORBITAL    1   41
 -8.71368666277641E-16 -1.16626155254461E-15 -5.28979126785310E-14 -3.49958208770858E-15 -9.91320257092841E-13
  7.51206402260857E-13 -9.91890036874811E-12  1.02774079535907E-11 -8.16076365671483E-11  1.62123236389929E-10
 -1.42722945118024E-10  1.35654802930478E-10 -2.89214118308762E-11  9.21574305848433E-12  4.43826607177839E-11
 -1.51248666400312E-10  2.64183881434495E-09 -6.89944298018626E-09  6.59040121830089E-09 -4.10003505392853E-09
  2.39500897173766E-09 -9.97877791419405E-10  2.60049769781532E-10  2.04335296099233E-10 -6.83057468175207E-10
  1.21304501844504E-08 -3.14489547769760E-08  3.01456817412873E-08 -1.84483637748765E-08  1.10591848453183E-08
 -4.55646413702142E-09  1.18890354791711E-09 -4.61537552063440E-11  1.48898732971570E-10 -2.72042933484586E-09
  6.96498634563799E-09 -6.74200055544413E-09  3.95959972274080E-09 -2.53203583379546E-09  1.01626486731462E-09
 -2.65965577184001E-10  5.44413087040545E-01 -4.46237974930112E-01  2.12638479004246E-01 -6.97773058977172E-02
  1.20501541103498E+00 -9.87712546928706E-01  4.70658494950860E-01 -1.54446560798966E-01 -4.25566336637187E-02
  3.48823099180310E-02 -1.66218962572839E-02  5.45447439781297E-03  2.49426770985298E-01 -2.04447137344799E-01
  9.74218483509703E-02 -3.19689745019178E-02  3.29369256188117E-01 -2.69973432644707E-01  1.28646021437152E-01
 -4.22151852874101E-02
* ORBITAL    1   42
  2.58075562797303E-15  9.78307280088488E-14 -1.49263215042787E-13  3.17331533293367E-12 -5.62296859883778E-12
  5.41197214833539E-11 -9.92775633062602E-11  6.81236039460980E-10 -1.72620674017718E-09  2.11595224545643E-09
 -1.51612303006810E-09  8.10758849073499E-10 -3.34021376467281E-10  7.94445951239210E-11 -1.32657185225298E-10
  4.42098716985745E-10 -7.87466937406577E-09  2.03894138857409E-08 -1.95455438258655E-08  1.19479753080498E-08
 -7.17403042476369E-09  2.95322703896092E-09 -7.70645136265865E-10  2.85167782644058E-11 -1.00239932781159E-10
  1.70377837892685E-09 -4.50391030743117E-09  4.28198553294692E-09 -2.72684191321255E-09  1.53515727149775E-09
 -6.50304025614821E-10  1.69164393903046E-10 -2.39034242784538E-10  8.00298662232172E-10 -1.41783133774727E-08
  3.67938441579926E-08 -3.53139499418601E-08  2.15385643843026E-08 -1.29850733020778E-08  5.33953736322986E-09
 -1.39355303712686E-09  4.97935563102975E-01 -4.08141836805048E-01  1.94485149790521E-01 -6.38202918539369E-02
  1.02592826590781E-01 -8.40920548563383E-02  4.00710106382115E-02 -1.31493000707299E-02 -6.99132402480935E-01
  5.73056443569409E-01 -2.73069208333909E-01  8.96076466055072E-02 -8.94345397144175E-01  7.33066284426457E-01
 -3.49316079059141E-01  1.14628053292953E-01 -6.11434149835602E-01  5.01172994039575E-01 -2.38815764585268E-01
  7.83673808089030E-02
* ORBITAL    1   43
  1.26823023951452E-15  8.19983892921827E-14 -6.87337735097324E-14  2.54987295503639E-12 -3.53661177376279E-12
  4.26049062879022E-11 -7.00675083035376E-11  5.34069070736436E-10 -1.29297471108890E-09  1.51362289043426E-09
 -1.04849422276091E-09  5.08333936048903E-10 -2.31010031845329E-10  5.33733120874391E-11 -1.65644379648393E-10
  5.50719192977855E-10 -9.81052433792146E-09  2.53965451468127E-08 -2.44244079556989E-08  1.47734593511478E-08
 -9.02462061878534E-09  3.69106582288921E-09 -9.63910563814719E-10  2.21587666864475E-10 -7.38950799247483E-10
  1.31082141924885E-08 -3.39919377721913E-08  3.27493060695148E-08 -1.97199063000677E-08  1.21381545433135E-08
 -4.95215261436327E-09  1.29363363438401E-09  8.49692168619211E-12 -2.70617292963927E-11  5.26707470616225E-10
 -1.31816852990891E-09  1.18245192782214E-09 -8.62115284227150E-10  3.77913185306374E-10 -1.75910497596507E-10
  4.52730042326781E-11  8.91755011823020E-01 -7.30943028531055E-01  3.48304318679883E-01 -1.14296044175339E-01
 -3.39813424758366E-01  2.78534183197003E-01 -1.32725335792415E-01  4.35538120814515E-02  9.15822567937202E-01
 -7.50670433615262E-01  3.57704696159080E-01 -1.17380777560822E-01 -3.76449993524042E-01  3.08564005482174E-01
 -1.47034955534903E-01  4.82495130603140E-02  1.72658332914046E-01 -1.41522506842987E-01  6.74374040088441E-02
 -2.21295806409750E-02
* ORBITAL    1   44
  5.08868973287078E-15  2.32065169916189E-13 -1.93273749542495E-13  7.18503179747809E-12 -9.80475996343461E-12
  1.19825587291264E-10 -1.95338259243730E-10  1.50341483042823E-09 -3.63814371330877E-09  4.26303090572487E-09
 -2.96219548542093E-09  1.41951785466856E-09 -6.56323759529733E-10  1.50359757598567E-10 -2.33939527412963E-10
  7.86183782234544E-10 -1.38706296024732E-08  3.60585140440476E-08 -3.46302810621185E-08  2.11054526393496E-08
 -1.27435427131850E-08  5.23893894405059E-09 -1.36735375496952E-09 -1.10032495213627E-10  3.66754392466373E-10
 -6.49884468386190E-09  1.68586562220226E-08 -1.62789998733858E-08  9.73351836089690E-09 -6.06036529433983E-09
  2.46225775455840E-09 -6.43523743173300E-10 -5.12818821254485E-11  1.68988556173497E-10 -3.00774495309654E-09
  7.78400187813862E-09 -7.59076192271917E-09  4.38612756400409E-09 -2.88335874727537E-09  1.14824211355003E-09
 -3.00809954740975E-10 -5.37821372877227E-01  4.40834957908446E-01 -2.10063867732611E-01  6.89324473403005E-02
  5.50377949995879E-01 -4.51127182103005E-01  2.14968252882074E-01 -7.05418210742012E-02  7.66742978954812E-01
 -6.28474668167259E-01  2.99476747925608E-01 -9.82732793555671E-02 -2.78983939643678E-01  2.28674202051702E-01
 -1.08966374992489E-01  3.57573103228039E-02 -8.14286243853808E-01  6.67444360034299E-01 -3.18046337410599E-01
  1.04366889184722E-01
* ORBITAL    1   45
 -2.22820102393045E-15 -4.40704973735474E-15 -1.18049812262944E-13  1.04842135864938E-14 -2.32941355048373E-12
  2.24396138140072E-12 -2.39144126204671E-11  3.04442308501327E-11 -2.05257629024852E-10  3.92984367393417E-10
 -3.41023381806918E-10  3.20840941701386E-10 -6.88019629830205E-11  2.19046020754692E-11  1.63108610329911E-10
 -5.43702794957914E-10  9.63116161471422E-09 -2.49872572078300E-08  2.41369912665365E-08 -1.44160056369385E-08
  8.99204640540069E-09 -3.65103008019966E-09  9.54287119152645E-10 -2.99611007175530E-11  1.04595792198202E-10
 -1.78039286473085E-09  4.70157000815419E-09 -4.50399069847845E-09  2.79853043839365E-09 -1.64111820974787E-09
  6.84166307575041E-10 -1.78296237532489E-10 -2.01717041949320E-10  6.74681839901673E-10 -1.19438656121853E-08
  3.10016677377389E-08 -2.98293520545287E-08  1.80501958443305E-08 -1.10236773966098E-08  4.51135640750576E-09
 -1.17806817039685E-09 -5.40511215120403E-01  4.43039735464506E-01 -2.11114474297781E-01  6.92772038303419E-02
  1.99950388499926E-01 -1.63892930892918E-01  7.80972160649145E-02 -2.56275974161983E-02  6.11038727217039E-02
 -5.00848878802877E-02  2.38661319241685E-02 -7.83166995803693E-03 -9.16156426910130E-01  7.50944087129240E-01
 -3.57835095795341E-01  1.17423568192310E-01  8.63566919751088E-01 -7.07838152065933E-01  3.37294530036353E-01
 -1.10683182600343E-01
* ORBITAL    1   46
  2.38960559808327E-12 -4.68419192600969E-11  2.53425398086853E-10 -1.74743821830167E-09  6.80683198475909E-09
 -3.35267106272725E-08  1.06733517858011E-07 -3.84031233644509E-07  8.77285453886740E-07 -1.19743853605876E-06
  1.02512190064095E-06 -6.20766041363103E-07  2.61451824188375E-07 -4.52844976741386E-08  2.25939108594123E-02
 -6.87908582504073E-02  1.32839561186153E+00 -3.06399794882228E+00  2.79382505903013E+00 -1.72563763262305E+00
  9.91152484009349E-01 -4.15263860915760E-01  1.08276058658611E-01 -1.98771854856884E-03  6.05193465861723E-03
 -1.16866736217032E-01  2.69557829445363E-01 -2.45789138037825E-01  1.51814438261456E-01 -8.71974825003242E-02
  3.65331895742956E-02 -9.52567881213376E-03 -1.09680607165053E-02  3.33940559194277E-02 -6.44860639436839E-01
  1.48739701619611E+00 -1.35624341573569E+00  8.37699059527987E-01 -4.81148232793674E-01  2.01587008552123E-01
 -5.25618791271349E-02  7.46190947667927E-09 -4.11341226216001E-09  1.20248114437960E-09 -2.20073672904532E-09
 -2.54353344928491E-09  1.38931489889661E-09 -2.14803423282311E-10  6.22943380675589E-10  1.20760772530221E-08
 -6.75494111297404E-09  3.55658316548303E-09 -4.60567223642409E-09  3.38546126540660E-09 -1.80796824340203E-09
 -5.14143924553901E-10 -2.87321287314143E-10 -1.55345742499542E-08  8.63648177271762E-09 -3.71211881758312E-09
  5.35750735532393E-09
* ORBITAL    1   47
  1.29006402306368E-12  2.38639788755981E-12  7.26195512403526E-11 -2.65371255888168E-11  1.64580635320664E-09
 -2.46704751329065E-09  2.97953827047841E-08 -1.59330139678448E-09 -1.41020071821104E-07  2.23278782097647E-07
 -1.28103149282644E-07  4.06324542695994E-08 -2.97301103841697E-08  1.53067301092765E-08  1.05839480722247E-02
 -3.22245589706231E-02  6.22276957157027E-01 -1.43530685006593E+00  1.30874639488836E+00 -8.08361992150393E-01
  4.64297936738047E-01 -1.94527236838957E-01  5.07211061407447E-02  1.16030047246747E-02 -3.53272453683186E-02
  6.82191795391503E-01 -1.57350282598218E+00  1.43475671389291E+00 -8.86193679988242E-01  5.09002031726172E-01
 -2.13256933547039E-01  5.56046998525246E-02  1.96998608476603E-02 -5.99794456829139E-02  1.15824165488644E+00
 -2.67153098988259E+00  2.43596450542753E+00 -1.50460095519711E+00  8.64195893352918E-01 -3.62072752676916E-01
  9.44069971483837E-02 -5.41745100062542E-09  3.02654918265333E-09 -1.53874860502192E-09  2.02439416426899E-09
  3.00868355344232E-09 -1.60543593622167E-09 -4.49340389318505E-10 -2.71585788261512E-10 -1.91391323256722E-09
  1.13246147415571E-09 -1.61003054004098E-09  1.42252787930644E-09 -1.60660987137194E-08  8.96050294595814E-09
 -4.40282392686119E-09  5.91941551076754E-09 -1.06290062351520E-08  5.88923263017491E-09 -2.22015859337312E-09
  3.46125892351593E-09
* ORBITAL    1   48
 -1.43886712582834E-12  2.99511427069690E-11 -1.56550406772465E-10  1.11096077718836E-09 -4.22819243702572E-09
  2.14425789457869E-08 -6.58702416227928E-08  2.39487586453211E-07 -5.58755567625721E-07  7.77127886522163E-07
 -6.74908862719755E-07  4.09002746002715E-07 -1.70387339413920E-07  2.98954249099082E-08 -3.49705967854960E-03
  1.06473690181240E-02 -2.05607551584778E-01  4.74242094184239E-01 -4.32425047754771E-01  2.67092212051334E-01
 -1.53409442584747E-01  6.42740633316413E-02 -1.67588437961022E-02  2.22745022728169E-02 -6.78183618318589E-02
  1.30961617382770E+00 -3.02068240193674E+00  2.75432894017307E+00 -1.70124234450379E+00  9.77140581112277E-01
 -4.09393265827002E-01  1.06745366783776E-01 -1.12406102206610E-02  3.42238732500341E-02 -6.60885020789921E-01
  1.52435789788628E+00 -1.38994522582725E+00  8.58515339436934E-01 -4.93104451469372E-01  2.06596314058879E-01
 -5.38680069747722E-02 -1.67714873410635E-08  9.31501196182765E-09 -3.86779758183195E-09  5.69493301154330E-09
 -7.32186873578361E-09  4.11609611177947E-09 -2.73984604637861E-09  3.20407979988126E-09 -2.34960662474260E-09
  1.24699434444657E-09  5.18517458210297E-10  9.80925715279337E-11  8.66081638723647E-09 -4.82131292673029E-09
  2.24357292870712E-09 -3.10792873889846E-09 -3.47209143797206E-09  1.89547980285423E-09 -2.69302581865048E-10
  8.39302247553113E-10
* ORBITAL    1   49
  1.03284265821599E-04 -4.52254473012880E-04  7.29589554824277E-03 -2.29552164745384E-02  1.73608957422222E-01
 -4.86489197062501E-01  3.21214783600945E+00 -7.03948604820017E+00  7.57084656199514E+00 -5.08671032871679E+00
  2.94660008234417E+00 -1.56098595683547E+00  5.98408097750717E-01 -1.51357862393209E-01 -6.15780969735055E-09
  1.21072784733950E-07 -3.39639564259681E-07  2.70806990480752E-07 -1.97028402518465E-07  7.03446664962172E-08
 -7.96563655798072E-08  2.59311233317850E-08 -8.54782816497423E-09  1.32693433200457E-09 -2.68626429031644E-08
  7.50983056808769E-08 -6.00126503754808E-08  4.43899649980938E-08 -1.30340927960160E-08  1.86986841346434E-08
 -5.75113876855312E-09  2.22679796703137E-09 -1.64102004624652E-09  3.11995145869631E-08 -8.85402001804166E-08
  6.94867030445847E-08 -5.33838515981629E-08  1.40592029460947E-08 -2.30538865081639E-08  6.74296583632855E-09
 -2.03813922296204E-09  5.10064259437199E-14 -2.14718361972830E-12  1.72748710164467E-12  2.08864691428114E-12
  1.35137599854740E-11  1.95472404767123E-10 -1.79205406538462E-10 -2.34431459008570E-10  9.04834228919341E-11
 -2.76559223279403E-10  2.17326574726716E-10  8.28665963613201E-11 -2.31034562267281E-11 -3.33797781206957E-10
  3.05979937620719E-10  4.00111024475612E-10 -1.33755769048840E-10  4.86254803107828E-10 -5.09176590486252E-10
  2.92860307888316E-11
* ORBITAL    1   50
  6.46215595831979E-12 -1.03195637450667E-11  4.13632994928508E-10 -8.05085647117616E-10  9.14844292781434E-09
 -1.51288684075882E-08  1.92131978031704E-07 -4.49406758685546E-07  4.52944886159250E-07 -2.23128108840280E-07
  4.88610538029168E-08  6.04800244898398E-09 -6.35381332850248E-10 -8.58931330130211E-09  2.44568384642920E-02
 -6.53378598242822E-01  1.07030309049883E+00 -8.19265528223467E-01  5.28944237947436E-01 -3.33641307066803E-01
  1.70321946629054E-01 -7.75498531163489E-02  2.03680593657895E-02 -3.27918890395387E-02  8.76054294297152E-01
 -1.43506937670610E+00  1.09847657045918E+00 -7.09211892573086E-01  4.47348444059574E-01 -2.28368792527859E-01
  1.03979358904596E-01 -2.73096261942905E-02  4.79278818758731E-02 -1.28042110407992E+00  2.09746488217234E+00
 -1.60550846680930E+00  1.03656803603406E+00 -6.53834355072865E-01  3.33778657137583E-01 -1.51973876297282E-01
  3.99151310972372E-02 -5.28232423860971E-10 -9.37690015486548E-10  6.41503291854071E-10  1.51883884067314E-09
 -3.33547494442381E-10 -5.86510537216556E-10  1.71308020857972E-10  1.14409146230668E-09 -5.58965492663321E-11
 -2.17222782744092E-10  8.75269619634790E-10 -2.98351617489651E-10  7.05406081069111E-10  1.16575128393593E-09
 -3.54292813271491E-10 -2.29069277380980E-09  1.68644137352041E-10  2.40902265256641E-10  2.92081628054839E-11
 -5.74578661434766E-10
* ORBITAL    1   51
 -3.26365124024998E-12  1.17533848094737E-11 -2.24842641537573E-10  6.31830516913269E-10 -5.23375547299518E-09
  1.19298992065821E-08 -9.94325506368477E-08  2.43992011680038E-07 -2.99491858116182E-07  2.36008824845924E-07
 -1.45063918422675E-07  7.55451402050708E-08 -3.35181664030958E-08  1.07759282400194E-08 -2.66016986819339E-02
  7.10679779677542E-01 -1.16416846565670E+00  8.91114959330147E-01 -5.75332549060149E-01  3.62901585188929E-01
 -1.85259146652348E-01  8.43509598491928E-02 -2.21543340337239E-02 -5.25537933959096E-02  1.40400500462054E+00
 -2.29990833728511E+00  1.76046919337668E+00 -1.13661567875993E+00  7.16941237780003E-01 -3.65994350496113E-01
  1.66642112919228E-01 -4.37676654404945E-02 -2.23824768001233E-02  5.97960821442932E-01 -9.79522918473652E-01
  7.49777674818794E-01 -4.84080645215838E-01  3.05342769052520E-01 -1.55875716310044E-01  7.09722938744374E-02
 -1.86404957990210E-02 -5.55930282638387E-10 -9.11824158279813E-10  3.73302899670526E-10  1.71444202743296E-09
 -9.77578694296224E-11 -4.82963028939379E-11 -7.11106249249357E-10  7.47283701495280E-10 -3.57370862776345E-11
 -5.76979830550625E-11 -1.24389026978958E-10  2.32538655390369E-10 -3.87103524510643E-10 -6.16117065410008E-10
  2.40257967843286E-11  1.35627653248309E-09 -5.73003674193572E-10 -1.05457843088396E-09  8.45362213902044E-10
  1.59019527988290E-09
* ORBITAL    1   52
 -6.60247742001970E-12  9.28508258785742E-12 -4.18861341421631E-10  7.82312812631522E-10 -9.19582110711767E-09
  1.61690066107872E-08 -1.98555604377866E-07  4.40154936704017E-07 -3.93715568255145E-07  1.25974480262497E-07
  3.62097720059640E-08 -6.05838059733712E-08  2.71576990592694E-08  2.85464953848734E-09 -5.16211149992349E-02
  1.37908796738135E+00 -2.25909158567301E+00  1.72922594263050E+00 -1.11644402756109E+00  7.04217594554782E-01
 -3.59498977730589E-01  1.63684679464364E-01 -4.29909161605166E-02  1.15463264123531E-02 -3.08466791638424E-01
  5.05301147747218E-01 -3.86783721852741E-01  2.49720044114794E-01 -1.57515507905716E-01  8.04107536401989E-02
 -3.66120896619778E-02  9.61597074198318E-03  3.42413450061874E-02 -9.14777347131794E-01  1.49850180409493E+00
 -1.14703105001323E+00  7.40560238132043E-01 -4.67121984666723E-01  2.38463066431989E-01 -1.08575417264768E-01
  2.85167561475234E-02  3.76174820313723E-10  7.16408976534823E-10 -6.53479090336319E-10 -1.00519206201617E-09
 -1.07708693477811E-10 -2.53181893286696E-10  4.47037561132533E-10  1.56757481253669E-10  5.61755845827655E-10
  8.98824773434896E-10 -6.07285401172005E-11 -1.95556353145091E-09  2.44348798881569E-10  5.05697644558943E-10
 -8.95415401076302E-10 -3.32569591133405E-10 -6.10698159788056E-10 -1.02657490091498E-09  5.11783290511513E-10
  1.84399552697202E-09
* ORBITAL    1   53
 -1.13308071763392E-04  3.55081195183306E-03 -1.52283549482194E-02  1.32611203887146E-01 -4.62024564961145E-01
  3.27249277996065E+00 -5.68145631625179E+00  5.31892527618011E+00 -3.73464806227553E+00  2.42410956880131E+00
 -1.38554700373798E+00  6.77343613707686E-01 -3.02766000884282E-01  7.22076273626557E-02 -3.24470286731539E-09
  3.49180236379141E-08 -4.13720613600282E-09  1.20343544012232E-08 -3.62054987939671E-09  1.00740919381645E-08
  1.73922621412397E-09  1.09029475433160E-09 -7.14800026726152E-10  9.78733893962554E-10 -1.09831189233048E-08
  1.16578045751573E-09 -3.77353707620574E-09  1.15991461275336E-09 -2.90303473842491E-09 -4.73782977859555E-10
 -3.42074911768142E-10  2.82959979490215E-10 -1.24248296211877E-09  1.23920745221985E-08 -1.75206864460128E-09
  4.04561274118648E-09 -2.17870338393905E-09  2.09320459470568E-09 -3.29653933572927E-10  3.95316358678689E-10
 -1.54336053287204E-10  2.73787166806819E-14 -6.42203693708542E-13  5.15689825621961E-13  6.69820512608282E-13
  1.77698387103884E-12  5.93578336234542E-11 -5.40541836496505E-11 -7.49711109001369E-11  2.32204913611381E-11
 -7.82287281962193E-11  6.32765743264071E-11  2.80101957713120E-11 -3.04723247650970E-12 -1.01358590770627E-10
  9.22922541318437E-11  1.27955618730781E-10 -3.52791284344016E-11  1.39376175419636E-10 -1.51651254931373E-10
  5.95751904263519E-12
* ORBITAL    1   54
 -7.93778094541250E-13  1.39686560547595E-11 -7.98275271135403E-11  5.39864135095758E-10 -1.95142121467690E-09
  1.44723646525058E-08 -3.99155171706439E-08  5.36626131121252E-08 -3.94562876802035E-08  1.04895071420287E-08
  1.12147738859855E-08 -1.37540516596589E-08  4.37027459994363E-09  8.87775283616848E-10  1.01408527523114E+00
 -1.01396863321730E+00  7.86809433827773E-01 -5.69247132868836E-01  3.72967148783708E-01 -2.23194325699949E-01
  1.29365411057029E-01 -5.61351607919957E-02  1.49036096629642E-02 -2.44728525245070E-01  2.44700376539457E-01
 -1.89880198432679E-01  1.37376033091034E-01 -9.00079150032549E-02  5.38633378120130E-02 -3.12196679370651E-02
  1.35470604318441E-02 -3.59667825149508E-03  7.87314081401299E-01 -7.87223524140086E-01  6.10861989534760E-01
 -4.41951280230456E-01  2.89563705516860E-01 -1.73283290401589E-01  1.00436530716295E-01 -4.35821340475747E-02
  1.15708433423206E-02  4.95073164396983E-11  1.22981796130548E-10 -1.07119071489941E-10 -1.74132376338509E-10
  2.83832552520706E-11  7.02174194026262E-11 -4.54184569263357E-11 -1.12579132398616E-10  3.07091071836152E-11
  8.23134069694531E-11 -1.39817097735475E-10 -5.87200031285547E-11 -9.14323569562587E-11 -1.89329558847061E-10
 -9.58296844872413E-13  4.16217797705788E-10 -7.84628980478957E-11 -1.70790125182352E-10  7.99436258802772E-11
  3.05869201142494E-10
* ORBITAL    1   55
  1.27412358828972E-13 -1.60274357983094E-12  1.11822136580685E-11 -6.36483551604391E-11  2.54532732953676E-10
 -1.73473961036604E-09  6.11239306366871E-09 -1.03613850065301E-08  1.04503830300548E-08 -7.07991097323118E-09
  3.21945756659025E-09 -8.89957463281252E-10  4.85076403981540E-10 -4.33763931142613E-10 -6.45120834271177E-01
  6.45046629437593E-01 -5.00536956246339E-01  3.62132448224635E-01 -2.37266906634057E-01  1.41987378189589E-01
 -8.22971441441687E-02  3.57109630434113E-02 -9.48108543526817E-03 -1.01268417843660E+00  1.01256769653897E+00
 -7.85722351172021E-01  5.68460641759739E-01 -3.72451845026162E-01  2.22885950485388E-01 -1.29186672474834E-01
  5.60575999806763E-02 -1.48830185133967E-02  5.16153391563306E-01 -5.16094021888450E-01  4.00473577578064E-01
 -2.89737801525046E-01  1.89834388904229E-01 -1.13602385743783E-01  6.58449496698420E-02 -2.85719090344550E-02
  7.58570206674377E-03  6.69078387946243E-11  1.40030568715309E-10 -4.70736892262451E-11 -2.67941564568908E-10
  3.96303182458970E-11  8.15881166595364E-11  3.63244613418070E-11 -2.09155281670438E-10 -2.95378104019006E-11
 -4.98741512685924E-11 -5.74156733520766E-11  1.60723173427660E-10 -2.73570352861608E-11 -6.96239396271215E-11
  1.00860039245658E-10  6.49138075538167E-11  8.31885615824007E-11  1.97690841174255E-10 -1.46412972554610E-10
 -3.03853766954542E-10
* ORBITAL    1   56
  2.24286581962697E-14 -8.74052790036167E-13  1.78504335221344E-12 -2.42392299549800E-11 -2.11546045801785E-10
 -2.64354049196111E-09  1.14004570058441E-08 -1.16027346922041E-08 -4.25769304616743E-09  2.19739542579988E-08
 -2.71611280281350E-08  2.00198653468273E-08 -8.35329159857473E-09  1.10448735745775E-09 -5.13395191923985E-01
  5.13336137890644E-01 -3.98333541008863E-01  2.88189510081646E-01 -1.88819957445577E-01  1.12995323307489E-01
 -6.54930920234264E-02  2.84192290192923E-02 -7.54516584972542E-03  7.89115431035870E-01 -7.89024663284396E-01
  6.12259620532596E-01 -4.42962448211593E-01  2.90226215698327E-01 -1.73679757768363E-01  1.00666327200463E-01
 -4.36818488261304E-02  1.15973171537334E-02  9.06557595128485E-01 -9.06453318279591E-01  7.03380756081036E-01
 -5.08887489733562E-01  3.33419888469644E-01 -1.99528100088284E-01  1.15648255483957E-01 -5.01829137942881E-02
  1.33233181249294E-02 -8.11122116999279E-11 -1.86529477452950E-10  1.19775780436306E-10  3.03772467850041E-10
  6.28775148444267E-12  3.62385122498943E-11 -1.35148874669909E-10  4.05172930829135E-11 -6.42438525843623E-11
 -1.33495494096796E-10 -1.44753691872859E-11  3.04615713724952E-10 -6.35908435616778E-11 -1.48043068038756E-10
  1.29069360771288E-10  2.12390524036421E-10  2.07906411261370E-11  3.57747690633058E-11  1.39219192619389E-11
 -9.26766032072779E-11
* ORBITAL    1   57
  9.89817957934693E-04 -7.65243731168089E-03  8.11500738223511E-02 -3.75766438130013E-01  2.88049052847764E+00
 -4.33812767966421E+00  3.83985844910518E+00 -2.88706823239149E+00  1.99739431852290E+00 -1.25290684216051E+00
  7.25636957723675E-01 -3.74637560601331E-01  1.56915834059480E-01 -3.87430477705942E-02 -1.04760881784812E-09
 -3.24604206427144E-09 -2.58442628369782E-09 -1.78710616219751E-10 -7.00072576740899E-10 -1.69419156869608E-09
 -9.50057604288814E-10  4.76030362895328E-13 -6.43333576177822E-11  6.02936999215728E-10  1.91629660087038E-09
  1.49410256878094E-09  1.02658173696845E-10  3.71629398074414E-10  8.73562956116291E-10  5.00471769391770E-10
 -6.12008340720262E-13  2.91260725765588E-11  2.10753852076930E-10  7.64720784321880E-10  5.34044651526062E-10
  7.74676203760232E-12 -5.28582756448994E-11 -1.49813065392306E-10 -5.86043087813873E-11 -1.75331519840725E-13
 -6.92764774027048E-12  2.21160337469837E-15 -6.88587356348162E-14  5.45639150691338E-14  7.63818055472979E-14
  2.11110050459920E-13  6.47649146471269E-12 -5.88015864843194E-12 -8.45721850859836E-12  2.40511788162477E-12
 -8.49190626168830E-12  6.85436927026844E-12  3.21749915833892E-12 -3.61337591230980E-13 -1.10617512648723E-11
  1.00427182994239E-11  1.44329268577187E-11 -3.65427555396722E-12  1.51758285096741E-11 -1.65778396634191E-11
  5.22880274962998E-13
* ORBITAL    1   58
 -2.41114788657461E-03  4.11707935595355E-02 -2.73365987375004E-01  2.43408061010859E+00 -3.32141989212276E+00
  2.76039112529128E+00 -2.04992379288263E+00  1.49886023991262E+00 -1.03934375460054E+00  6.64035670733211E-01
 -3.87266886270078E-01  1.99130668459271E-01 -8.46958184939548E-02  2.08103472235888E-02 -4.20207992518594E-11
 -2.45004639030526E-10 -1.83255448022247E-10  2.16046700027229E-12  5.39391216291582E-11  1.22121576813434E-10
  6.78131806898514E-11  1.92072330766576E-12 -1.95637438437622E-12  8.37998933070045E-12  4.42719589076948E-11
  3.10418638670720E-11 -1.00631479558560E-11 -5.09508254178912E-11 -1.19725514928710E-10 -6.70354630864081E-11
 -1.46945291674733E-12  5.70771813872022E-13 -2.52195341130243E-11 -1.57255531843287E-10 -1.22381870335106E-10
 -2.28074133775976E-11 -6.74309064969072E-11 -1.63544925365767E-10 -9.17551739825777E-11 -1.40991630945702E-12
 -9.89578327115192E-13 -4.98772507667326E-16 -2.14703751140571E-15  2.66834840472996E-15  3.04260768949808E-15
  4.47508874104044E-15  2.81384759873712E-13 -2.57218831459962E-13 -3.58932847260040E-13  1.05839063081134E-13
 -3.62172742881242E-13  2.97097054424374E-13  1.35727314864035E-13 -5.98407135255996E-15 -4.81525612736203E-13
  4.39548612254950E-13  6.12723226732656E-13 -1.61491444063125E-13  6.46205002218538E-13 -7.16594585940455E-13
  2.55897414381643E-14
* ORBITAL    1   59
  1.42996188303777E-02 -1.67694649714485E-01  1.99487296529773E+00 -2.44570833484716E+00  1.90031452096208E+00
 -1.37199942794106E+00  1.00858072878615E+00 -7.46642762139223E-01  5.23304105755312E-01 -3.36266695873796E-01
  1.96795352797849E-01 -1.01444489243633E-01  4.31420192512910E-02 -1.06099523758058E-02 -8.04726302050044E-12
 -5.69126037121425E-11 -4.32103147583760E-11 -6.65288560820095E-13  8.61006061845511E-12  2.08255429509357E-11
  1.08647291774076E-11  3.55645473760288E-13  2.89484535680154E-15  7.56783335488786E-12  5.34073726779508E-11
  4.10452684457139E-11  2.20002045112493E-12 -9.81243825327907E-13 -2.50235285922609E-12 -7.30462961493747E-13
 -1.39038848278351E-13  4.14742825535582E-14  9.33725233427458E-12  6.58568981015782E-11  5.10654455286424E-11
  4.34643485665989E-12  5.92357006360559E-12  1.41535435487710E-11  8.65570824819085E-12  3.06938378284322E-14
  8.94496486752482E-14 -9.20550665905598E-16 -5.82231272975416E-17 -2.57848817082061E-17  3.22265268724013E-17
  1.53965588059764E-16  3.94003221742530E-15 -2.86353535109317E-15 -6.43196630179795E-15  6.68114876187009E-16
 -5.43458015309411E-15  4.21386650743812E-15  2.28967189387135E-15 -8.93437534052285E-16 -8.12300088767297E-15
  7.01120472900915E-15  9.84604171784585E-15 -1.73803077344752E-15  1.03248398908512E-14 -9.94279936303389E-15
  4.62775295713235E-16
* ORBITAL    1   60
 -7.52281081239624E-02  1.59432771252290E+00 -1.67591270973478E+00  1.20581196760092E+00 -8.47529632918902E-01
  6.14609307667799E-01 -4.58275765975346E-01  3.42386880724632E-01 -2.41153756597926E-01  1.55370505917786E-01
 -9.10478375577079E-02  4.69641420311005E-02 -1.99796454389687E-02  4.91429927721011E-03 -1.80387240589477E-12
 -1.30918431788493E-11 -1.00668786498030E-11 -1.54764681169755E-13  1.95291274043586E-12  4.74885705405824E-12
  2.47491369556053E-12  7.76286427344923E-14  7.73919069878362E-15 -7.33425725994679E-13 -5.32177450375290E-12
 -4.40891661212103E-12 -1.11045279303249E-12 -3.94337950428308E-12 -9.45158848946522E-12 -5.32052043745110E-12
 -9.14095235546305E-14 -3.82984002965830E-14 -2.89244096665019E-12 -2.10047328610213E-11 -1.67604587356405E-11
 -2.32109862999521E-12 -6.17348753587526E-12 -1.47835828354544E-11 -8.46843236549503E-12 -1.20735886150438E-13
 -6.92818292293509E-14  1.29067561268263E-16 -1.70859111710452E-16  8.85341319569099E-16 -7.41811455329248E-16
 -6.40412694721882E-16  1.36390365644564E-16  1.08977425506125E-15 -1.28776712517405E-15 -3.67315832617583E-16
 -1.81101142379184E-16  6.22719039808633E-16 -8.25706180623280E-17  1.85768112768776E-16 -7.54107074125301E-16
  4.41543838886445E-16  3.28711705712553E-16 -3.18096060677337E-16  6.58741519510932E-16 -7.29783961322613E-16
 -2.19733411059846E-16
* ORBITAL    1   61
  1.25985102069635E+00 -9.86118290814031E-01  6.37194709958274E-01 -4.34652692949268E-01  3.10443703132549E-01
 -2.28329825535995E-01  1.71534210323760E-01 -1.28620713592846E-01  9.07477425651119E-02 -5.85168532259844E-02
  3.43052829085991E-02 -1.76989593926635E-02  7.53022382157717E-03 -1.85226073959016E-03  4.84988548542282E-13
  3.55260507197835E-12  2.85961332167638E-12  4.53752277173534E-13  1.32109109091478E-12  3.16996343305036E-12
  1.80210482129317E-12  2.92733114760361E-14  1.33884041668000E-14 -9.77784246990836E-13 -7.14907464627556E-12
 -5.70972905126933E-12 -7.41248509754957E-13 -1.90571708939891E-12 -4.54257442477930E-12 -2.61759789215403E-12
 -3.52299943783956E-14 -2.15781951888675E-14 -1.22355232855024E-12 -8.94906765874855E-12 -7.13876638383647E-12
 -8.94961045456407E-13 -2.23664661088292E-12 -5.33265211048251E-12 -3.07874531976322E-12 -3.83799983917058E-14
 -2.68916591992372E-14 -8.53153249831356E-16  1.07578315947827E-15 -1.11699310118067E-15  1.68342892899393E-17
 -8.93407338667078E-16  3.63691764563820E-16  1.17044039129848E-15 -8.64899001831175E-16  3.46848663940463E-16
  2.53322227059890E-16 -4.78146486709416E-17  7.26558568764957E-16 -1.18649286796022E-15  1.66556970406020E-15
 -1.79455320129437E-15  7.88213888592831E-16  1.17904226503400E-15 -6.22334589343424E-16 -1.73648005540958E-16
  1.73209882221146E-16
#OCC
* OCCUPATION NUMBERS
  1.99686926129104E+00  1.80733103830043E+00  6.30256603694646E-04  6.30256611570235E-04  6.30256619192249E-04
  1.25085452476004E-03  6.42193573243706E-02  6.42193585748568E-02  6.42193601500866E-02  0.00000000000000E+00
  0.00000000000000E+00  0.00000000000000E+00  0.00000000000000E+00  0.00000000000000E+00  0.00000000000000E+00
  0.00000000000000E+00  0.00000000000000E+00  0.00000000000000E+00  0.00000000000000E+00  0.00000000000000E+00
  0.00000000000000E+00  0.00000000000000E+00  0.00000000000000E+00  0.00000000000000E+00  0.00000000000000E+00
  0.00000000000000E+00  0.00000000000000E+00  0.00000000000000E+00  0.00000000000000E+00  0.00000000000000E+00
  0.00000000000000E+00  0.00000000000000E+00  0.00000000000000E+00  0.00000000000000E+00  0.00000000000000E+00
  0.00000000000000E+00  0.00000000000000E+00  0.00000000000000E+00  0.00000000000000E+00  0.00000000000000E+00
  0.00000000000000E+00  0.00000000000000E+00  0.00000000000000E+00  0.00000000000000E+00  0.00000000000000E+00
  0.00000000000000E+00  0.00000000000000E+00  0.00000000000000E+00  0.00000000000000E+00  0.00000000000000E+00
  0.00000000000000E+00  0.00000000000000E+00  0.00000000000000E+00  0.00000000000000E+00  0.00000000000000E+00
  0.00000000000000E+00  0.00000000000000E+00  0.00000000000000E+00  0.00000000000000E+00  0.00000000000000E+00
  0.00000000000000E+00
#OCHR
* OCCUPATION NUMBERS (HUMAN-READABLE)
  1.9969  1.8073  0.0006  0.0006  0.0006  0.0013  0.0642  0.0642  0.0642  0.0000
  0.0000  0.0000  0.0000  0.0000  0.0000  0.0000  0.0000  0.0000  0.0000  0.0000
  0.0000  0.0000  0.0000  0.0000  0.0000  0.0000  0.0000  0.0000  0.0000  0.0000
  0.0000  0.0000  0.0000  0.0000  0.0000  0.0000  0.0000  0.0000  0.0000  0.0000
  0.0000  0.0000  0.0000  0.0000  0.0000  0.0000  0.0000  0.0000  0.0000  0.0000
  0.0000  0.0000  0.0000  0.0000  0.0000  0.0000  0.0000  0.0000  0.0000  0.0000
  0.0000
#ONE
* ONE ELECTRON ENERGIES
  0.0000E+00  0.0000E+00  0.0000E+00  0.0000E+00  0.0000E+00  0.0000E+00  0.0000E+00  0.0000E+00  0.0000E+00  2.7466E-02
  2.7466E-02  2.7466E-02  3.9008E-02  1.3524E-01  1.3524E-01  1.3524E-01  1.8410E-01  1.8410E-01  1.8410E-01  1.8410E-01
  1.8410E-01  2.5737E-01  5.1155E-01  5.1155E-01  5.1155E-01  6.0298E-01  6.0298E-01  6.0298E-01  6.0298E-01  6.0298E-01
  1.1054E+00  1.6734E+00  1.6734E+00  1.6734E+00  1.7499E+00  1.7499E+00  1.7499E+00  1.7499E+00  1.7499E+00  4.3251E+00
  5.1856E+00  5.1856E+00  5.1856E+00  5.1856E+00  5.1856E+00  5.6385E+00  5.6385E+00  5.6385E+00  1.6832E+01  2.1883E+01
  2.1883E+01  2.1883E+01  5.6210E+01  9.3765E+01  9.3765E+01  9.3765E+01  1.7037E+02  5.4033E+02  1.8891E+03  7.8204E+03
  4.5816E+04
#INDEX
* 1234567890
0 222222222s
1 ssssssssss
2 ssssssssss
3 ssssssssss
4 ssssssssss
5 ssssssssss
6 s
